,date,CS,ADM0_EN,ADM1_EN,ADM2_EN,ML1,ML2,admin1Name_en,admin2Name_en,Total,adjusted_population,CS_1,CS_2,CS_3,CS_4,CS_5,pop_CS,ML1_1,ML1_2,ML1_3,ML1_4,ML1_5,pop_ML1,ML2_1,ML2_2,ML2_3,ML2_4,ML2_5,pop_ML2
0,2009-07-01,4.0,Ethiopia,Somali,Afder,4.0,4.0,Somali,Afder,654828,497985,0.0,0.0,0.0,497985.0,0.0,497985.0,0.0,0.0,0.0,497985.0,0.0,497985.0,0.0,0.0,0.0,497985.0,0.0,497985.0
1,2009-07-01,3.0,Ethiopia,SNNP,Alle,3.0,3.0,SNNP,Alle,81190,61743,0.0,0.0,61743.0,0.0,0.0,61743.0,0.0,0.0,61743.0,0.0,0.0,61743.0,0.0,0.0,61743.0,0.0,0.0,61743.0
2,2009-07-01,3.0,Ethiopia,SNNP,Amaro,3.0,3.0,SNNP,Amaro,195252,148485,0.0,0.0,148485.0,0.0,0.0,148485.0,0.0,0.0,148485.0,0.0,0.0,148485.0,0.0,0.0,148485.0,0.0,0.0,148485.0
3,2009-07-01,3.0,Ethiopia,Oromia,Arsi,3.0,3.0,Oromia,Arsi,3645492,2772332,0.0,0.0,2772332.0,0.0,0.0,2772332.0,0.0,0.0,2772332.0,0.0,0.0,2772332.0,0.0,0.0,2772332.0,0.0,0.0,2772332.0
4,2009-07-01,4.0,Ethiopia,Oromia,Bale,4.0,4.0,Oromia,Bale,1887498,1435409,0.0,0.0,0.0,1435409.0,0.0,1435409.0,0.0,0.0,0.0,1435409.0,0.0,1435409.0,0.0,0.0,0.0,1435409.0,0.0,1435409.0
5,2009-07-01,4.0,Ethiopia,Oromia,Borena,4.0,3.0,Oromia,Borena,545493,414837,0.0,0.0,0.0,414837.0,0.0,414837.0,0.0,0.0,0.0,414837.0,0.0,414837.0,0.0,0.0,414837.0,0.0,0.0,414837.0
6,2009-07-01,3.0,Ethiopia,Oromia,Buno Bedele,3.0,2.0,Oromia,Buno Bedele,809088,615297,0.0,0.0,615297.0,0.0,0.0,615297.0,0.0,0.0,615297.0,0.0,0.0,615297.0,0.0,615297.0,0.0,0.0,0.0,615297.0
7,2009-07-01,3.0,Ethiopia,SNNP,Burji,3.0,3.0,SNNP,Burji,71728,54547,0.0,0.0,54547.0,0.0,0.0,54547.0,0.0,0.0,54547.0,0.0,0.0,54547.0,0.0,0.0,54547.0,0.0,0.0,54547.0
8,2009-07-01,3.0,Ethiopia,Tigray,Central,3.0,2.0,Tigray,Central,1384454,1052853,0.0,0.0,1052853.0,0.0,0.0,1052853.0,0.0,0.0,1052853.0,0.0,0.0,1052853.0,0.0,1052853.0,0.0,0.0,0.0,1052853.0
9,2009-07-01,3.0,Ethiopia,Amhara,Central Gondar,3.0,2.0,Amhara,Central Gondar,2719899,2068435,0.0,0.0,2068435.0,0.0,0.0,2068435.0,0.0,0.0,2068435.0,0.0,0.0,2068435.0,0.0,2068435.0,0.0,0.0,0.0,2068435.0
10,2009-07-01,3.0,Ethiopia,Somali,Daawa,4.0,3.0,Somali,Daawa,457130,347639,0.0,0.0,347639.0,0.0,0.0,347639.0,0.0,0.0,0.0,347639.0,0.0,347639.0,0.0,0.0,347639.0,0.0,0.0,347639.0
11,2009-07-01,3.0,Ethiopia,SNNP,Dawuro,3.0,2.0,SNNP,Dawuro,643931,489698,0.0,0.0,489698.0,0.0,0.0,489698.0,0.0,0.0,489698.0,0.0,0.0,489698.0,0.0,489698.0,0.0,0.0,0.0,489698.0
12,2009-07-01,3.0,Ethiopia,SNNP,Derashe,3.0,3.0,SNNP,Derashe,107301,81600,0.0,0.0,81600.0,0.0,0.0,81600.0,0.0,0.0,81600.0,0.0,0.0,81600.0,0.0,0.0,81600.0,0.0,0.0,81600.0
13,2009-07-01,3.0,Ethiopia,Dire Dawa,Dire Dawa rural,3.0,2.0,Dire Dawa,Dire Dawa rural,188933,143680,0.0,0.0,143680.0,0.0,0.0,143680.0,0.0,0.0,143680.0,0.0,0.0,143680.0,0.0,143680.0,0.0,0.0,0.0,143680.0
14,2009-07-01,3.0,Ethiopia,Amhara,East Gojam,3.0,2.0,Amhara,East Gojam,2672621,2032481,0.0,0.0,2032481.0,0.0,0.0,2032481.0,0.0,0.0,2032481.0,0.0,0.0,2032481.0,0.0,2032481.0,0.0,0.0,0.0,2032481.0
15,2009-07-01,4.0,Ethiopia,Oromia,East Hararge,4.0,4.0,Oromia,East Hararge,3739861,2844098,0.0,0.0,0.0,2844098.0,0.0,2844098.0,0.0,0.0,0.0,2844098.0,0.0,2844098.0,0.0,0.0,0.0,2844098.0,0.0,2844098.0
16,2009-07-01,3.0,Ethiopia,Oromia,East Shewa,3.0,2.0,Oromia,East Shewa,2234419,1699236,0.0,0.0,1699236.0,0.0,0.0,1699236.0,0.0,0.0,1699236.0,0.0,0.0,1699236.0,0.0,1699236.0,0.0,0.0,0.0,1699236.0
17,2009-07-01,3.0,Ethiopia,Oromia,East Wellega,3.0,2.0,Oromia,East Wellega,1693681,1288014,0.0,0.0,1288014.0,0.0,0.0,1288014.0,0.0,0.0,1288014.0,0.0,0.0,1288014.0,0.0,1288014.0,0.0,0.0,0.0,1288014.0
18,2009-07-01,3.0,Ethiopia,Tigray,Eastern,3.0,3.0,Tigray,Eastern,940053,714893,0.0,0.0,714893.0,0.0,0.0,714893.0,0.0,0.0,714893.0,0.0,0.0,714893.0,0.0,0.0,714893.0,0.0,0.0,714893.0
19,2009-07-01,4.0,Ethiopia,Somali,Erer,4.0,4.0,Somali,Erer,268901,204494,0.0,0.0,0.0,204494.0,0.0,204494.0,0.0,0.0,0.0,204494.0,0.0,204494.0,0.0,0.0,0.0,204494.0,0.0,204494.0
20,2009-07-01,4.0,Ethiopia,Somali,Fafan,4.0,4.0,Somali,Fafan,1242707,945056,0.0,0.0,0.0,945056.0,0.0,945056.0,0.0,0.0,0.0,945056.0,0.0,945056.0,0.0,0.0,0.0,945056.0,0.0,945056.0
21,2009-07-01,3.0,Ethiopia,SNNP,Gamo,3.0,3.0,SNNP,Gamo,1462777,1112416,0.0,0.0,1112416.0,0.0,0.0,1112416.0,0.0,0.0,1112416.0,0.0,0.0,1112416.0,0.0,0.0,1112416.0,0.0,0.0,1112416.0
22,2009-07-01,3.0,Ethiopia,SNNP,Gedeo,3.0,3.0,SNNP,Gedeo,1131834,860739,0.0,0.0,860739.0,0.0,0.0,860739.0,0.0,0.0,860739.0,0.0,0.0,860739.0,0.0,0.0,860739.0,0.0,0.0,860739.0
23,2009-07-01,3.0,Ethiopia,SNNP,Gofa,3.0,3.0,SNNP,Gofa,623589,474228,0.0,0.0,474228.0,0.0,0.0,474228.0,0.0,0.0,474228.0,0.0,0.0,474228.0,0.0,0.0,474228.0,0.0,0.0,474228.0
24,2009-07-01,3.0,Ethiopia,Oromia,Guji,3.0,3.0,Oromia,Guji,1482472,1127394,0.0,0.0,1127394.0,0.0,0.0,1127394.0,0.0,0.0,1127394.0,0.0,0.0,1127394.0,0.0,0.0,1127394.0,0.0,0.0,1127394.0
25,2009-07-01,3.0,Ethiopia,SNNP,Guraghe,3.0,2.0,SNNP,Guraghe,1882107,1431309,0.0,0.0,1431309.0,0.0,0.0,1431309.0,0.0,0.0,1431309.0,0.0,0.0,1431309.0,0.0,1431309.0,0.0,0.0,0.0,1431309.0
26,2009-07-01,3.0,Ethiopia,SNNP,Hadiya,3.0,2.0,SNNP,Hadiya,1700138,1292925,0.0,0.0,1292925.0,0.0,0.0,1292925.0,0.0,0.0,1292925.0,0.0,0.0,1292925.0,0.0,1292925.0,0.0,0.0,0.0,1292925.0
27,2009-07-01,3.0,Ethiopia,SNNP,Halaba Special,3.0,2.0,SNNP,Halaba Special,658130,500496,0.0,0.0,500496.0,0.0,0.0,500496.0,0.0,0.0,500496.0,0.0,0.0,500496.0,0.0,500496.0,0.0,0.0,0.0,500496.0
28,2009-07-01,3.0,Ethiopia,Harari,Harari,3.0,2.0,Harari,Harari,260022,197742,0.0,0.0,197742.0,0.0,0.0,197742.0,0.0,0.0,197742.0,0.0,0.0,197742.0,0.0,197742.0,0.0,0.0,0.0,197742.0
29,2009-07-01,4.0,Ethiopia,Somali,Jarar,4.0,4.0,Somali,Jarar,641077,487527,0.0,0.0,0.0,487527.0,0.0,487527.0,0.0,0.0,0.0,487527.0,0.0,487527.0,0.0,0.0,0.0,487527.0,0.0,487527.0
30,2009-07-01,3.0,Ethiopia,Oromia,Jimma,3.0,2.0,Oromia,Jimma,3672640,2792978,0.0,0.0,2792978.0,0.0,0.0,2792978.0,0.0,0.0,2792978.0,0.0,0.0,2792978.0,0.0,2792978.0,0.0,0.0,0.0,2792978.0
31,2009-07-01,3.0,Ethiopia,Benishangul Gumz,Kemashi,3.0,2.0,Benishangul Gumz,Kemashi,150986,114822,0.0,0.0,114822.0,0.0,0.0,114822.0,0.0,0.0,114822.0,0.0,0.0,114822.0,0.0,114822.0,0.0,0.0,0.0,114822.0
32,2009-07-01,3.0,Ethiopia,SNNP,Kembata Tibaro,3.0,2.0,SNNP,Kembata Tibaro,911347,693063,0.0,0.0,693063.0,0.0,0.0,693063.0,0.0,0.0,693063.0,0.0,0.0,693063.0,0.0,693063.0,0.0,0.0,0.0,693063.0
33,2009-07-01,3.0,Ethiopia,SNNP,Konso,3.0,3.0,SNNP,Konso,284360,216250,0.0,0.0,216250.0,0.0,0.0,216250.0,0.0,0.0,216250.0,0.0,0.0,216250.0,0.0,0.0,216250.0,0.0,0.0,216250.0
34,2009-07-01,3.0,Ethiopia,Somali,Liban,4.0,3.0,Somali,Liban,505190,384188,0.0,0.0,384188.0,0.0,0.0,384188.0,0.0,0.0,0.0,384188.0,0.0,384188.0,0.0,0.0,384188.0,0.0,0.0,384188.0
35,2009-07-01,3.0,Ethiopia,Tigray,Mekele Special,3.0,2.0,Tigray,Mekele Special,418327,318130,0.0,0.0,318130.0,0.0,0.0,318130.0,0.0,0.0,318130.0,0.0,0.0,318130.0,0.0,318130.0,0.0,0.0,0.0,318130.0
36,2009-07-01,3.0,Ethiopia,SNNP,Mirab Omo,3.0,3.0,SNNP,Mirab Omo,262515,199638,0.0,0.0,199638.0,0.0,0.0,199638.0,0.0,0.0,199638.0,0.0,0.0,199638.0,0.0,0.0,199638.0,0.0,0.0,199638.0
37,2009-07-01,4.0,Ethiopia,Somali,Nogob,4.0,4.0,Somali,Nogob,217220,165192,0.0,0.0,0.0,165192.0,0.0,165192.0,0.0,0.0,0.0,165192.0,0.0,165192.0,0.0,0.0,0.0,165192.0,0.0,165192.0
38,2009-07-01,3.0,Ethiopia,Amhara,North Gondar,3.0,2.0,Amhara,North Gondar,889977,676811,0.0,0.0,676811.0,0.0,0.0,676811.0,0.0,0.0,676811.0,0.0,0.0,676811.0,0.0,676811.0,0.0,0.0,0.0,676811.0
39,2009-07-01,3.0,Ethiopia,Amhara,North Shewa,3.0,2.0,Amhara,North Shewa,2293091,1743855,0.0,0.0,1743855.0,0.0,0.0,1743855.0,0.0,0.0,1743855.0,0.0,0.0,1743855.0,0.0,1743855.0,0.0,0.0,0.0,1743855.0
40,2009-07-01,3.0,Ethiopia,Amhara,North Wello,3.0,3.0,Amhara,North Wello,1740337,1323495,0.0,0.0,1323495.0,0.0,0.0,1323495.0,0.0,0.0,1323495.0,0.0,0.0,1323495.0,0.0,0.0,1323495.0,0.0,0.0,1323495.0
41,2009-07-01,3.0,Ethiopia,Tigray,North Western,3.0,2.0,Tigray,North Western,893262,679310,0.0,0.0,679310.0,0.0,0.0,679310.0,0.0,0.0,679310.0,0.0,0.0,679310.0,0.0,679310.0,0.0,0.0,0.0,679310.0
42,2009-07-01,4.0,Ethiopia,Gambela,Nuwer,4.0,4.0,Gambela,Nuwer,166901,126925,0.0,0.0,0.0,126925.0,0.0,126925.0,0.0,0.0,0.0,126925.0,0.0,126925.0,0.0,0.0,0.0,126925.0,0.0,126925.0
43,2009-07-01,3.0,Ethiopia,Amhara,Oromia,3.0,3.0,Amhara,Oromia,569808,433329,0.0,0.0,433329.0,0.0,0.0,433329.0,0.0,0.0,433329.0,0.0,0.0,433329.0,0.0,0.0,433329.0,0.0,0.0,433329.0
44,2009-07-01,4.0,Ethiopia,Somali,Shabelle,4.0,4.0,Somali,Shabelle,647430,492359,0.0,0.0,0.0,492359.0,0.0,492359.0,0.0,0.0,0.0,492359.0,0.0,492359.0,0.0,0.0,0.0,492359.0,0.0,492359.0
45,2009-07-01,3.0,Ethiopia,SNNP,Sidama,3.0,3.0,SNNP,Sidama,4212331,3203404,0.0,0.0,3203404.0,0.0,0.0,3203404.0,0.0,0.0,3203404.0,0.0,0.0,3203404.0,0.0,0.0,3203404.0,0.0,0.0,3203404.0
46,2009-07-01,3.0,Ethiopia,SNNP,Siltie,3.0,2.0,SNNP,Siltie,1051444,799604,0.0,0.0,799604.0,0.0,0.0,799604.0,0.0,0.0,799604.0,0.0,0.0,799604.0,0.0,799604.0,0.0,0.0,0.0,799604.0
47,2009-07-01,3.0,Ethiopia,Somali,Siti,3.0,2.0,Somali,Siti,644214,489913,0.0,0.0,489913.0,0.0,0.0,489913.0,0.0,0.0,489913.0,0.0,0.0,489913.0,0.0,489913.0,0.0,0.0,0.0,489913.0
48,2009-07-01,3.0,Ethiopia,Tigray,South Eastern,3.0,3.0,Tigray,South Eastern,528199,401686,0.0,0.0,401686.0,0.0,0.0,401686.0,0.0,0.0,401686.0,0.0,0.0,401686.0,0.0,0.0,401686.0,0.0,0.0,401686.0
49,2009-07-01,3.0,Ethiopia,Amhara,South Gondar,3.0,3.0,Amhara,South Gondar,2526963,1921711,0.0,0.0,1921711.0,0.0,0.0,1921711.0,0.0,0.0,1921711.0,0.0,0.0,1921711.0,0.0,0.0,1921711.0,0.0,0.0,1921711.0
50,2009-07-01,4.0,Ethiopia,SNNP,South Omo,4.0,3.0,SNNP,South Omo,754134,573505,0.0,0.0,0.0,573505.0,0.0,573505.0,0.0,0.0,0.0,573505.0,0.0,573505.0,0.0,0.0,573505.0,0.0,0.0,573505.0
51,2009-07-01,3.0,Ethiopia,Amhara,South Wello,3.0,3.0,Amhara,South Wello,3246827,2469155,0.0,0.0,2469155.0,0.0,0.0,2469155.0,0.0,0.0,2469155.0,0.0,0.0,2469155.0,0.0,0.0,2469155.0,0.0,0.0,2469155.0
52,2009-07-01,3.0,Ethiopia,Oromia,South West Shewa,3.0,2.0,Oromia,South West Shewa,1264234,961427,0.0,0.0,961427.0,0.0,0.0,961427.0,0.0,0.0,961427.0,0.0,0.0,961427.0,0.0,961427.0,0.0,0.0,0.0,961427.0
53,2009-07-01,3.0,Ethiopia,Tigray,Southern,3.0,3.0,Tigray,Southern,752344,572144,0.0,0.0,572144.0,0.0,0.0,572144.0,0.0,0.0,572144.0,0.0,0.0,572144.0,0.0,0.0,572144.0,0.0,0.0,572144.0
54,2009-07-01,3.0,Ethiopia,Amhara,Wag Hamra,3.0,3.0,Amhara,Wag Hamra,516457,392756,0.0,0.0,392756.0,0.0,0.0,392756.0,0.0,0.0,392756.0,0.0,0.0,392756.0,0.0,0.0,392756.0,0.0,0.0,392756.0
55,2009-07-01,3.0,Ethiopia,Oromia,West Arsi,3.0,3.0,Oromia,West Arsi,2868933,2181773,0.0,0.0,2181773.0,0.0,0.0,2181773.0,0.0,0.0,2181773.0,0.0,0.0,2181773.0,0.0,0.0,2181773.0,0.0,0.0,2181773.0
56,2009-07-01,3.0,Ethiopia,Oromia,West Guji,3.0,3.0,Oromia,West Guji,1223292,930292,0.0,0.0,930292.0,0.0,0.0,930292.0,0.0,0.0,930292.0,0.0,0.0,930292.0,0.0,0.0,930292.0,0.0,0.0,930292.0
57,2009-07-01,3.0,Ethiopia,Oromia,West Hararge,3.0,3.0,Oromia,West Hararge,2568661,1953421,0.0,0.0,1953421.0,0.0,0.0,1953421.0,0.0,0.0,1953421.0,0.0,0.0,1953421.0,0.0,0.0,1953421.0,0.0,0.0,1953421.0
58,2009-07-01,3.0,Ethiopia,Oromia,West Wellega,3.0,2.0,Oromia,West Wellega,1880222,1429875,0.0,0.0,1429875.0,0.0,0.0,1429875.0,0.0,0.0,1429875.0,0.0,0.0,1429875.0,0.0,1429875.0,0.0,0.0,0.0,1429875.0
59,2009-07-01,3.0,Ethiopia,Tigray,Western,3.0,2.0,Tigray,Western,440553,335032,0.0,0.0,335032.0,0.0,0.0,335032.0,0.0,0.0,335032.0,0.0,0.0,335032.0,0.0,335032.0,0.0,0.0,0.0,335032.0
60,2009-07-01,3.0,Ethiopia,SNNP,Wolayita,3.0,2.0,SNNP,Wolayita,1999292,1520426,0.0,0.0,1520426.0,0.0,0.0,1520426.0,0.0,0.0,1520426.0,0.0,0.0,1520426.0,0.0,1520426.0,0.0,0.0,0.0,1520426.0
61,2009-07-01,3.0,Ethiopia,SNNP,Yem Special,3.0,2.0,SNNP,Yem Special,102526,77969,0.0,0.0,77969.0,0.0,0.0,77969.0,0.0,0.0,77969.0,0.0,0.0,77969.0,0.0,77969.0,0.0,0.0,0.0,77969.0
62,2009-07-01,3.0,Ethiopia,Afar,Zone 1 (Awsi Rasu),3.0,3.0,Afar,Zone 1 (Awsi Rasu),643036,489017,0.0,0.0,489017.0,0.0,0.0,489017.0,0.0,0.0,489017.0,0.0,0.0,489017.0,0.0,0.0,489017.0,0.0,0.0,489017.0
63,2009-07-01,3.0,Ethiopia,Afar,Zone 2 (Kilbet Rasu),3.0,3.0,Afar,Zone 2 (Kilbet Rasu),493764,375498,0.0,0.0,375498.0,0.0,0.0,375498.0,0.0,0.0,375498.0,0.0,0.0,375498.0,0.0,0.0,375498.0,0.0,0.0,375498.0
64,2009-07-01,3.0,Ethiopia,Afar,Zone 3 (Gabi Rasu),3.0,2.0,Afar,Zone 3 (Gabi Rasu),281357,213967,0.0,0.0,213967.0,0.0,0.0,213967.0,0.0,0.0,213967.0,0.0,0.0,213967.0,0.0,213967.0,0.0,0.0,0.0,213967.0
65,2009-07-01,3.0,Ethiopia,Afar,Zone 4 (Fantana Rasu),3.0,3.0,Afar,Zone 4 (Fantana Rasu),276855,210543,0.0,0.0,210543.0,0.0,0.0,210543.0,0.0,0.0,210543.0,0.0,0.0,210543.0,0.0,0.0,210543.0,0.0,0.0,210543.0
66,2009-07-01,3.0,Ethiopia,Afar,Zone 5 (Hari Rasu),3.0,2.0,Afar,Zone 5 (Hari Rasu),209402,159246,0.0,0.0,159246.0,0.0,0.0,159246.0,0.0,0.0,159246.0,0.0,0.0,159246.0,0.0,159246.0,0.0,0.0,0.0,159246.0
67,2009-07-01,4.0,Ethiopia,Gambela,Agnewak,4.0,4.0,Gambela,Agnewak,164054,124760,0.0,0.0,0.0,124760.0,0.0,124760.0,0.0,0.0,0.0,124760.0,0.0,124760.0,0.0,0.0,0.0,124760.0,0.0,124760.0
68,2009-07-01,4.0,Ethiopia,Somali,Doolo,4.0,4.0,Somali,Doolo,425824,323831,0.0,0.0,0.0,323831.0,0.0,323831.0,0.0,0.0,0.0,323831.0,0.0,323831.0,0.0,0.0,0.0,323831.0,0.0,323831.0
69,2009-07-01,4.0,Ethiopia,Somali,Korahe,4.0,4.0,Somali,Korahe,511890,389283,0.0,0.0,0.0,389283.0,0.0,389283.0,0.0,0.0,0.0,389283.0,0.0,389283.0,0.0,0.0,0.0,389283.0,0.0,389283.0
70,2009-07-01,2.0,Ethiopia,Oromia,Finfine Special,2.0,2.0,Oromia,Finfine Special,1040106,790982,0.0,790982.0,0.0,0.0,0.0,790982.0,0.0,790982.0,0.0,0.0,0.0,790982.0,0.0,790982.0,0.0,0.0,0.0,790982.0
71,2009-07-01,1.0,Ethiopia,Addis Ababa,Region 14,1.0,1.0,Addis Ababa,Region 14,3585647,2726821,2726821.0,0.0,0.0,0.0,0.0,2726821.0,2726821.0,0.0,0.0,0.0,0.0,2726821.0,2726821.0,0.0,0.0,0.0,0.0,2726821.0
72,2009-07-01,1.0,Ethiopia,Amhara,West Gojam,1.0,1.0,Amhara,West Gojam,2894095,2200908,2200908.0,0.0,0.0,0.0,0.0,2200908.0,2200908.0,0.0,0.0,0.0,0.0,2200908.0,2200908.0,0.0,0.0,0.0,0.0,2200908.0
73,2009-07-01,2.0,Ethiopia,SNNP,Basketo,3.0,3.0,SNNP,Basketo,75512,57425,0.0,57425.0,0.0,0.0,0.0,57425.0,0.0,0.0,57425.0,0.0,0.0,57425.0,0.0,0.0,57425.0,0.0,0.0,57425.0
74,2009-07-01,2.0,Ethiopia,SNNP,Bench Maji,3.0,2.0,SNNP,Bench Maji,603595,459023,0.0,459023.0,0.0,0.0,0.0,459023.0,0.0,0.0,459023.0,0.0,0.0,459023.0,0.0,459023.0,0.0,0.0,0.0,459023.0
75,2009-07-01,2.0,Ethiopia,Gambela,Etang Special woreda,3.0,2.0,Gambela,Etang Special woreda,50260,38221,0.0,38221.0,0.0,0.0,0.0,38221.0,0.0,0.0,38221.0,0.0,0.0,38221.0,0.0,38221.0,0.0,0.0,0.0,38221.0
76,2009-07-01,2.0,Ethiopia,Oromia,Ilu Aba Bora,3.0,2.0,Oromia,Ilu Aba Bora,953178,724875,0.0,724875.0,0.0,0.0,0.0,724875.0,0.0,0.0,724875.0,0.0,0.0,724875.0,0.0,724875.0,0.0,0.0,0.0,724875.0
77,2009-07-01,2.0,Ethiopia,SNNP,Kefa,3.0,3.0,SNNP,Kefa,1053546,801203,0.0,801203.0,0.0,0.0,0.0,801203.0,0.0,0.0,801203.0,0.0,0.0,801203.0,0.0,0.0,801203.0,0.0,0.0,801203.0
78,2009-07-01,2.0,Ethiopia,SNNP,Konta Special,3.0,3.0,SNNP,Konta Special,119904,91184,0.0,91184.0,0.0,0.0,0.0,91184.0,0.0,0.0,91184.0,0.0,0.0,91184.0,0.0,0.0,91184.0,0.0,0.0,91184.0
79,2009-07-01,2.0,Ethiopia,Gambela,Mejenger,3.0,2.0,Gambela,Mejenger,81617,62068,0.0,62068.0,0.0,0.0,0.0,62068.0,0.0,0.0,62068.0,0.0,0.0,62068.0,0.0,62068.0,0.0,0.0,0.0,62068.0
80,2009-07-01,2.0,Ethiopia,Benishangul Gumz,Asosa,2.0,2.0,Benishangul Gumz,Asosa,402287,305932,0.0,305932.0,0.0,0.0,0.0,305932.0,0.0,305932.0,0.0,0.0,0.0,305932.0,0.0,305932.0,0.0,0.0,0.0,305932.0
81,2009-07-01,2.0,Ethiopia,Dire Dawa,Dire Dawa urban,2.0,2.0,Dire Dawa,Dire Dawa urban,319985,243342,0.0,243342.0,0.0,0.0,0.0,243342.0,0.0,243342.0,0.0,0.0,0.0,243342.0,0.0,243342.0,0.0,0.0,0.0,243342.0
82,2009-07-01,2.0,Ethiopia,Oromia,Horo Gudru Wellega,2.0,2.0,Oromia,Horo Gudru Wellega,791731,602097,0.0,602097.0,0.0,0.0,0.0,602097.0,0.0,602097.0,0.0,0.0,0.0,602097.0,0.0,602097.0,0.0,0.0,0.0,602097.0
83,2009-07-01,2.0,Ethiopia,Oromia,Kelem Wellega,2.0,2.0,Oromia,Kelem Wellega,1141498,868089,0.0,868089.0,0.0,0.0,0.0,868089.0,0.0,868089.0,0.0,0.0,0.0,868089.0,0.0,868089.0,0.0,0.0,0.0,868089.0
84,2009-07-01,2.0,Ethiopia,Benishangul Gumz,Mao Komo Special,2.0,2.0,Benishangul Gumz,Mao Komo Special,70414,53548,0.0,53548.0,0.0,0.0,0.0,53548.0,0.0,53548.0,0.0,0.0,0.0,53548.0,0.0,53548.0,0.0,0.0,0.0,53548.0
85,2009-07-01,2.0,Ethiopia,Benishangul Gumz,Metekel,2.0,2.0,Benishangul Gumz,Metekel,479162,364394,0.0,364394.0,0.0,0.0,0.0,364394.0,0.0,364394.0,0.0,0.0,0.0,364394.0,0.0,364394.0,0.0,0.0,0.0,364394.0
86,2009-07-01,2.0,Ethiopia,Oromia,North Shewa,2.0,2.0,Oromia,North Shewa,1626893,1237223,0.0,1237223.0,0.0,0.0,0.0,1237223.0,0.0,1237223.0,0.0,0.0,0.0,1237223.0,0.0,1237223.0,0.0,0.0,0.0,1237223.0
87,2009-07-01,1.0,Ethiopia,SNNP,Sheka,1.0,1.0,SNNP,Sheka,274212,208533,208533.0,0.0,0.0,0.0,0.0,208533.0,208533.0,0.0,0.0,0.0,0.0,208533.0,208533.0,0.0,0.0,0.0,0.0,208533.0
88,2009-07-01,2.0,Ethiopia,Oromia,West Shewa,2.0,2.0,Oromia,West Shewa,2773901,2109503,0.0,2109503.0,0.0,0.0,0.0,2109503.0,0.0,2109503.0,0.0,0.0,0.0,2109503.0,0.0,2109503.0,0.0,0.0,0.0,2109503.0
89,2009-07-01,1.0,Ethiopia,Amhara,Awi,1.0,1.0,Amhara,Awi,1338704,1018060,1018060.0,0.0,0.0,0.0,0.0,1018060.0,1018060.0,0.0,0.0,0.0,0.0,1018060.0,1018060.0,0.0,0.0,0.0,0.0,1018060.0
90,2009-07-01,1.0,Ethiopia,Amhara,West Gondar,1.0,1.0,Amhara,West Gondar,381393,290042,290042.0,0.0,0.0,0.0,0.0,290042.0,290042.0,0.0,0.0,0.0,0.0,290042.0,290042.0,0.0,0.0,0.0,0.0,290042.0
91,2009-10-01,4.0,Ethiopia,Somali,Afder,4.0,4.0,Somali,Afder,654828,497985,0.0,0.0,0.0,497985.0,0.0,497985.0,0.0,0.0,0.0,497985.0,0.0,497985.0,0.0,0.0,0.0,497985.0,0.0,497985.0
92,2009-10-01,3.0,Ethiopia,SNNP,Alle,3.0,3.0,SNNP,Alle,81190,61743,0.0,0.0,61743.0,0.0,0.0,61743.0,0.0,0.0,61743.0,0.0,0.0,61743.0,0.0,0.0,61743.0,0.0,0.0,61743.0
93,2009-10-01,3.0,Ethiopia,SNNP,Amaro,3.0,3.0,SNNP,Amaro,195252,148485,0.0,0.0,148485.0,0.0,0.0,148485.0,0.0,0.0,148485.0,0.0,0.0,148485.0,0.0,0.0,148485.0,0.0,0.0,148485.0
94,2009-10-01,3.0,Ethiopia,Oromia,Arsi,2.0,2.0,Oromia,Arsi,3645492,2772332,0.0,0.0,2772332.0,0.0,0.0,2772332.0,0.0,2772332.0,0.0,0.0,0.0,2772332.0,0.0,2772332.0,0.0,0.0,0.0,2772332.0
95,2009-10-01,4.0,Ethiopia,Oromia,Bale,3.0,3.0,Oromia,Bale,1887498,1435409,0.0,0.0,0.0,1435409.0,0.0,1435409.0,0.0,0.0,1435409.0,0.0,0.0,1435409.0,0.0,0.0,1435409.0,0.0,0.0,1435409.0
96,2009-10-01,4.0,Ethiopia,Oromia,Borena,3.0,3.0,Oromia,Borena,545493,414837,0.0,0.0,0.0,414837.0,0.0,414837.0,0.0,0.0,414837.0,0.0,0.0,414837.0,0.0,0.0,414837.0,0.0,0.0,414837.0
97,2009-10-01,3.0,Ethiopia,Oromia,Buno Bedele,1.0,1.0,Oromia,Buno Bedele,809088,615297,0.0,0.0,615297.0,0.0,0.0,615297.0,615297.0,0.0,0.0,0.0,0.0,615297.0,615297.0,0.0,0.0,0.0,0.0,615297.0
98,2009-10-01,3.0,Ethiopia,SNNP,Burji,3.0,3.0,SNNP,Burji,71728,54547,0.0,0.0,54547.0,0.0,0.0,54547.0,0.0,0.0,54547.0,0.0,0.0,54547.0,0.0,0.0,54547.0,0.0,0.0,54547.0
99,2009-10-01,3.0,Ethiopia,Tigray,Central,2.0,2.0,Tigray,Central,1384454,1052853,0.0,0.0,1052853.0,0.0,0.0,1052853.0,0.0,1052853.0,0.0,0.0,0.0,1052853.0,0.0,1052853.0,0.0,0.0,0.0,1052853.0
100,2009-10-01,3.0,Ethiopia,Amhara,Central Gondar,2.0,2.0,Amhara,Central Gondar,2719899,2068435,0.0,0.0,2068435.0,0.0,0.0,2068435.0,0.0,2068435.0,0.0,0.0,0.0,2068435.0,0.0,2068435.0,0.0,0.0,0.0,2068435.0
101,2009-10-01,4.0,Ethiopia,Somali,Daawa,3.0,3.0,Somali,Daawa,457130,347639,0.0,0.0,0.0,347639.0,0.0,347639.0,0.0,0.0,347639.0,0.0,0.0,347639.0,0.0,0.0,347639.0,0.0,0.0,347639.0
102,2009-10-01,3.0,Ethiopia,SNNP,Dawuro,2.0,2.0,SNNP,Dawuro,643931,489698,0.0,0.0,489698.0,0.0,0.0,489698.0,0.0,489698.0,0.0,0.0,0.0,489698.0,0.0,489698.0,0.0,0.0,0.0,489698.0
103,2009-10-01,3.0,Ethiopia,SNNP,Derashe,3.0,3.0,SNNP,Derashe,107301,81600,0.0,0.0,81600.0,0.0,0.0,81600.0,0.0,0.0,81600.0,0.0,0.0,81600.0,0.0,0.0,81600.0,0.0,0.0,81600.0
104,2009-10-01,3.0,Ethiopia,Dire Dawa,Dire Dawa rural,2.0,3.0,Dire Dawa,Dire Dawa rural,188933,143680,0.0,0.0,143680.0,0.0,0.0,143680.0,0.0,143680.0,0.0,0.0,0.0,143680.0,0.0,0.0,143680.0,0.0,0.0,143680.0
105,2009-10-01,3.0,Ethiopia,Amhara,East Gojam,2.0,2.0,Amhara,East Gojam,2672621,2032481,0.0,0.0,2032481.0,0.0,0.0,2032481.0,0.0,2032481.0,0.0,0.0,0.0,2032481.0,0.0,2032481.0,0.0,0.0,0.0,2032481.0
106,2009-10-01,4.0,Ethiopia,Oromia,East Hararge,3.0,3.0,Oromia,East Hararge,3739861,2844098,0.0,0.0,0.0,2844098.0,0.0,2844098.0,0.0,0.0,2844098.0,0.0,0.0,2844098.0,0.0,0.0,2844098.0,0.0,0.0,2844098.0
107,2009-10-01,3.0,Ethiopia,Oromia,East Shewa,2.0,3.0,Oromia,East Shewa,2234419,1699236,0.0,0.0,1699236.0,0.0,0.0,1699236.0,0.0,1699236.0,0.0,0.0,0.0,1699236.0,0.0,0.0,1699236.0,0.0,0.0,1699236.0
108,2009-10-01,3.0,Ethiopia,Oromia,East Wellega,2.0,2.0,Oromia,East Wellega,1693681,1288014,0.0,0.0,1288014.0,0.0,0.0,1288014.0,0.0,1288014.0,0.0,0.0,0.0,1288014.0,0.0,1288014.0,0.0,0.0,0.0,1288014.0
109,2009-10-01,3.0,Ethiopia,Tigray,Eastern,2.0,3.0,Tigray,Eastern,940053,714893,0.0,0.0,714893.0,0.0,0.0,714893.0,0.0,714893.0,0.0,0.0,0.0,714893.0,0.0,0.0,714893.0,0.0,0.0,714893.0
110,2009-10-01,4.0,Ethiopia,Somali,Erer,3.0,3.0,Somali,Erer,268901,204494,0.0,0.0,0.0,204494.0,0.0,204494.0,0.0,0.0,204494.0,0.0,0.0,204494.0,0.0,0.0,204494.0,0.0,0.0,204494.0
111,2009-10-01,4.0,Ethiopia,Somali,Fafan,3.0,3.0,Somali,Fafan,1242707,945056,0.0,0.0,0.0,945056.0,0.0,945056.0,0.0,0.0,945056.0,0.0,0.0,945056.0,0.0,0.0,945056.0,0.0,0.0,945056.0
112,2009-10-01,3.0,Ethiopia,SNNP,Gamo,3.0,3.0,SNNP,Gamo,1462777,1112416,0.0,0.0,1112416.0,0.0,0.0,1112416.0,0.0,0.0,1112416.0,0.0,0.0,1112416.0,0.0,0.0,1112416.0,0.0,0.0,1112416.0
113,2009-10-01,3.0,Ethiopia,SNNP,Gedeo,2.0,2.0,SNNP,Gedeo,1131834,860739,0.0,0.0,860739.0,0.0,0.0,860739.0,0.0,860739.0,0.0,0.0,0.0,860739.0,0.0,860739.0,0.0,0.0,0.0,860739.0
114,2009-10-01,3.0,Ethiopia,SNNP,Gofa,2.0,2.0,SNNP,Gofa,623589,474228,0.0,0.0,474228.0,0.0,0.0,474228.0,0.0,474228.0,0.0,0.0,0.0,474228.0,0.0,474228.0,0.0,0.0,0.0,474228.0
115,2009-10-01,3.0,Ethiopia,Oromia,Guji,3.0,3.0,Oromia,Guji,1482472,1127394,0.0,0.0,1127394.0,0.0,0.0,1127394.0,0.0,0.0,1127394.0,0.0,0.0,1127394.0,0.0,0.0,1127394.0,0.0,0.0,1127394.0
116,2009-10-01,3.0,Ethiopia,SNNP,Guraghe,2.0,2.0,SNNP,Guraghe,1882107,1431309,0.0,0.0,1431309.0,0.0,0.0,1431309.0,0.0,1431309.0,0.0,0.0,0.0,1431309.0,0.0,1431309.0,0.0,0.0,0.0,1431309.0
117,2009-10-01,3.0,Ethiopia,SNNP,Hadiya,2.0,2.0,SNNP,Hadiya,1700138,1292925,0.0,0.0,1292925.0,0.0,0.0,1292925.0,0.0,1292925.0,0.0,0.0,0.0,1292925.0,0.0,1292925.0,0.0,0.0,0.0,1292925.0
118,2009-10-01,3.0,Ethiopia,SNNP,Halaba Special,2.0,2.0,SNNP,Halaba Special,658130,500496,0.0,0.0,500496.0,0.0,0.0,500496.0,0.0,500496.0,0.0,0.0,0.0,500496.0,0.0,500496.0,0.0,0.0,0.0,500496.0
119,2009-10-01,3.0,Ethiopia,Harari,Harari,2.0,2.0,Harari,Harari,260022,197742,0.0,0.0,197742.0,0.0,0.0,197742.0,0.0,197742.0,0.0,0.0,0.0,197742.0,0.0,197742.0,0.0,0.0,0.0,197742.0
120,2009-10-01,4.0,Ethiopia,Somali,Jarar,3.0,3.0,Somali,Jarar,641077,487527,0.0,0.0,0.0,487527.0,0.0,487527.0,0.0,0.0,487527.0,0.0,0.0,487527.0,0.0,0.0,487527.0,0.0,0.0,487527.0
121,2009-10-01,3.0,Ethiopia,Oromia,Jimma,2.0,2.0,Oromia,Jimma,3672640,2792978,0.0,0.0,2792978.0,0.0,0.0,2792978.0,0.0,2792978.0,0.0,0.0,0.0,2792978.0,0.0,2792978.0,0.0,0.0,0.0,2792978.0
122,2009-10-01,3.0,Ethiopia,Benishangul Gumz,Kemashi,1.0,1.0,Benishangul Gumz,Kemashi,150986,114822,0.0,0.0,114822.0,0.0,0.0,114822.0,114822.0,0.0,0.0,0.0,0.0,114822.0,114822.0,0.0,0.0,0.0,0.0,114822.0
123,2009-10-01,3.0,Ethiopia,SNNP,Kembata Tibaro,2.0,2.0,SNNP,Kembata Tibaro,911347,693063,0.0,0.0,693063.0,0.0,0.0,693063.0,0.0,693063.0,0.0,0.0,0.0,693063.0,0.0,693063.0,0.0,0.0,0.0,693063.0
124,2009-10-01,3.0,Ethiopia,SNNP,Konso,3.0,3.0,SNNP,Konso,284360,216250,0.0,0.0,216250.0,0.0,0.0,216250.0,0.0,0.0,216250.0,0.0,0.0,216250.0,0.0,0.0,216250.0,0.0,0.0,216250.0
125,2009-10-01,4.0,Ethiopia,Somali,Liban,4.0,4.0,Somali,Liban,505190,384188,0.0,0.0,0.0,384188.0,0.0,384188.0,0.0,0.0,0.0,384188.0,0.0,384188.0,0.0,0.0,0.0,384188.0,0.0,384188.0
126,2009-10-01,3.0,Ethiopia,Tigray,Mekele Special,2.0,2.0,Tigray,Mekele Special,418327,318130,0.0,0.0,318130.0,0.0,0.0,318130.0,0.0,318130.0,0.0,0.0,0.0,318130.0,0.0,318130.0,0.0,0.0,0.0,318130.0
127,2009-10-01,3.0,Ethiopia,SNNP,Mirab Omo,3.0,3.0,SNNP,Mirab Omo,262515,199638,0.0,0.0,199638.0,0.0,0.0,199638.0,0.0,0.0,199638.0,0.0,0.0,199638.0,0.0,0.0,199638.0,0.0,0.0,199638.0
128,2009-10-01,4.0,Ethiopia,Somali,Nogob,3.0,3.0,Somali,Nogob,217220,165192,0.0,0.0,0.0,165192.0,0.0,165192.0,0.0,0.0,165192.0,0.0,0.0,165192.0,0.0,0.0,165192.0,0.0,0.0,165192.0
129,2009-10-01,3.0,Ethiopia,Amhara,North Gondar,2.0,2.0,Amhara,North Gondar,889977,676811,0.0,0.0,676811.0,0.0,0.0,676811.0,0.0,676811.0,0.0,0.0,0.0,676811.0,0.0,676811.0,0.0,0.0,0.0,676811.0
130,2009-10-01,3.0,Ethiopia,Amhara,North Shewa,2.0,3.0,Amhara,North Shewa,2293091,1743855,0.0,0.0,1743855.0,0.0,0.0,1743855.0,0.0,1743855.0,0.0,0.0,0.0,1743855.0,0.0,0.0,1743855.0,0.0,0.0,1743855.0
131,2009-10-01,3.0,Ethiopia,Amhara,North Wello,2.0,3.0,Amhara,North Wello,1740337,1323495,0.0,0.0,1323495.0,0.0,0.0,1323495.0,0.0,1323495.0,0.0,0.0,0.0,1323495.0,0.0,0.0,1323495.0,0.0,0.0,1323495.0
132,2009-10-01,3.0,Ethiopia,Tigray,North Western,2.0,2.0,Tigray,North Western,893262,679310,0.0,0.0,679310.0,0.0,0.0,679310.0,0.0,679310.0,0.0,0.0,0.0,679310.0,0.0,679310.0,0.0,0.0,0.0,679310.0
133,2009-10-01,4.0,Ethiopia,Gambela,Nuwer,3.0,3.0,Gambela,Nuwer,166901,126925,0.0,0.0,0.0,126925.0,0.0,126925.0,0.0,0.0,126925.0,0.0,0.0,126925.0,0.0,0.0,126925.0,0.0,0.0,126925.0
134,2009-10-01,3.0,Ethiopia,Amhara,Oromia,2.0,3.0,Amhara,Oromia,569808,433329,0.0,0.0,433329.0,0.0,0.0,433329.0,0.0,433329.0,0.0,0.0,0.0,433329.0,0.0,0.0,433329.0,0.0,0.0,433329.0
135,2009-10-01,4.0,Ethiopia,Somali,Shabelle,4.0,4.0,Somali,Shabelle,647430,492359,0.0,0.0,0.0,492359.0,0.0,492359.0,0.0,0.0,0.0,492359.0,0.0,492359.0,0.0,0.0,0.0,492359.0,0.0,492359.0
136,2009-10-01,3.0,Ethiopia,SNNP,Sidama,2.0,2.0,SNNP,Sidama,4212331,3203404,0.0,0.0,3203404.0,0.0,0.0,3203404.0,0.0,3203404.0,0.0,0.0,0.0,3203404.0,0.0,3203404.0,0.0,0.0,0.0,3203404.0
137,2009-10-01,3.0,Ethiopia,SNNP,Siltie,2.0,2.0,SNNP,Siltie,1051444,799604,0.0,0.0,799604.0,0.0,0.0,799604.0,0.0,799604.0,0.0,0.0,0.0,799604.0,0.0,799604.0,0.0,0.0,0.0,799604.0
138,2009-10-01,3.0,Ethiopia,Somali,Siti,3.0,3.0,Somali,Siti,644214,489913,0.0,0.0,489913.0,0.0,0.0,489913.0,0.0,0.0,489913.0,0.0,0.0,489913.0,0.0,0.0,489913.0,0.0,0.0,489913.0
139,2009-10-01,3.0,Ethiopia,Tigray,South Eastern,2.0,3.0,Tigray,South Eastern,528199,401686,0.0,0.0,401686.0,0.0,0.0,401686.0,0.0,401686.0,0.0,0.0,0.0,401686.0,0.0,0.0,401686.0,0.0,0.0,401686.0
140,2009-10-01,3.0,Ethiopia,Amhara,South Gondar,2.0,2.0,Amhara,South Gondar,2526963,1921711,0.0,0.0,1921711.0,0.0,0.0,1921711.0,0.0,1921711.0,0.0,0.0,0.0,1921711.0,0.0,1921711.0,0.0,0.0,0.0,1921711.0
141,2009-10-01,4.0,Ethiopia,SNNP,South Omo,3.0,3.0,SNNP,South Omo,754134,573505,0.0,0.0,0.0,573505.0,0.0,573505.0,0.0,0.0,573505.0,0.0,0.0,573505.0,0.0,0.0,573505.0,0.0,0.0,573505.0
142,2009-10-01,3.0,Ethiopia,Amhara,South Wello,2.0,3.0,Amhara,South Wello,3246827,2469155,0.0,0.0,2469155.0,0.0,0.0,2469155.0,0.0,2469155.0,0.0,0.0,0.0,2469155.0,0.0,0.0,2469155.0,0.0,0.0,2469155.0
143,2009-10-01,3.0,Ethiopia,Oromia,South West Shewa,2.0,2.0,Oromia,South West Shewa,1264234,961427,0.0,0.0,961427.0,0.0,0.0,961427.0,0.0,961427.0,0.0,0.0,0.0,961427.0,0.0,961427.0,0.0,0.0,0.0,961427.0
144,2009-10-01,3.0,Ethiopia,Tigray,Southern,2.0,3.0,Tigray,Southern,752344,572144,0.0,0.0,572144.0,0.0,0.0,572144.0,0.0,572144.0,0.0,0.0,0.0,572144.0,0.0,0.0,572144.0,0.0,0.0,572144.0
145,2009-10-01,3.0,Ethiopia,Amhara,Wag Hamra,2.0,2.0,Amhara,Wag Hamra,516457,392756,0.0,0.0,392756.0,0.0,0.0,392756.0,0.0,392756.0,0.0,0.0,0.0,392756.0,0.0,392756.0,0.0,0.0,0.0,392756.0
146,2009-10-01,3.0,Ethiopia,Oromia,West Arsi,2.0,2.0,Oromia,West Arsi,2868933,2181773,0.0,0.0,2181773.0,0.0,0.0,2181773.0,0.0,2181773.0,0.0,0.0,0.0,2181773.0,0.0,2181773.0,0.0,0.0,0.0,2181773.0
147,2009-10-01,3.0,Ethiopia,Oromia,West Guji,3.0,3.0,Oromia,West Guji,1223292,930292,0.0,0.0,930292.0,0.0,0.0,930292.0,0.0,0.0,930292.0,0.0,0.0,930292.0,0.0,0.0,930292.0,0.0,0.0,930292.0
148,2009-10-01,3.0,Ethiopia,Oromia,West Hararge,2.0,3.0,Oromia,West Hararge,2568661,1953421,0.0,0.0,1953421.0,0.0,0.0,1953421.0,0.0,1953421.0,0.0,0.0,0.0,1953421.0,0.0,0.0,1953421.0,0.0,0.0,1953421.0
149,2009-10-01,3.0,Ethiopia,Oromia,West Wellega,1.0,1.0,Oromia,West Wellega,1880222,1429875,0.0,0.0,1429875.0,0.0,0.0,1429875.0,1429875.0,0.0,0.0,0.0,0.0,1429875.0,1429875.0,0.0,0.0,0.0,0.0,1429875.0
150,2009-10-01,3.0,Ethiopia,Tigray,Western,2.0,2.0,Tigray,Western,440553,335032,0.0,0.0,335032.0,0.0,0.0,335032.0,0.0,335032.0,0.0,0.0,0.0,335032.0,0.0,335032.0,0.0,0.0,0.0,335032.0
151,2009-10-01,3.0,Ethiopia,SNNP,Wolayita,2.0,2.0,SNNP,Wolayita,1999292,1520426,0.0,0.0,1520426.0,0.0,0.0,1520426.0,0.0,1520426.0,0.0,0.0,0.0,1520426.0,0.0,1520426.0,0.0,0.0,0.0,1520426.0
152,2009-10-01,3.0,Ethiopia,SNNP,Yem Special,2.0,2.0,SNNP,Yem Special,102526,77969,0.0,0.0,77969.0,0.0,0.0,77969.0,0.0,77969.0,0.0,0.0,0.0,77969.0,0.0,77969.0,0.0,0.0,0.0,77969.0
153,2009-10-01,3.0,Ethiopia,Afar,Zone 1 (Awsi Rasu),3.0,3.0,Afar,Zone 1 (Awsi Rasu),643036,489017,0.0,0.0,489017.0,0.0,0.0,489017.0,0.0,0.0,489017.0,0.0,0.0,489017.0,0.0,0.0,489017.0,0.0,0.0,489017.0
154,2009-10-01,3.0,Ethiopia,Afar,Zone 2 (Kilbet Rasu),2.0,3.0,Afar,Zone 2 (Kilbet Rasu),493764,375498,0.0,0.0,375498.0,0.0,0.0,375498.0,0.0,375498.0,0.0,0.0,0.0,375498.0,0.0,0.0,375498.0,0.0,0.0,375498.0
155,2009-10-01,3.0,Ethiopia,Afar,Zone 3 (Gabi Rasu),2.0,3.0,Afar,Zone 3 (Gabi Rasu),281357,213967,0.0,0.0,213967.0,0.0,0.0,213967.0,0.0,213967.0,0.0,0.0,0.0,213967.0,0.0,0.0,213967.0,0.0,0.0,213967.0
156,2009-10-01,3.0,Ethiopia,Afar,Zone 4 (Fantana Rasu),2.0,3.0,Afar,Zone 4 (Fantana Rasu),276855,210543,0.0,0.0,210543.0,0.0,0.0,210543.0,0.0,210543.0,0.0,0.0,0.0,210543.0,0.0,0.0,210543.0,0.0,0.0,210543.0
157,2009-10-01,3.0,Ethiopia,Afar,Zone 5 (Hari Rasu),2.0,3.0,Afar,Zone 5 (Hari Rasu),209402,159246,0.0,0.0,159246.0,0.0,0.0,159246.0,0.0,159246.0,0.0,0.0,0.0,159246.0,0.0,0.0,159246.0,0.0,0.0,159246.0
158,2009-10-01,4.0,Ethiopia,Gambela,Agnewak,3.0,3.0,Gambela,Agnewak,164054,124760,0.0,0.0,0.0,124760.0,0.0,124760.0,0.0,0.0,124760.0,0.0,0.0,124760.0,0.0,0.0,124760.0,0.0,0.0,124760.0
159,2009-10-01,4.0,Ethiopia,Somali,Doolo,4.0,4.0,Somali,Doolo,425824,323831,0.0,0.0,0.0,323831.0,0.0,323831.0,0.0,0.0,0.0,323831.0,0.0,323831.0,0.0,0.0,0.0,323831.0,0.0,323831.0
160,2009-10-01,4.0,Ethiopia,Somali,Korahe,3.0,3.0,Somali,Korahe,511890,389283,0.0,0.0,0.0,389283.0,0.0,389283.0,0.0,0.0,389283.0,0.0,0.0,389283.0,0.0,0.0,389283.0,0.0,0.0,389283.0
161,2009-10-01,2.0,Ethiopia,Oromia,Finfine Special,2.0,2.0,Oromia,Finfine Special,1040106,790982,0.0,790982.0,0.0,0.0,0.0,790982.0,0.0,790982.0,0.0,0.0,0.0,790982.0,0.0,790982.0,0.0,0.0,0.0,790982.0
162,2009-10-01,1.0,Ethiopia,Addis Ababa,Region 14,1.0,1.0,Addis Ababa,Region 14,3585647,2726821,2726821.0,0.0,0.0,0.0,0.0,2726821.0,2726821.0,0.0,0.0,0.0,0.0,2726821.0,2726821.0,0.0,0.0,0.0,0.0,2726821.0
163,2009-10-01,1.0,Ethiopia,Amhara,West Gojam,1.0,1.0,Amhara,West Gojam,2894095,2200908,2200908.0,0.0,0.0,0.0,0.0,2200908.0,2200908.0,0.0,0.0,0.0,0.0,2200908.0,2200908.0,0.0,0.0,0.0,0.0,2200908.0
164,2009-10-01,3.0,Ethiopia,SNNP,Basketo,2.0,2.0,SNNP,Basketo,75512,57425,0.0,0.0,57425.0,0.0,0.0,57425.0,0.0,57425.0,0.0,0.0,0.0,57425.0,0.0,57425.0,0.0,0.0,0.0,57425.0
165,2009-10-01,3.0,Ethiopia,SNNP,Bench Maji,3.0,3.0,SNNP,Bench Maji,603595,459023,0.0,0.0,459023.0,0.0,0.0,459023.0,0.0,0.0,459023.0,0.0,0.0,459023.0,0.0,0.0,459023.0,0.0,0.0,459023.0
166,2009-10-01,3.0,Ethiopia,Gambela,Etang Special woreda,3.0,3.0,Gambela,Etang Special woreda,50260,38221,0.0,0.0,38221.0,0.0,0.0,38221.0,0.0,0.0,38221.0,0.0,0.0,38221.0,0.0,0.0,38221.0,0.0,0.0,38221.0
167,2009-10-01,3.0,Ethiopia,Oromia,Ilu Aba Bora,3.0,3.0,Oromia,Ilu Aba Bora,953178,724875,0.0,0.0,724875.0,0.0,0.0,724875.0,0.0,0.0,724875.0,0.0,0.0,724875.0,0.0,0.0,724875.0,0.0,0.0,724875.0
168,2009-10-01,3.0,Ethiopia,SNNP,Kefa,2.0,2.0,SNNP,Kefa,1053546,801203,0.0,0.0,801203.0,0.0,0.0,801203.0,0.0,801203.0,0.0,0.0,0.0,801203.0,0.0,801203.0,0.0,0.0,0.0,801203.0
169,2009-10-01,3.0,Ethiopia,SNNP,Konta Special,2.0,2.0,SNNP,Konta Special,119904,91184,0.0,0.0,91184.0,0.0,0.0,91184.0,0.0,91184.0,0.0,0.0,0.0,91184.0,0.0,91184.0,0.0,0.0,0.0,91184.0
170,2009-10-01,3.0,Ethiopia,Gambela,Mejenger,3.0,3.0,Gambela,Mejenger,81617,62068,0.0,0.0,62068.0,0.0,0.0,62068.0,0.0,0.0,62068.0,0.0,0.0,62068.0,0.0,0.0,62068.0,0.0,0.0,62068.0
171,2009-10-01,2.0,Ethiopia,Benishangul Gumz,Asosa,1.0,1.0,Benishangul Gumz,Asosa,402287,305932,0.0,305932.0,0.0,0.0,0.0,305932.0,305932.0,0.0,0.0,0.0,0.0,305932.0,305932.0,0.0,0.0,0.0,0.0,305932.0
172,2009-10-01,2.0,Ethiopia,Dire Dawa,Dire Dawa urban,2.0,2.0,Dire Dawa,Dire Dawa urban,319985,243342,0.0,243342.0,0.0,0.0,0.0,243342.0,0.0,243342.0,0.0,0.0,0.0,243342.0,0.0,243342.0,0.0,0.0,0.0,243342.0
173,2009-10-01,2.0,Ethiopia,Oromia,Horo Gudru Wellega,2.0,2.0,Oromia,Horo Gudru Wellega,791731,602097,0.0,602097.0,0.0,0.0,0.0,602097.0,0.0,602097.0,0.0,0.0,0.0,602097.0,0.0,602097.0,0.0,0.0,0.0,602097.0
174,2009-10-01,2.0,Ethiopia,Oromia,Kelem Wellega,1.0,2.0,Oromia,Kelem Wellega,1141498,868089,0.0,868089.0,0.0,0.0,0.0,868089.0,868089.0,0.0,0.0,0.0,0.0,868089.0,0.0,868089.0,0.0,0.0,0.0,868089.0
175,2009-10-01,2.0,Ethiopia,Benishangul Gumz,Mao Komo Special,2.0,2.0,Benishangul Gumz,Mao Komo Special,70414,53548,0.0,53548.0,0.0,0.0,0.0,53548.0,0.0,53548.0,0.0,0.0,0.0,53548.0,0.0,53548.0,0.0,0.0,0.0,53548.0
176,2009-10-01,2.0,Ethiopia,Benishangul Gumz,Metekel,1.0,1.0,Benishangul Gumz,Metekel,479162,364394,0.0,364394.0,0.0,0.0,0.0,364394.0,364394.0,0.0,0.0,0.0,0.0,364394.0,364394.0,0.0,0.0,0.0,0.0,364394.0
177,2009-10-01,2.0,Ethiopia,Oromia,North Shewa,2.0,2.0,Oromia,North Shewa,1626893,1237223,0.0,1237223.0,0.0,0.0,0.0,1237223.0,0.0,1237223.0,0.0,0.0,0.0,1237223.0,0.0,1237223.0,0.0,0.0,0.0,1237223.0
178,2009-10-01,1.0,Ethiopia,SNNP,Sheka,1.0,1.0,SNNP,Sheka,274212,208533,208533.0,0.0,0.0,0.0,0.0,208533.0,208533.0,0.0,0.0,0.0,0.0,208533.0,208533.0,0.0,0.0,0.0,0.0,208533.0
179,2009-10-01,2.0,Ethiopia,Oromia,West Shewa,2.0,2.0,Oromia,West Shewa,2773901,2109503,0.0,2109503.0,0.0,0.0,0.0,2109503.0,0.0,2109503.0,0.0,0.0,0.0,2109503.0,0.0,2109503.0,0.0,0.0,0.0,2109503.0
180,2009-10-01,1.0,Ethiopia,Amhara,Awi,1.0,1.0,Amhara,Awi,1338704,1018060,1018060.0,0.0,0.0,0.0,0.0,1018060.0,1018060.0,0.0,0.0,0.0,0.0,1018060.0,1018060.0,0.0,0.0,0.0,0.0,1018060.0
181,2009-10-01,1.0,Ethiopia,Amhara,West Gondar,1.0,1.0,Amhara,West Gondar,381393,290042,290042.0,0.0,0.0,0.0,0.0,290042.0,290042.0,0.0,0.0,0.0,0.0,290042.0,290042.0,0.0,0.0,0.0,0.0,290042.0
182,2010-01-01,4.0,Ethiopia,Somali,Afder,4.0,4.0,Somali,Afder,654828,512042,0.0,0.0,0.0,512042.0,0.0,512042.0,0.0,0.0,0.0,512042.0,0.0,512042.0,0.0,0.0,0.0,512042.0,0.0,512042.0
183,2010-01-01,3.0,Ethiopia,SNNP,Alle,3.0,4.0,SNNP,Alle,81190,63486,0.0,0.0,63486.0,0.0,0.0,63486.0,0.0,0.0,63486.0,0.0,0.0,63486.0,0.0,0.0,0.0,63486.0,0.0,63486.0
184,2010-01-01,3.0,Ethiopia,SNNP,Amaro,3.0,4.0,SNNP,Amaro,195252,152677,0.0,0.0,152677.0,0.0,0.0,152677.0,0.0,0.0,152677.0,0.0,0.0,152677.0,0.0,0.0,0.0,152677.0,0.0,152677.0
185,2010-01-01,2.0,Ethiopia,Oromia,Arsi,3.0,4.0,Oromia,Arsi,3645492,2850592,0.0,2850592.0,0.0,0.0,0.0,2850592.0,0.0,0.0,2850592.0,0.0,0.0,2850592.0,0.0,0.0,0.0,2850592.0,0.0,2850592.0
186,2010-01-01,3.0,Ethiopia,Oromia,Bale,3.0,4.0,Oromia,Bale,1887498,1475929,0.0,0.0,1475929.0,0.0,0.0,1475929.0,0.0,0.0,1475929.0,0.0,0.0,1475929.0,0.0,0.0,0.0,1475929.0,0.0,1475929.0
187,2010-01-01,3.0,Ethiopia,Oromia,Borena,3.0,4.0,Oromia,Borena,545493,426548,0.0,0.0,426548.0,0.0,0.0,426548.0,0.0,0.0,426548.0,0.0,0.0,426548.0,0.0,0.0,0.0,426548.0,0.0,426548.0
188,2010-01-01,1.0,Ethiopia,Oromia,Buno Bedele,1.0,1.0,Oromia,Buno Bedele,809088,632666,632666.0,0.0,0.0,0.0,0.0,632666.0,632666.0,0.0,0.0,0.0,0.0,632666.0,632666.0,0.0,0.0,0.0,0.0,632666.0
189,2010-01-01,3.0,Ethiopia,SNNP,Burji,3.0,4.0,SNNP,Burji,71728,56087,0.0,0.0,56087.0,0.0,0.0,56087.0,0.0,0.0,56087.0,0.0,0.0,56087.0,0.0,0.0,0.0,56087.0,0.0,56087.0
190,2010-01-01,3.0,Ethiopia,Tigray,Central,4.0,4.0,Tigray,Central,1384454,1082573,0.0,0.0,1082573.0,0.0,0.0,1082573.0,0.0,0.0,0.0,1082573.0,0.0,1082573.0,0.0,0.0,0.0,1082573.0,0.0,1082573.0
191,2010-01-01,3.0,Ethiopia,Amhara,Central Gondar,4.0,4.0,Amhara,Central Gondar,2719899,2126825,0.0,0.0,2126825.0,0.0,0.0,2126825.0,0.0,0.0,0.0,2126825.0,0.0,2126825.0,0.0,0.0,0.0,2126825.0,0.0,2126825.0
192,2010-01-01,3.0,Ethiopia,Somali,Daawa,3.0,3.0,Somali,Daawa,457130,357452,0.0,0.0,357452.0,0.0,0.0,357452.0,0.0,0.0,357452.0,0.0,0.0,357452.0,0.0,0.0,357452.0,0.0,0.0,357452.0
193,2010-01-01,2.0,Ethiopia,SNNP,Dawuro,3.0,4.0,SNNP,Dawuro,643931,503521,0.0,503521.0,0.0,0.0,0.0,503521.0,0.0,0.0,503521.0,0.0,0.0,503521.0,0.0,0.0,0.0,503521.0,0.0,503521.0
194,2010-01-01,3.0,Ethiopia,SNNP,Derashe,3.0,4.0,SNNP,Derashe,107301,83904,0.0,0.0,83904.0,0.0,0.0,83904.0,0.0,0.0,83904.0,0.0,0.0,83904.0,0.0,0.0,0.0,83904.0,0.0,83904.0
195,2010-01-01,2.0,Ethiopia,Dire Dawa,Dire Dawa rural,4.0,4.0,Dire Dawa,Dire Dawa rural,188933,147736,0.0,147736.0,0.0,0.0,0.0,147736.0,0.0,0.0,0.0,147736.0,0.0,147736.0,0.0,0.0,0.0,147736.0,0.0,147736.0
196,2010-01-01,2.0,Ethiopia,Amhara,East Gojam,3.0,3.0,Amhara,East Gojam,2672621,2089856,0.0,2089856.0,0.0,0.0,0.0,2089856.0,0.0,0.0,2089856.0,0.0,0.0,2089856.0,0.0,0.0,2089856.0,0.0,0.0,2089856.0
197,2010-01-01,3.0,Ethiopia,Oromia,East Hararge,3.0,4.0,Oromia,East Hararge,3739861,2924384,0.0,0.0,2924384.0,0.0,0.0,2924384.0,0.0,0.0,2924384.0,0.0,0.0,2924384.0,0.0,0.0,0.0,2924384.0,0.0,2924384.0
198,2010-01-01,2.0,Ethiopia,Oromia,East Shewa,3.0,4.0,Oromia,East Shewa,2234419,1747203,0.0,1747203.0,0.0,0.0,0.0,1747203.0,0.0,0.0,1747203.0,0.0,0.0,1747203.0,0.0,0.0,0.0,1747203.0,0.0,1747203.0
199,2010-01-01,2.0,Ethiopia,Oromia,East Wellega,2.0,3.0,Oromia,East Wellega,1693681,1324373,0.0,1324373.0,0.0,0.0,0.0,1324373.0,0.0,1324373.0,0.0,0.0,0.0,1324373.0,0.0,0.0,1324373.0,0.0,0.0,1324373.0
200,2010-01-01,3.0,Ethiopia,Tigray,Eastern,4.0,4.0,Tigray,Eastern,940053,735074,0.0,0.0,735074.0,0.0,0.0,735074.0,0.0,0.0,0.0,735074.0,0.0,735074.0,0.0,0.0,0.0,735074.0,0.0,735074.0
201,2010-01-01,3.0,Ethiopia,Somali,Erer,3.0,4.0,Somali,Erer,268901,210267,0.0,0.0,210267.0,0.0,0.0,210267.0,0.0,0.0,210267.0,0.0,0.0,210267.0,0.0,0.0,0.0,210267.0,0.0,210267.0
202,2010-01-01,3.0,Ethiopia,Somali,Fafan,4.0,4.0,Somali,Fafan,1242707,971734,0.0,0.0,971734.0,0.0,0.0,971734.0,0.0,0.0,0.0,971734.0,0.0,971734.0,0.0,0.0,0.0,971734.0,0.0,971734.0
203,2010-01-01,3.0,Ethiopia,SNNP,Gamo,3.0,4.0,SNNP,Gamo,1462777,1143818,0.0,0.0,1143818.0,0.0,0.0,1143818.0,0.0,0.0,1143818.0,0.0,0.0,1143818.0,0.0,0.0,0.0,1143818.0,0.0,1143818.0
204,2010-01-01,2.0,Ethiopia,SNNP,Gedeo,2.0,3.0,SNNP,Gedeo,1131834,885037,0.0,885037.0,0.0,0.0,0.0,885037.0,0.0,885037.0,0.0,0.0,0.0,885037.0,0.0,0.0,885037.0,0.0,0.0,885037.0
205,2010-01-01,3.0,Ethiopia,SNNP,Gofa,3.0,4.0,SNNP,Gofa,623589,487615,0.0,0.0,487615.0,0.0,0.0,487615.0,0.0,0.0,487615.0,0.0,0.0,487615.0,0.0,0.0,0.0,487615.0,0.0,487615.0
206,2010-01-01,3.0,Ethiopia,Oromia,Guji,3.0,3.0,Oromia,Guji,1482472,1159218,0.0,0.0,1159218.0,0.0,0.0,1159218.0,0.0,0.0,1159218.0,0.0,0.0,1159218.0,0.0,0.0,1159218.0,0.0,0.0,1159218.0
207,2010-01-01,2.0,Ethiopia,SNNP,Guraghe,3.0,3.0,SNNP,Guraghe,1882107,1471713,0.0,1471713.0,0.0,0.0,0.0,1471713.0,0.0,0.0,1471713.0,0.0,0.0,1471713.0,0.0,0.0,1471713.0,0.0,0.0,1471713.0
208,2010-01-01,2.0,Ethiopia,SNNP,Hadiya,3.0,4.0,SNNP,Hadiya,1700138,1329422,0.0,1329422.0,0.0,0.0,0.0,1329422.0,0.0,0.0,1329422.0,0.0,0.0,1329422.0,0.0,0.0,0.0,1329422.0,0.0,1329422.0
209,2010-01-01,2.0,Ethiopia,SNNP,Halaba Special,3.0,4.0,SNNP,Halaba Special,658130,514624,0.0,514624.0,0.0,0.0,0.0,514624.0,0.0,0.0,514624.0,0.0,0.0,514624.0,0.0,0.0,0.0,514624.0,0.0,514624.0
210,2010-01-01,2.0,Ethiopia,Harari,Harari,3.0,4.0,Harari,Harari,260022,203324,0.0,203324.0,0.0,0.0,0.0,203324.0,0.0,0.0,203324.0,0.0,0.0,203324.0,0.0,0.0,0.0,203324.0,0.0,203324.0
211,2010-01-01,3.0,Ethiopia,Somali,Jarar,4.0,3.0,Somali,Jarar,641077,501290,0.0,0.0,501290.0,0.0,0.0,501290.0,0.0,0.0,0.0,501290.0,0.0,501290.0,0.0,0.0,501290.0,0.0,0.0,501290.0
212,2010-01-01,2.0,Ethiopia,Oromia,Jimma,2.0,3.0,Oromia,Jimma,3672640,2871820,0.0,2871820.0,0.0,0.0,0.0,2871820.0,0.0,2871820.0,0.0,0.0,0.0,2871820.0,0.0,0.0,2871820.0,0.0,0.0,2871820.0
213,2010-01-01,1.0,Ethiopia,Benishangul Gumz,Kemashi,2.0,2.0,Benishangul Gumz,Kemashi,150986,118063,118063.0,0.0,0.0,0.0,0.0,118063.0,0.0,118063.0,0.0,0.0,0.0,118063.0,0.0,118063.0,0.0,0.0,0.0,118063.0
214,2010-01-01,2.0,Ethiopia,SNNP,Kembata Tibaro,3.0,4.0,SNNP,Kembata Tibaro,911347,712627,0.0,712627.0,0.0,0.0,0.0,712627.0,0.0,0.0,712627.0,0.0,0.0,712627.0,0.0,0.0,0.0,712627.0,0.0,712627.0
215,2010-01-01,3.0,Ethiopia,SNNP,Konso,3.0,4.0,SNNP,Konso,284360,222355,0.0,0.0,222355.0,0.0,0.0,222355.0,0.0,0.0,222355.0,0.0,0.0,222355.0,0.0,0.0,0.0,222355.0,0.0,222355.0
216,2010-01-01,4.0,Ethiopia,Somali,Liban,4.0,4.0,Somali,Liban,505190,395033,0.0,0.0,0.0,395033.0,0.0,395033.0,0.0,0.0,0.0,395033.0,0.0,395033.0,0.0,0.0,0.0,395033.0,0.0,395033.0
217,2010-01-01,2.0,Ethiopia,Tigray,Mekele Special,3.0,4.0,Tigray,Mekele Special,418327,327110,0.0,327110.0,0.0,0.0,0.0,327110.0,0.0,0.0,327110.0,0.0,0.0,327110.0,0.0,0.0,0.0,327110.0,0.0,327110.0
218,2010-01-01,3.0,Ethiopia,SNNP,Mirab Omo,3.0,2.0,SNNP,Mirab Omo,262515,205273,0.0,0.0,205273.0,0.0,0.0,205273.0,0.0,0.0,205273.0,0.0,0.0,205273.0,0.0,205273.0,0.0,0.0,0.0,205273.0
219,2010-01-01,3.0,Ethiopia,Somali,Nogob,4.0,3.0,Somali,Nogob,217220,169855,0.0,0.0,169855.0,0.0,0.0,169855.0,0.0,0.0,0.0,169855.0,0.0,169855.0,0.0,0.0,169855.0,0.0,0.0,169855.0
220,2010-01-01,3.0,Ethiopia,Amhara,North Gondar,4.0,4.0,Amhara,North Gondar,889977,695917,0.0,0.0,695917.0,0.0,0.0,695917.0,0.0,0.0,0.0,695917.0,0.0,695917.0,0.0,0.0,0.0,695917.0,0.0,695917.0
221,2010-01-01,2.0,Ethiopia,Amhara,North Shewa,4.0,4.0,Amhara,North Shewa,2293091,1793082,0.0,1793082.0,0.0,0.0,0.0,1793082.0,0.0,0.0,0.0,1793082.0,0.0,1793082.0,0.0,0.0,0.0,1793082.0,0.0,1793082.0
222,2010-01-01,3.0,Ethiopia,Amhara,North Wello,4.0,4.0,Amhara,North Wello,1740337,1360856,0.0,0.0,1360856.0,0.0,0.0,1360856.0,0.0,0.0,0.0,1360856.0,0.0,1360856.0,0.0,0.0,0.0,1360856.0,0.0,1360856.0
223,2010-01-01,3.0,Ethiopia,Tigray,North Western,3.0,4.0,Tigray,North Western,893262,698486,0.0,0.0,698486.0,0.0,0.0,698486.0,0.0,0.0,698486.0,0.0,0.0,698486.0,0.0,0.0,0.0,698486.0,0.0,698486.0
224,2010-01-01,3.0,Ethiopia,Gambela,Nuwer,4.0,4.0,Gambela,Nuwer,166901,130508,0.0,0.0,130508.0,0.0,0.0,130508.0,0.0,0.0,0.0,130508.0,0.0,130508.0,0.0,0.0,0.0,130508.0,0.0,130508.0
225,2010-01-01,3.0,Ethiopia,Amhara,Oromia,3.0,4.0,Amhara,Oromia,569808,445561,0.0,0.0,445561.0,0.0,0.0,445561.0,0.0,0.0,445561.0,0.0,0.0,445561.0,0.0,0.0,0.0,445561.0,0.0,445561.0
226,2010-01-01,4.0,Ethiopia,Somali,Shabelle,4.0,4.0,Somali,Shabelle,647430,506257,0.0,0.0,0.0,506257.0,0.0,506257.0,0.0,0.0,0.0,506257.0,0.0,506257.0,0.0,0.0,0.0,506257.0,0.0,506257.0
227,2010-01-01,2.0,Ethiopia,SNNP,Sidama,3.0,4.0,SNNP,Sidama,4212331,3293832,0.0,3293832.0,0.0,0.0,0.0,3293832.0,0.0,0.0,3293832.0,0.0,0.0,3293832.0,0.0,0.0,0.0,3293832.0,0.0,3293832.0
228,2010-01-01,2.0,Ethiopia,SNNP,Siltie,3.0,4.0,SNNP,Siltie,1051444,822176,0.0,822176.0,0.0,0.0,0.0,822176.0,0.0,0.0,822176.0,0.0,0.0,822176.0,0.0,0.0,0.0,822176.0,0.0,822176.0
229,2010-01-01,3.0,Ethiopia,Somali,Siti,4.0,4.0,Somali,Siti,644214,503743,0.0,0.0,503743.0,0.0,0.0,503743.0,0.0,0.0,0.0,503743.0,0.0,503743.0,0.0,0.0,0.0,503743.0,0.0,503743.0
230,2010-01-01,3.0,Ethiopia,Tigray,South Eastern,4.0,4.0,Tigray,South Eastern,528199,413025,0.0,0.0,413025.0,0.0,0.0,413025.0,0.0,0.0,0.0,413025.0,0.0,413025.0,0.0,0.0,0.0,413025.0,0.0,413025.0
231,2010-01-01,2.0,Ethiopia,Amhara,South Gondar,3.0,4.0,Amhara,South Gondar,2526963,1975958,0.0,1975958.0,0.0,0.0,0.0,1975958.0,0.0,0.0,1975958.0,0.0,0.0,1975958.0,0.0,0.0,0.0,1975958.0,0.0,1975958.0
232,2010-01-01,3.0,Ethiopia,SNNP,South Omo,3.0,4.0,SNNP,South Omo,754134,589695,0.0,0.0,589695.0,0.0,0.0,589695.0,0.0,0.0,589695.0,0.0,0.0,589695.0,0.0,0.0,0.0,589695.0,0.0,589695.0
233,2010-01-01,3.0,Ethiopia,Amhara,South Wello,4.0,4.0,Amhara,South Wello,3246827,2538856,0.0,0.0,2538856.0,0.0,0.0,2538856.0,0.0,0.0,0.0,2538856.0,0.0,2538856.0,0.0,0.0,0.0,2538856.0,0.0,2538856.0
234,2010-01-01,2.0,Ethiopia,Oromia,South West Shewa,3.0,3.0,Oromia,South West Shewa,1264234,988567,0.0,988567.0,0.0,0.0,0.0,988567.0,0.0,0.0,988567.0,0.0,0.0,988567.0,0.0,0.0,988567.0,0.0,0.0,988567.0
235,2010-01-01,3.0,Ethiopia,Tigray,Southern,4.0,4.0,Tigray,Southern,752344,588295,0.0,0.0,588295.0,0.0,0.0,588295.0,0.0,0.0,0.0,588295.0,0.0,588295.0,0.0,0.0,0.0,588295.0,0.0,588295.0
236,2010-01-01,3.0,Ethiopia,Amhara,Wag Hamra,4.0,4.0,Amhara,Wag Hamra,516457,403843,0.0,0.0,403843.0,0.0,0.0,403843.0,0.0,0.0,0.0,403843.0,0.0,403843.0,0.0,0.0,0.0,403843.0,0.0,403843.0
237,2010-01-01,2.0,Ethiopia,Oromia,West Arsi,3.0,4.0,Oromia,West Arsi,2868933,2243362,0.0,2243362.0,0.0,0.0,0.0,2243362.0,0.0,0.0,2243362.0,0.0,0.0,2243362.0,0.0,0.0,0.0,2243362.0,0.0,2243362.0
238,2010-01-01,3.0,Ethiopia,Oromia,West Guji,3.0,4.0,Oromia,West Guji,1223292,956553,0.0,0.0,956553.0,0.0,0.0,956553.0,0.0,0.0,956553.0,0.0,0.0,956553.0,0.0,0.0,0.0,956553.0,0.0,956553.0
239,2010-01-01,2.0,Ethiopia,Oromia,West Hararge,3.0,4.0,Oromia,West Hararge,2568661,2008564,0.0,2008564.0,0.0,0.0,0.0,2008564.0,0.0,0.0,2008564.0,0.0,0.0,2008564.0,0.0,0.0,0.0,2008564.0,0.0,2008564.0
240,2010-01-01,1.0,Ethiopia,Oromia,West Wellega,2.0,2.0,Oromia,West Wellega,1880222,1470239,1470239.0,0.0,0.0,0.0,0.0,1470239.0,0.0,1470239.0,0.0,0.0,0.0,1470239.0,0.0,1470239.0,0.0,0.0,0.0,1470239.0
241,2010-01-01,2.0,Ethiopia,Tigray,Western,3.0,3.0,Tigray,Western,440553,344490,0.0,344490.0,0.0,0.0,0.0,344490.0,0.0,0.0,344490.0,0.0,0.0,344490.0,0.0,0.0,344490.0,0.0,0.0,344490.0
242,2010-01-01,2.0,Ethiopia,SNNP,Wolayita,3.0,4.0,SNNP,Wolayita,1999292,1563346,0.0,1563346.0,0.0,0.0,0.0,1563346.0,0.0,0.0,1563346.0,0.0,0.0,1563346.0,0.0,0.0,0.0,1563346.0,0.0,1563346.0
243,2010-01-01,2.0,Ethiopia,SNNP,Yem Special,2.0,2.0,SNNP,Yem Special,102526,80170,0.0,80170.0,0.0,0.0,0.0,80170.0,0.0,80170.0,0.0,0.0,0.0,80170.0,0.0,80170.0,0.0,0.0,0.0,80170.0
244,2010-01-01,3.0,Ethiopia,Afar,Zone 1 (Awsi Rasu),4.0,4.0,Afar,Zone 1 (Awsi Rasu),643036,502822,0.0,0.0,502822.0,0.0,0.0,502822.0,0.0,0.0,0.0,502822.0,0.0,502822.0,0.0,0.0,0.0,502822.0,0.0,502822.0
245,2010-01-01,3.0,Ethiopia,Afar,Zone 2 (Kilbet Rasu),4.0,4.0,Afar,Zone 2 (Kilbet Rasu),493764,386098,0.0,0.0,386098.0,0.0,0.0,386098.0,0.0,0.0,0.0,386098.0,0.0,386098.0,0.0,0.0,0.0,386098.0,0.0,386098.0
246,2010-01-01,3.0,Ethiopia,Afar,Zone 3 (Gabi Rasu),4.0,4.0,Afar,Zone 3 (Gabi Rasu),281357,220007,0.0,0.0,220007.0,0.0,0.0,220007.0,0.0,0.0,0.0,220007.0,0.0,220007.0,0.0,0.0,0.0,220007.0,0.0,220007.0
247,2010-01-01,3.0,Ethiopia,Afar,Zone 4 (Fantana Rasu),4.0,4.0,Afar,Zone 4 (Fantana Rasu),276855,216486,0.0,0.0,216486.0,0.0,0.0,216486.0,0.0,0.0,0.0,216486.0,0.0,216486.0,0.0,0.0,0.0,216486.0,0.0,216486.0
248,2010-01-01,2.0,Ethiopia,Afar,Zone 5 (Hari Rasu),4.0,4.0,Afar,Zone 5 (Hari Rasu),209402,163741,0.0,163741.0,0.0,0.0,0.0,163741.0,0.0,0.0,0.0,163741.0,0.0,163741.0,0.0,0.0,0.0,163741.0,0.0,163741.0
249,2010-01-01,3.0,Ethiopia,Gambela,Agnewak,4.0,4.0,Gambela,Agnewak,164054,128282,0.0,0.0,128282.0,0.0,0.0,128282.0,0.0,0.0,0.0,128282.0,0.0,128282.0,0.0,0.0,0.0,128282.0,0.0,128282.0
250,2010-01-01,4.0,Ethiopia,Somali,Doolo,4.0,4.0,Somali,Doolo,425824,332973,0.0,0.0,0.0,332973.0,0.0,332973.0,0.0,0.0,0.0,332973.0,0.0,332973.0,0.0,0.0,0.0,332973.0,0.0,332973.0
251,2010-01-01,3.0,Ethiopia,Somali,Korahe,4.0,3.0,Somali,Korahe,511890,400272,0.0,0.0,400272.0,0.0,0.0,400272.0,0.0,0.0,0.0,400272.0,0.0,400272.0,0.0,0.0,400272.0,0.0,0.0,400272.0
252,2010-01-01,2.0,Ethiopia,Oromia,Finfine Special,3.0,3.0,Oromia,Finfine Special,1040106,813310,0.0,813310.0,0.0,0.0,0.0,813310.0,0.0,0.0,813310.0,0.0,0.0,813310.0,0.0,0.0,813310.0,0.0,0.0,813310.0
253,2010-01-01,1.0,Ethiopia,Addis Ababa,Region 14,1.0,1.0,Addis Ababa,Region 14,3585647,2803796,2803796.0,0.0,0.0,0.0,0.0,2803796.0,2803796.0,0.0,0.0,0.0,0.0,2803796.0,2803796.0,0.0,0.0,0.0,0.0,2803796.0
254,2010-01-01,1.0,Ethiopia,Amhara,West Gojam,2.0,2.0,Amhara,West Gojam,2894095,2263037,2263037.0,0.0,0.0,0.0,0.0,2263037.0,0.0,2263037.0,0.0,0.0,0.0,2263037.0,0.0,2263037.0,0.0,0.0,0.0,2263037.0
255,2010-01-01,3.0,Ethiopia,SNNP,Basketo,2.0,2.0,SNNP,Basketo,75512,59046,0.0,0.0,59046.0,0.0,0.0,59046.0,0.0,59046.0,0.0,0.0,0.0,59046.0,0.0,59046.0,0.0,0.0,0.0,59046.0
256,2010-01-01,3.0,Ethiopia,SNNP,Bench Maji,4.0,4.0,SNNP,Bench Maji,603595,471981,0.0,0.0,471981.0,0.0,0.0,471981.0,0.0,0.0,0.0,471981.0,0.0,471981.0,0.0,0.0,0.0,471981.0,0.0,471981.0
257,2010-01-01,3.0,Ethiopia,Gambela,Etang Special woreda,4.0,4.0,Gambela,Etang Special woreda,50260,39300,0.0,0.0,39300.0,0.0,0.0,39300.0,0.0,0.0,0.0,39300.0,0.0,39300.0,0.0,0.0,0.0,39300.0,0.0,39300.0
258,2010-01-01,3.0,Ethiopia,Oromia,Ilu Aba Bora,4.0,4.0,Oromia,Ilu Aba Bora,953178,745337,0.0,0.0,745337.0,0.0,0.0,745337.0,0.0,0.0,0.0,745337.0,0.0,745337.0,0.0,0.0,0.0,745337.0,0.0,745337.0
259,2010-01-01,3.0,Ethiopia,SNNP,Kefa,2.0,2.0,SNNP,Kefa,1053546,823820,0.0,0.0,823820.0,0.0,0.0,823820.0,0.0,823820.0,0.0,0.0,0.0,823820.0,0.0,823820.0,0.0,0.0,0.0,823820.0
260,2010-01-01,3.0,Ethiopia,SNNP,Konta Special,2.0,2.0,SNNP,Konta Special,119904,93758,0.0,0.0,93758.0,0.0,0.0,93758.0,0.0,93758.0,0.0,0.0,0.0,93758.0,0.0,93758.0,0.0,0.0,0.0,93758.0
261,2010-01-01,3.0,Ethiopia,Gambela,Mejenger,4.0,4.0,Gambela,Mejenger,81617,63820,0.0,0.0,63820.0,0.0,0.0,63820.0,0.0,0.0,0.0,63820.0,0.0,63820.0,0.0,0.0,0.0,63820.0,0.0,63820.0
262,2010-01-01,1.0,Ethiopia,Benishangul Gumz,Asosa,2.0,2.0,Benishangul Gumz,Asosa,402287,314568,314568.0,0.0,0.0,0.0,0.0,314568.0,0.0,314568.0,0.0,0.0,0.0,314568.0,0.0,314568.0,0.0,0.0,0.0,314568.0
263,2010-01-01,2.0,Ethiopia,Dire Dawa,Dire Dawa urban,3.0,3.0,Dire Dawa,Dire Dawa urban,319985,250212,0.0,250212.0,0.0,0.0,0.0,250212.0,0.0,0.0,250212.0,0.0,0.0,250212.0,0.0,0.0,250212.0,0.0,0.0,250212.0
264,2010-01-01,2.0,Ethiopia,Oromia,Horo Gudru Wellega,3.0,3.0,Oromia,Horo Gudru Wellega,791731,619094,0.0,619094.0,0.0,0.0,0.0,619094.0,0.0,0.0,619094.0,0.0,0.0,619094.0,0.0,0.0,619094.0,0.0,0.0,619094.0
265,2010-01-01,1.0,Ethiopia,Oromia,Kelem Wellega,2.0,2.0,Oromia,Kelem Wellega,1141498,892594,892594.0,0.0,0.0,0.0,0.0,892594.0,0.0,892594.0,0.0,0.0,0.0,892594.0,0.0,892594.0,0.0,0.0,0.0,892594.0
266,2010-01-01,1.0,Ethiopia,Benishangul Gumz,Mao Komo Special,3.0,3.0,Benishangul Gumz,Mao Komo Special,70414,55060,55060.0,0.0,0.0,0.0,0.0,55060.0,0.0,0.0,55060.0,0.0,0.0,55060.0,0.0,0.0,55060.0,0.0,0.0,55060.0
267,2010-01-01,1.0,Ethiopia,Benishangul Gumz,Metekel,2.0,2.0,Benishangul Gumz,Metekel,479162,374680,374680.0,0.0,0.0,0.0,0.0,374680.0,0.0,374680.0,0.0,0.0,0.0,374680.0,0.0,374680.0,0.0,0.0,0.0,374680.0
268,2010-01-01,2.0,Ethiopia,Oromia,North Shewa,3.0,3.0,Oromia,North Shewa,1626893,1272148,0.0,1272148.0,0.0,0.0,0.0,1272148.0,0.0,0.0,1272148.0,0.0,0.0,1272148.0,0.0,0.0,1272148.0,0.0,0.0,1272148.0
269,2010-01-01,1.0,Ethiopia,SNNP,Sheka,1.0,2.0,SNNP,Sheka,274212,214420,214420.0,0.0,0.0,0.0,0.0,214420.0,214420.0,0.0,0.0,0.0,0.0,214420.0,0.0,214420.0,0.0,0.0,0.0,214420.0
270,2010-01-01,2.0,Ethiopia,Oromia,West Shewa,3.0,3.0,Oromia,West Shewa,2773901,2169051,0.0,2169051.0,0.0,0.0,0.0,2169051.0,0.0,0.0,2169051.0,0.0,0.0,2169051.0,0.0,0.0,2169051.0,0.0,0.0,2169051.0
271,2010-01-01,1.0,Ethiopia,Amhara,Awi,2.0,2.0,Amhara,Awi,1338704,1046799,1046799.0,0.0,0.0,0.0,0.0,1046799.0,0.0,1046799.0,0.0,0.0,0.0,1046799.0,0.0,1046799.0,0.0,0.0,0.0,1046799.0
272,2010-01-01,1.0,Ethiopia,Amhara,West Gondar,1.0,1.0,Amhara,West Gondar,381393,298230,298230.0,0.0,0.0,0.0,0.0,298230.0,298230.0,0.0,0.0,0.0,0.0,298230.0,298230.0,0.0,0.0,0.0,0.0,298230.0
273,2010-04-01,4.0,Ethiopia,Somali,Afder,4.0,3.0,Somali,Afder,654828,512042,0.0,0.0,0.0,512042.0,0.0,512042.0,0.0,0.0,0.0,512042.0,0.0,512042.0,0.0,0.0,512042.0,0.0,0.0,512042.0
274,2010-04-01,3.0,Ethiopia,SNNP,Alle,3.0,2.0,SNNP,Alle,81190,63486,0.0,0.0,63486.0,0.0,0.0,63486.0,0.0,0.0,63486.0,0.0,0.0,63486.0,0.0,63486.0,0.0,0.0,0.0,63486.0
275,2010-04-01,3.0,Ethiopia,SNNP,Amaro,3.0,3.0,SNNP,Amaro,195252,152677,0.0,0.0,152677.0,0.0,0.0,152677.0,0.0,0.0,152677.0,0.0,0.0,152677.0,0.0,0.0,152677.0,0.0,0.0,152677.0
276,2010-04-01,3.0,Ethiopia,Oromia,Arsi,3.0,3.0,Oromia,Arsi,3645492,2850592,0.0,0.0,2850592.0,0.0,0.0,2850592.0,0.0,0.0,2850592.0,0.0,0.0,2850592.0,0.0,0.0,2850592.0,0.0,0.0,2850592.0
277,2010-04-01,4.0,Ethiopia,Oromia,Bale,4.0,4.0,Oromia,Bale,1887498,1475929,0.0,0.0,0.0,1475929.0,0.0,1475929.0,0.0,0.0,0.0,1475929.0,0.0,1475929.0,0.0,0.0,0.0,1475929.0,0.0,1475929.0
278,2010-04-01,3.0,Ethiopia,Oromia,Borena,3.0,2.0,Oromia,Borena,545493,426548,0.0,0.0,426548.0,0.0,0.0,426548.0,0.0,0.0,426548.0,0.0,0.0,426548.0,0.0,426548.0,0.0,0.0,0.0,426548.0
279,2010-04-01,1.0,Ethiopia,Oromia,Buno Bedele,1.0,1.0,Oromia,Buno Bedele,809088,632666,632666.0,0.0,0.0,0.0,0.0,632666.0,632666.0,0.0,0.0,0.0,0.0,632666.0,632666.0,0.0,0.0,0.0,0.0,632666.0
280,2010-04-01,3.0,Ethiopia,SNNP,Burji,3.0,2.0,SNNP,Burji,71728,56087,0.0,0.0,56087.0,0.0,0.0,56087.0,0.0,0.0,56087.0,0.0,0.0,56087.0,0.0,56087.0,0.0,0.0,0.0,56087.0
281,2010-04-01,4.0,Ethiopia,Tigray,Central,4.0,4.0,Tigray,Central,1384454,1082573,0.0,0.0,0.0,1082573.0,0.0,1082573.0,0.0,0.0,0.0,1082573.0,0.0,1082573.0,0.0,0.0,0.0,1082573.0,0.0,1082573.0
282,2010-04-01,4.0,Ethiopia,Amhara,Central Gondar,4.0,4.0,Amhara,Central Gondar,2719899,2126825,0.0,0.0,0.0,2126825.0,0.0,2126825.0,0.0,0.0,0.0,2126825.0,0.0,2126825.0,0.0,0.0,0.0,2126825.0,0.0,2126825.0
283,2010-04-01,3.0,Ethiopia,Somali,Daawa,2.0,2.0,Somali,Daawa,457130,357452,0.0,0.0,357452.0,0.0,0.0,357452.0,0.0,357452.0,0.0,0.0,0.0,357452.0,0.0,357452.0,0.0,0.0,0.0,357452.0
284,2010-04-01,2.0,Ethiopia,SNNP,Dawuro,2.0,2.0,SNNP,Dawuro,643931,503521,0.0,503521.0,0.0,0.0,0.0,503521.0,0.0,503521.0,0.0,0.0,0.0,503521.0,0.0,503521.0,0.0,0.0,0.0,503521.0
285,2010-04-01,3.0,Ethiopia,SNNP,Derashe,3.0,3.0,SNNP,Derashe,107301,83904,0.0,0.0,83904.0,0.0,0.0,83904.0,0.0,0.0,83904.0,0.0,0.0,83904.0,0.0,0.0,83904.0,0.0,0.0,83904.0
286,2010-04-01,3.0,Ethiopia,Dire Dawa,Dire Dawa rural,3.0,3.0,Dire Dawa,Dire Dawa rural,188933,147736,0.0,0.0,147736.0,0.0,0.0,147736.0,0.0,0.0,147736.0,0.0,0.0,147736.0,0.0,0.0,147736.0,0.0,0.0,147736.0
287,2010-04-01,2.0,Ethiopia,Amhara,East Gojam,2.0,3.0,Amhara,East Gojam,2672621,2089856,0.0,2089856.0,0.0,0.0,0.0,2089856.0,0.0,2089856.0,0.0,0.0,0.0,2089856.0,0.0,0.0,2089856.0,0.0,0.0,2089856.0
288,2010-04-01,4.0,Ethiopia,Oromia,East Hararge,4.0,4.0,Oromia,East Hararge,3739861,2924384,0.0,0.0,0.0,2924384.0,0.0,2924384.0,0.0,0.0,0.0,2924384.0,0.0,2924384.0,0.0,0.0,0.0,2924384.0,0.0,2924384.0
289,2010-04-01,3.0,Ethiopia,Oromia,East Shewa,3.0,3.0,Oromia,East Shewa,2234419,1747203,0.0,0.0,1747203.0,0.0,0.0,1747203.0,0.0,0.0,1747203.0,0.0,0.0,1747203.0,0.0,0.0,1747203.0,0.0,0.0,1747203.0
290,2010-04-01,2.0,Ethiopia,Oromia,East Wellega,2.0,3.0,Oromia,East Wellega,1693681,1324373,0.0,1324373.0,0.0,0.0,0.0,1324373.0,0.0,1324373.0,0.0,0.0,0.0,1324373.0,0.0,0.0,1324373.0,0.0,0.0,1324373.0
291,2010-04-01,3.0,Ethiopia,Tigray,Eastern,3.0,3.0,Tigray,Eastern,940053,735074,0.0,0.0,735074.0,0.0,0.0,735074.0,0.0,0.0,735074.0,0.0,0.0,735074.0,0.0,0.0,735074.0,0.0,0.0,735074.0
292,2010-04-01,4.0,Ethiopia,Somali,Erer,4.0,4.0,Somali,Erer,268901,210267,0.0,0.0,0.0,210267.0,0.0,210267.0,0.0,0.0,0.0,210267.0,0.0,210267.0,0.0,0.0,0.0,210267.0,0.0,210267.0
293,2010-04-01,3.0,Ethiopia,Somali,Fafan,3.0,3.0,Somali,Fafan,1242707,971734,0.0,0.0,971734.0,0.0,0.0,971734.0,0.0,0.0,971734.0,0.0,0.0,971734.0,0.0,0.0,971734.0,0.0,0.0,971734.0
294,2010-04-01,3.0,Ethiopia,SNNP,Gamo,3.0,3.0,SNNP,Gamo,1462777,1143818,0.0,0.0,1143818.0,0.0,0.0,1143818.0,0.0,0.0,1143818.0,0.0,0.0,1143818.0,0.0,0.0,1143818.0,0.0,0.0,1143818.0
295,2010-04-01,2.0,Ethiopia,SNNP,Gedeo,2.0,2.0,SNNP,Gedeo,1131834,885037,0.0,885037.0,0.0,0.0,0.0,885037.0,0.0,885037.0,0.0,0.0,0.0,885037.0,0.0,885037.0,0.0,0.0,0.0,885037.0
296,2010-04-01,3.0,Ethiopia,SNNP,Gofa,3.0,3.0,SNNP,Gofa,623589,487615,0.0,0.0,487615.0,0.0,0.0,487615.0,0.0,0.0,487615.0,0.0,0.0,487615.0,0.0,0.0,487615.0,0.0,0.0,487615.0
297,2010-04-01,2.0,Ethiopia,Oromia,Guji,2.0,2.0,Oromia,Guji,1482472,1159218,0.0,1159218.0,0.0,0.0,0.0,1159218.0,0.0,1159218.0,0.0,0.0,0.0,1159218.0,0.0,1159218.0,0.0,0.0,0.0,1159218.0
298,2010-04-01,3.0,Ethiopia,SNNP,Guraghe,3.0,3.0,SNNP,Guraghe,1882107,1471713,0.0,0.0,1471713.0,0.0,0.0,1471713.0,0.0,0.0,1471713.0,0.0,0.0,1471713.0,0.0,0.0,1471713.0,0.0,0.0,1471713.0
299,2010-04-01,3.0,Ethiopia,SNNP,Hadiya,3.0,3.0,SNNP,Hadiya,1700138,1329422,0.0,0.0,1329422.0,0.0,0.0,1329422.0,0.0,0.0,1329422.0,0.0,0.0,1329422.0,0.0,0.0,1329422.0,0.0,0.0,1329422.0
300,2010-04-01,3.0,Ethiopia,SNNP,Halaba Special,3.0,3.0,SNNP,Halaba Special,658130,514624,0.0,0.0,514624.0,0.0,0.0,514624.0,0.0,0.0,514624.0,0.0,0.0,514624.0,0.0,0.0,514624.0,0.0,0.0,514624.0
301,2010-04-01,4.0,Ethiopia,Harari,Harari,4.0,4.0,Harari,Harari,260022,203324,0.0,0.0,0.0,203324.0,0.0,203324.0,0.0,0.0,0.0,203324.0,0.0,203324.0,0.0,0.0,0.0,203324.0,0.0,203324.0
302,2010-04-01,3.0,Ethiopia,Somali,Jarar,3.0,3.0,Somali,Jarar,641077,501290,0.0,0.0,501290.0,0.0,0.0,501290.0,0.0,0.0,501290.0,0.0,0.0,501290.0,0.0,0.0,501290.0,0.0,0.0,501290.0
303,2010-04-01,2.0,Ethiopia,Oromia,Jimma,2.0,3.0,Oromia,Jimma,3672640,2871820,0.0,2871820.0,0.0,0.0,0.0,2871820.0,0.0,2871820.0,0.0,0.0,0.0,2871820.0,0.0,0.0,2871820.0,0.0,0.0,2871820.0
304,2010-04-01,2.0,Ethiopia,Benishangul Gumz,Kemashi,2.0,3.0,Benishangul Gumz,Kemashi,150986,118063,0.0,118063.0,0.0,0.0,0.0,118063.0,0.0,118063.0,0.0,0.0,0.0,118063.0,0.0,0.0,118063.0,0.0,0.0,118063.0
305,2010-04-01,3.0,Ethiopia,SNNP,Kembata Tibaro,3.0,3.0,SNNP,Kembata Tibaro,911347,712627,0.0,0.0,712627.0,0.0,0.0,712627.0,0.0,0.0,712627.0,0.0,0.0,712627.0,0.0,0.0,712627.0,0.0,0.0,712627.0
306,2010-04-01,3.0,Ethiopia,SNNP,Konso,3.0,2.0,SNNP,Konso,284360,222355,0.0,0.0,222355.0,0.0,0.0,222355.0,0.0,0.0,222355.0,0.0,0.0,222355.0,0.0,222355.0,0.0,0.0,0.0,222355.0
307,2010-04-01,4.0,Ethiopia,Somali,Liban,4.0,3.0,Somali,Liban,505190,395033,0.0,0.0,0.0,395033.0,0.0,395033.0,0.0,0.0,0.0,395033.0,0.0,395033.0,0.0,0.0,395033.0,0.0,0.0,395033.0
308,2010-04-01,3.0,Ethiopia,Tigray,Mekele Special,3.0,3.0,Tigray,Mekele Special,418327,327110,0.0,0.0,327110.0,0.0,0.0,327110.0,0.0,0.0,327110.0,0.0,0.0,327110.0,0.0,0.0,327110.0,0.0,0.0,327110.0
309,2010-04-01,3.0,Ethiopia,SNNP,Mirab Omo,3.0,2.0,SNNP,Mirab Omo,262515,205273,0.0,0.0,205273.0,0.0,0.0,205273.0,0.0,0.0,205273.0,0.0,0.0,205273.0,0.0,205273.0,0.0,0.0,0.0,205273.0
310,2010-04-01,3.0,Ethiopia,Somali,Nogob,3.0,3.0,Somali,Nogob,217220,169855,0.0,0.0,169855.0,0.0,0.0,169855.0,0.0,0.0,169855.0,0.0,0.0,169855.0,0.0,0.0,169855.0,0.0,0.0,169855.0
311,2010-04-01,4.0,Ethiopia,Amhara,North Gondar,4.0,4.0,Amhara,North Gondar,889977,695917,0.0,0.0,0.0,695917.0,0.0,695917.0,0.0,0.0,0.0,695917.0,0.0,695917.0,0.0,0.0,0.0,695917.0,0.0,695917.0
312,2010-04-01,3.0,Ethiopia,Amhara,North Shewa,3.0,3.0,Amhara,North Shewa,2293091,1793082,0.0,0.0,1793082.0,0.0,0.0,1793082.0,0.0,0.0,1793082.0,0.0,0.0,1793082.0,0.0,0.0,1793082.0,0.0,0.0,1793082.0
313,2010-04-01,4.0,Ethiopia,Amhara,North Wello,4.0,4.0,Amhara,North Wello,1740337,1360856,0.0,0.0,0.0,1360856.0,0.0,1360856.0,0.0,0.0,0.0,1360856.0,0.0,1360856.0,0.0,0.0,0.0,1360856.0,0.0,1360856.0
314,2010-04-01,4.0,Ethiopia,Tigray,North Western,4.0,4.0,Tigray,North Western,893262,698486,0.0,0.0,0.0,698486.0,0.0,698486.0,0.0,0.0,0.0,698486.0,0.0,698486.0,0.0,0.0,0.0,698486.0,0.0,698486.0
315,2010-04-01,4.0,Ethiopia,Gambela,Nuwer,4.0,4.0,Gambela,Nuwer,166901,130508,0.0,0.0,0.0,130508.0,0.0,130508.0,0.0,0.0,0.0,130508.0,0.0,130508.0,0.0,0.0,0.0,130508.0,0.0,130508.0
316,2010-04-01,3.0,Ethiopia,Amhara,Oromia,3.0,3.0,Amhara,Oromia,569808,445561,0.0,0.0,445561.0,0.0,0.0,445561.0,0.0,0.0,445561.0,0.0,0.0,445561.0,0.0,0.0,445561.0,0.0,0.0,445561.0
317,2010-04-01,4.0,Ethiopia,Somali,Shabelle,4.0,4.0,Somali,Shabelle,647430,506257,0.0,0.0,0.0,506257.0,0.0,506257.0,0.0,0.0,0.0,506257.0,0.0,506257.0,0.0,0.0,0.0,506257.0,0.0,506257.0
318,2010-04-01,3.0,Ethiopia,SNNP,Sidama,3.0,3.0,SNNP,Sidama,4212331,3293832,0.0,0.0,3293832.0,0.0,0.0,3293832.0,0.0,0.0,3293832.0,0.0,0.0,3293832.0,0.0,0.0,3293832.0,0.0,0.0,3293832.0
319,2010-04-01,3.0,Ethiopia,SNNP,Siltie,3.0,3.0,SNNP,Siltie,1051444,822176,0.0,0.0,822176.0,0.0,0.0,822176.0,0.0,0.0,822176.0,0.0,0.0,822176.0,0.0,0.0,822176.0,0.0,0.0,822176.0
320,2010-04-01,4.0,Ethiopia,Somali,Siti,4.0,4.0,Somali,Siti,644214,503743,0.0,0.0,0.0,503743.0,0.0,503743.0,0.0,0.0,0.0,503743.0,0.0,503743.0,0.0,0.0,0.0,503743.0,0.0,503743.0
321,2010-04-01,4.0,Ethiopia,Tigray,South Eastern,4.0,4.0,Tigray,South Eastern,528199,413025,0.0,0.0,0.0,413025.0,0.0,413025.0,0.0,0.0,0.0,413025.0,0.0,413025.0,0.0,0.0,0.0,413025.0,0.0,413025.0
322,2010-04-01,4.0,Ethiopia,Amhara,South Gondar,4.0,4.0,Amhara,South Gondar,2526963,1975958,0.0,0.0,0.0,1975958.0,0.0,1975958.0,0.0,0.0,0.0,1975958.0,0.0,1975958.0,0.0,0.0,0.0,1975958.0,0.0,1975958.0
323,2010-04-01,3.0,Ethiopia,SNNP,South Omo,3.0,3.0,SNNP,South Omo,754134,589695,0.0,0.0,589695.0,0.0,0.0,589695.0,0.0,0.0,589695.0,0.0,0.0,589695.0,0.0,0.0,589695.0,0.0,0.0,589695.0
324,2010-04-01,3.0,Ethiopia,Amhara,South Wello,3.0,3.0,Amhara,South Wello,3246827,2538856,0.0,0.0,2538856.0,0.0,0.0,2538856.0,0.0,0.0,2538856.0,0.0,0.0,2538856.0,0.0,0.0,2538856.0,0.0,0.0,2538856.0
325,2010-04-01,3.0,Ethiopia,Oromia,South West Shewa,3.0,3.0,Oromia,South West Shewa,1264234,988567,0.0,0.0,988567.0,0.0,0.0,988567.0,0.0,0.0,988567.0,0.0,0.0,988567.0,0.0,0.0,988567.0,0.0,0.0,988567.0
326,2010-04-01,4.0,Ethiopia,Tigray,Southern,4.0,4.0,Tigray,Southern,752344,588295,0.0,0.0,0.0,588295.0,0.0,588295.0,0.0,0.0,0.0,588295.0,0.0,588295.0,0.0,0.0,0.0,588295.0,0.0,588295.0
327,2010-04-01,4.0,Ethiopia,Amhara,Wag Hamra,4.0,4.0,Amhara,Wag Hamra,516457,403843,0.0,0.0,0.0,403843.0,0.0,403843.0,0.0,0.0,0.0,403843.0,0.0,403843.0,0.0,0.0,0.0,403843.0,0.0,403843.0
328,2010-04-01,3.0,Ethiopia,Oromia,West Arsi,3.0,3.0,Oromia,West Arsi,2868933,2243362,0.0,0.0,2243362.0,0.0,0.0,2243362.0,0.0,0.0,2243362.0,0.0,0.0,2243362.0,0.0,0.0,2243362.0,0.0,0.0,2243362.0
329,2010-04-01,3.0,Ethiopia,Oromia,West Guji,3.0,3.0,Oromia,West Guji,1223292,956553,0.0,0.0,956553.0,0.0,0.0,956553.0,0.0,0.0,956553.0,0.0,0.0,956553.0,0.0,0.0,956553.0,0.0,0.0,956553.0
330,2010-04-01,4.0,Ethiopia,Oromia,West Hararge,4.0,4.0,Oromia,West Hararge,2568661,2008564,0.0,0.0,0.0,2008564.0,0.0,2008564.0,0.0,0.0,0.0,2008564.0,0.0,2008564.0,0.0,0.0,0.0,2008564.0,0.0,2008564.0
331,2010-04-01,2.0,Ethiopia,Oromia,West Wellega,2.0,3.0,Oromia,West Wellega,1880222,1470239,0.0,1470239.0,0.0,0.0,0.0,1470239.0,0.0,1470239.0,0.0,0.0,0.0,1470239.0,0.0,0.0,1470239.0,0.0,0.0,1470239.0
332,2010-04-01,4.0,Ethiopia,Tigray,Western,4.0,4.0,Tigray,Western,440553,344490,0.0,0.0,0.0,344490.0,0.0,344490.0,0.0,0.0,0.0,344490.0,0.0,344490.0,0.0,0.0,0.0,344490.0,0.0,344490.0
333,2010-04-01,3.0,Ethiopia,SNNP,Wolayita,3.0,3.0,SNNP,Wolayita,1999292,1563346,0.0,0.0,1563346.0,0.0,0.0,1563346.0,0.0,0.0,1563346.0,0.0,0.0,1563346.0,0.0,0.0,1563346.0,0.0,0.0,1563346.0
334,2010-04-01,2.0,Ethiopia,SNNP,Yem Special,2.0,2.0,SNNP,Yem Special,102526,80170,0.0,80170.0,0.0,0.0,0.0,80170.0,0.0,80170.0,0.0,0.0,0.0,80170.0,0.0,80170.0,0.0,0.0,0.0,80170.0
335,2010-04-01,3.0,Ethiopia,Afar,Zone 1 (Awsi Rasu),3.0,3.0,Afar,Zone 1 (Awsi Rasu),643036,502822,0.0,0.0,502822.0,0.0,0.0,502822.0,0.0,0.0,502822.0,0.0,0.0,502822.0,0.0,0.0,502822.0,0.0,0.0,502822.0
336,2010-04-01,3.0,Ethiopia,Afar,Zone 2 (Kilbet Rasu),3.0,3.0,Afar,Zone 2 (Kilbet Rasu),493764,386098,0.0,0.0,386098.0,0.0,0.0,386098.0,0.0,0.0,386098.0,0.0,0.0,386098.0,0.0,0.0,386098.0,0.0,0.0,386098.0
337,2010-04-01,4.0,Ethiopia,Afar,Zone 3 (Gabi Rasu),4.0,4.0,Afar,Zone 3 (Gabi Rasu),281357,220007,0.0,0.0,0.0,220007.0,0.0,220007.0,0.0,0.0,0.0,220007.0,0.0,220007.0,0.0,0.0,0.0,220007.0,0.0,220007.0
338,2010-04-01,3.0,Ethiopia,Afar,Zone 4 (Fantana Rasu),3.0,3.0,Afar,Zone 4 (Fantana Rasu),276855,216486,0.0,0.0,216486.0,0.0,0.0,216486.0,0.0,0.0,216486.0,0.0,0.0,216486.0,0.0,0.0,216486.0,0.0,0.0,216486.0
339,2010-04-01,3.0,Ethiopia,Afar,Zone 5 (Hari Rasu),3.0,3.0,Afar,Zone 5 (Hari Rasu),209402,163741,0.0,0.0,163741.0,0.0,0.0,163741.0,0.0,0.0,163741.0,0.0,0.0,163741.0,0.0,0.0,163741.0,0.0,0.0,163741.0
340,2010-04-01,4.0,Ethiopia,Gambela,Agnewak,4.0,4.0,Gambela,Agnewak,164054,128282,0.0,0.0,0.0,128282.0,0.0,128282.0,0.0,0.0,0.0,128282.0,0.0,128282.0,0.0,0.0,0.0,128282.0,0.0,128282.0
341,2010-04-01,4.0,Ethiopia,Somali,Doolo,4.0,4.0,Somali,Doolo,425824,332973,0.0,0.0,0.0,332973.0,0.0,332973.0,0.0,0.0,0.0,332973.0,0.0,332973.0,0.0,0.0,0.0,332973.0,0.0,332973.0
342,2010-04-01,3.0,Ethiopia,Somali,Korahe,3.0,3.0,Somali,Korahe,511890,400272,0.0,0.0,400272.0,0.0,0.0,400272.0,0.0,0.0,400272.0,0.0,0.0,400272.0,0.0,0.0,400272.0,0.0,0.0,400272.0
343,2010-04-01,2.0,Ethiopia,Oromia,Finfine Special,2.0,3.0,Oromia,Finfine Special,1040106,813310,0.0,813310.0,0.0,0.0,0.0,813310.0,0.0,813310.0,0.0,0.0,0.0,813310.0,0.0,0.0,813310.0,0.0,0.0,813310.0
344,2010-04-01,1.0,Ethiopia,Addis Ababa,Region 14,1.0,1.0,Addis Ababa,Region 14,3585647,2803796,2803796.0,0.0,0.0,0.0,0.0,2803796.0,2803796.0,0.0,0.0,0.0,0.0,2803796.0,2803796.0,0.0,0.0,0.0,0.0,2803796.0
345,2010-04-01,2.0,Ethiopia,Amhara,West Gojam,2.0,3.0,Amhara,West Gojam,2894095,2263037,0.0,2263037.0,0.0,0.0,0.0,2263037.0,0.0,2263037.0,0.0,0.0,0.0,2263037.0,0.0,0.0,2263037.0,0.0,0.0,2263037.0
346,2010-04-01,2.0,Ethiopia,SNNP,Basketo,2.0,2.0,SNNP,Basketo,75512,59046,0.0,59046.0,0.0,0.0,0.0,59046.0,0.0,59046.0,0.0,0.0,0.0,59046.0,0.0,59046.0,0.0,0.0,0.0,59046.0
347,2010-04-01,3.0,Ethiopia,SNNP,Bench Maji,3.0,2.0,SNNP,Bench Maji,603595,471981,0.0,0.0,471981.0,0.0,0.0,471981.0,0.0,0.0,471981.0,0.0,0.0,471981.0,0.0,471981.0,0.0,0.0,0.0,471981.0
348,2010-04-01,3.0,Ethiopia,Gambela,Etang Special woreda,3.0,2.0,Gambela,Etang Special woreda,50260,39300,0.0,0.0,39300.0,0.0,0.0,39300.0,0.0,0.0,39300.0,0.0,0.0,39300.0,0.0,39300.0,0.0,0.0,0.0,39300.0
349,2010-04-01,3.0,Ethiopia,Oromia,Ilu Aba Bora,3.0,3.0,Oromia,Ilu Aba Bora,953178,745337,0.0,0.0,745337.0,0.0,0.0,745337.0,0.0,0.0,745337.0,0.0,0.0,745337.0,0.0,0.0,745337.0,0.0,0.0,745337.0
350,2010-04-01,2.0,Ethiopia,SNNP,Kefa,2.0,2.0,SNNP,Kefa,1053546,823820,0.0,823820.0,0.0,0.0,0.0,823820.0,0.0,823820.0,0.0,0.0,0.0,823820.0,0.0,823820.0,0.0,0.0,0.0,823820.0
351,2010-04-01,2.0,Ethiopia,SNNP,Konta Special,2.0,2.0,SNNP,Konta Special,119904,93758,0.0,93758.0,0.0,0.0,0.0,93758.0,0.0,93758.0,0.0,0.0,0.0,93758.0,0.0,93758.0,0.0,0.0,0.0,93758.0
352,2010-04-01,3.0,Ethiopia,Gambela,Mejenger,3.0,3.0,Gambela,Mejenger,81617,63820,0.0,0.0,63820.0,0.0,0.0,63820.0,0.0,0.0,63820.0,0.0,0.0,63820.0,0.0,0.0,63820.0,0.0,0.0,63820.0
353,2010-04-01,2.0,Ethiopia,Benishangul Gumz,Asosa,2.0,3.0,Benishangul Gumz,Asosa,402287,314568,0.0,314568.0,0.0,0.0,0.0,314568.0,0.0,314568.0,0.0,0.0,0.0,314568.0,0.0,0.0,314568.0,0.0,0.0,314568.0
354,2010-04-01,2.0,Ethiopia,Dire Dawa,Dire Dawa urban,2.0,2.0,Dire Dawa,Dire Dawa urban,319985,250212,0.0,250212.0,0.0,0.0,0.0,250212.0,0.0,250212.0,0.0,0.0,0.0,250212.0,0.0,250212.0,0.0,0.0,0.0,250212.0
355,2010-04-01,2.0,Ethiopia,Oromia,Horo Gudru Wellega,2.0,3.0,Oromia,Horo Gudru Wellega,791731,619094,0.0,619094.0,0.0,0.0,0.0,619094.0,0.0,619094.0,0.0,0.0,0.0,619094.0,0.0,0.0,619094.0,0.0,0.0,619094.0
356,2010-04-01,2.0,Ethiopia,Oromia,Kelem Wellega,2.0,2.0,Oromia,Kelem Wellega,1141498,892594,0.0,892594.0,0.0,0.0,0.0,892594.0,0.0,892594.0,0.0,0.0,0.0,892594.0,0.0,892594.0,0.0,0.0,0.0,892594.0
357,2010-04-01,2.0,Ethiopia,Benishangul Gumz,Mao Komo Special,2.0,3.0,Benishangul Gumz,Mao Komo Special,70414,55060,0.0,55060.0,0.0,0.0,0.0,55060.0,0.0,55060.0,0.0,0.0,0.0,55060.0,0.0,0.0,55060.0,0.0,0.0,55060.0
358,2010-04-01,2.0,Ethiopia,Benishangul Gumz,Metekel,2.0,3.0,Benishangul Gumz,Metekel,479162,374680,0.0,374680.0,0.0,0.0,0.0,374680.0,0.0,374680.0,0.0,0.0,0.0,374680.0,0.0,0.0,374680.0,0.0,0.0,374680.0
359,2010-04-01,2.0,Ethiopia,Oromia,North Shewa,2.0,3.0,Oromia,North Shewa,1626893,1272148,0.0,1272148.0,0.0,0.0,0.0,1272148.0,0.0,1272148.0,0.0,0.0,0.0,1272148.0,0.0,0.0,1272148.0,0.0,0.0,1272148.0
360,2010-04-01,2.0,Ethiopia,SNNP,Sheka,2.0,3.0,SNNP,Sheka,274212,214420,0.0,214420.0,0.0,0.0,0.0,214420.0,0.0,214420.0,0.0,0.0,0.0,214420.0,0.0,0.0,214420.0,0.0,0.0,214420.0
361,2010-04-01,2.0,Ethiopia,Oromia,West Shewa,2.0,3.0,Oromia,West Shewa,2773901,2169051,0.0,2169051.0,0.0,0.0,0.0,2169051.0,0.0,2169051.0,0.0,0.0,0.0,2169051.0,0.0,0.0,2169051.0,0.0,0.0,2169051.0
362,2010-04-01,1.0,Ethiopia,Amhara,Awi,1.0,1.0,Amhara,Awi,1338704,1046799,1046799.0,0.0,0.0,0.0,0.0,1046799.0,1046799.0,0.0,0.0,0.0,0.0,1046799.0,1046799.0,0.0,0.0,0.0,0.0,1046799.0
363,2010-04-01,1.0,Ethiopia,Amhara,West Gondar,1.0,2.0,Amhara,West Gondar,381393,298230,298230.0,0.0,0.0,0.0,0.0,298230.0,298230.0,0.0,0.0,0.0,0.0,298230.0,0.0,298230.0,0.0,0.0,0.0,298230.0
364,2010-07-01,3.0,Ethiopia,Somali,Afder,3.0,3.0,Somali,Afder,654828,512042,0.0,0.0,512042.0,0.0,0.0,512042.0,0.0,0.0,512042.0,0.0,0.0,512042.0,0.0,0.0,512042.0,0.0,0.0,512042.0
365,2010-07-01,3.0,Ethiopia,SNNP,Alle,3.0,2.0,SNNP,Alle,81190,63486,0.0,0.0,63486.0,0.0,0.0,63486.0,0.0,0.0,63486.0,0.0,0.0,63486.0,0.0,63486.0,0.0,0.0,0.0,63486.0
366,2010-07-01,2.0,Ethiopia,SNNP,Amaro,2.0,2.0,SNNP,Amaro,195252,152677,0.0,152677.0,0.0,0.0,0.0,152677.0,0.0,152677.0,0.0,0.0,0.0,152677.0,0.0,152677.0,0.0,0.0,0.0,152677.0
367,2010-07-01,3.0,Ethiopia,Oromia,Arsi,3.0,2.0,Oromia,Arsi,3645492,2850592,0.0,0.0,2850592.0,0.0,0.0,2850592.0,0.0,0.0,2850592.0,0.0,0.0,2850592.0,0.0,2850592.0,0.0,0.0,0.0,2850592.0
368,2010-07-01,3.0,Ethiopia,Oromia,Bale,3.0,3.0,Oromia,Bale,1887498,1475929,0.0,0.0,1475929.0,0.0,0.0,1475929.0,0.0,0.0,1475929.0,0.0,0.0,1475929.0,0.0,0.0,1475929.0,0.0,0.0,1475929.0
369,2010-07-01,3.0,Ethiopia,Oromia,Borena,3.0,3.0,Oromia,Borena,545493,426548,0.0,0.0,426548.0,0.0,0.0,426548.0,0.0,0.0,426548.0,0.0,0.0,426548.0,0.0,0.0,426548.0,0.0,0.0,426548.0
370,2010-07-01,1.0,Ethiopia,Oromia,Buno Bedele,1.0,1.0,Oromia,Buno Bedele,809088,632666,632666.0,0.0,0.0,0.0,0.0,632666.0,632666.0,0.0,0.0,0.0,0.0,632666.0,632666.0,0.0,0.0,0.0,0.0,632666.0
371,2010-07-01,2.0,Ethiopia,SNNP,Burji,2.0,3.0,SNNP,Burji,71728,56087,0.0,56087.0,0.0,0.0,0.0,56087.0,0.0,56087.0,0.0,0.0,0.0,56087.0,0.0,0.0,56087.0,0.0,0.0,56087.0
372,2010-07-01,3.0,Ethiopia,Tigray,Central,3.0,2.0,Tigray,Central,1384454,1082573,0.0,0.0,1082573.0,0.0,0.0,1082573.0,0.0,0.0,1082573.0,0.0,0.0,1082573.0,0.0,1082573.0,0.0,0.0,0.0,1082573.0
373,2010-07-01,3.0,Ethiopia,Amhara,Central Gondar,3.0,2.0,Amhara,Central Gondar,2719899,2126825,0.0,0.0,2126825.0,0.0,0.0,2126825.0,0.0,0.0,2126825.0,0.0,0.0,2126825.0,0.0,2126825.0,0.0,0.0,0.0,2126825.0
374,2010-07-01,2.0,Ethiopia,Somali,Daawa,2.0,3.0,Somali,Daawa,457130,357452,0.0,357452.0,0.0,0.0,0.0,357452.0,0.0,357452.0,0.0,0.0,0.0,357452.0,0.0,0.0,357452.0,0.0,0.0,357452.0
375,2010-07-01,2.0,Ethiopia,SNNP,Dawuro,2.0,2.0,SNNP,Dawuro,643931,503521,0.0,503521.0,0.0,0.0,0.0,503521.0,0.0,503521.0,0.0,0.0,0.0,503521.0,0.0,503521.0,0.0,0.0,0.0,503521.0
376,2010-07-01,3.0,Ethiopia,SNNP,Derashe,3.0,2.0,SNNP,Derashe,107301,83904,0.0,0.0,83904.0,0.0,0.0,83904.0,0.0,0.0,83904.0,0.0,0.0,83904.0,0.0,83904.0,0.0,0.0,0.0,83904.0
377,2010-07-01,3.0,Ethiopia,Dire Dawa,Dire Dawa rural,3.0,2.0,Dire Dawa,Dire Dawa rural,188933,147736,0.0,0.0,147736.0,0.0,0.0,147736.0,0.0,0.0,147736.0,0.0,0.0,147736.0,0.0,147736.0,0.0,0.0,0.0,147736.0
378,2010-07-01,3.0,Ethiopia,Amhara,East Gojam,3.0,2.0,Amhara,East Gojam,2672621,2089856,0.0,0.0,2089856.0,0.0,0.0,2089856.0,0.0,0.0,2089856.0,0.0,0.0,2089856.0,0.0,2089856.0,0.0,0.0,0.0,2089856.0
379,2010-07-01,3.0,Ethiopia,Oromia,East Hararge,3.0,3.0,Oromia,East Hararge,3739861,2924384,0.0,0.0,2924384.0,0.0,0.0,2924384.0,0.0,0.0,2924384.0,0.0,0.0,2924384.0,0.0,0.0,2924384.0,0.0,0.0,2924384.0
380,2010-07-01,3.0,Ethiopia,Oromia,East Shewa,3.0,3.0,Oromia,East Shewa,2234419,1747203,0.0,0.0,1747203.0,0.0,0.0,1747203.0,0.0,0.0,1747203.0,0.0,0.0,1747203.0,0.0,0.0,1747203.0,0.0,0.0,1747203.0
381,2010-07-01,2.0,Ethiopia,Oromia,East Wellega,2.0,2.0,Oromia,East Wellega,1693681,1324373,0.0,1324373.0,0.0,0.0,0.0,1324373.0,0.0,1324373.0,0.0,0.0,0.0,1324373.0,0.0,1324373.0,0.0,0.0,0.0,1324373.0
382,2010-07-01,3.0,Ethiopia,Tigray,Eastern,3.0,2.0,Tigray,Eastern,940053,735074,0.0,0.0,735074.0,0.0,0.0,735074.0,0.0,0.0,735074.0,0.0,0.0,735074.0,0.0,735074.0,0.0,0.0,0.0,735074.0
383,2010-07-01,3.0,Ethiopia,Somali,Erer,3.0,3.0,Somali,Erer,268901,210267,0.0,0.0,210267.0,0.0,0.0,210267.0,0.0,0.0,210267.0,0.0,0.0,210267.0,0.0,0.0,210267.0,0.0,0.0,210267.0
384,2010-07-01,3.0,Ethiopia,Somali,Fafan,3.0,3.0,Somali,Fafan,1242707,971734,0.0,0.0,971734.0,0.0,0.0,971734.0,0.0,0.0,971734.0,0.0,0.0,971734.0,0.0,0.0,971734.0,0.0,0.0,971734.0
385,2010-07-01,3.0,Ethiopia,SNNP,Gamo,3.0,2.0,SNNP,Gamo,1462777,1143818,0.0,0.0,1143818.0,0.0,0.0,1143818.0,0.0,0.0,1143818.0,0.0,0.0,1143818.0,0.0,1143818.0,0.0,0.0,0.0,1143818.0
386,2010-07-01,3.0,Ethiopia,SNNP,Gedeo,3.0,2.0,SNNP,Gedeo,1131834,885037,0.0,0.0,885037.0,0.0,0.0,885037.0,0.0,0.0,885037.0,0.0,0.0,885037.0,0.0,885037.0,0.0,0.0,0.0,885037.0
387,2010-07-01,3.0,Ethiopia,SNNP,Gofa,3.0,2.0,SNNP,Gofa,623589,487615,0.0,0.0,487615.0,0.0,0.0,487615.0,0.0,0.0,487615.0,0.0,0.0,487615.0,0.0,487615.0,0.0,0.0,0.0,487615.0
388,2010-07-01,3.0,Ethiopia,Oromia,Guji,3.0,3.0,Oromia,Guji,1482472,1159218,0.0,0.0,1159218.0,0.0,0.0,1159218.0,0.0,0.0,1159218.0,0.0,0.0,1159218.0,0.0,0.0,1159218.0,0.0,0.0,1159218.0
389,2010-07-01,3.0,Ethiopia,SNNP,Guraghe,3.0,2.0,SNNP,Guraghe,1882107,1471713,0.0,0.0,1471713.0,0.0,0.0,1471713.0,0.0,0.0,1471713.0,0.0,0.0,1471713.0,0.0,1471713.0,0.0,0.0,0.0,1471713.0
390,2010-07-01,3.0,Ethiopia,SNNP,Hadiya,3.0,2.0,SNNP,Hadiya,1700138,1329422,0.0,0.0,1329422.0,0.0,0.0,1329422.0,0.0,0.0,1329422.0,0.0,0.0,1329422.0,0.0,1329422.0,0.0,0.0,0.0,1329422.0
391,2010-07-01,3.0,Ethiopia,SNNP,Halaba Special,3.0,2.0,SNNP,Halaba Special,658130,514624,0.0,0.0,514624.0,0.0,0.0,514624.0,0.0,0.0,514624.0,0.0,0.0,514624.0,0.0,514624.0,0.0,0.0,0.0,514624.0
392,2010-07-01,3.0,Ethiopia,Harari,Harari,3.0,2.0,Harari,Harari,260022,203324,0.0,0.0,203324.0,0.0,0.0,203324.0,0.0,0.0,203324.0,0.0,0.0,203324.0,0.0,203324.0,0.0,0.0,0.0,203324.0
393,2010-07-01,3.0,Ethiopia,Somali,Jarar,3.0,3.0,Somali,Jarar,641077,501290,0.0,0.0,501290.0,0.0,0.0,501290.0,0.0,0.0,501290.0,0.0,0.0,501290.0,0.0,0.0,501290.0,0.0,0.0,501290.0
394,2010-07-01,2.0,Ethiopia,Oromia,Jimma,2.0,2.0,Oromia,Jimma,3672640,2871820,0.0,2871820.0,0.0,0.0,0.0,2871820.0,0.0,2871820.0,0.0,0.0,0.0,2871820.0,0.0,2871820.0,0.0,0.0,0.0,2871820.0
395,2010-07-01,2.0,Ethiopia,Benishangul Gumz,Kemashi,2.0,2.0,Benishangul Gumz,Kemashi,150986,118063,0.0,118063.0,0.0,0.0,0.0,118063.0,0.0,118063.0,0.0,0.0,0.0,118063.0,0.0,118063.0,0.0,0.0,0.0,118063.0
396,2010-07-01,3.0,Ethiopia,SNNP,Kembata Tibaro,3.0,2.0,SNNP,Kembata Tibaro,911347,712627,0.0,0.0,712627.0,0.0,0.0,712627.0,0.0,0.0,712627.0,0.0,0.0,712627.0,0.0,712627.0,0.0,0.0,0.0,712627.0
397,2010-07-01,2.0,Ethiopia,SNNP,Konso,2.0,3.0,SNNP,Konso,284360,222355,0.0,222355.0,0.0,0.0,0.0,222355.0,0.0,222355.0,0.0,0.0,0.0,222355.0,0.0,0.0,222355.0,0.0,0.0,222355.0
398,2010-07-01,3.0,Ethiopia,Somali,Liban,3.0,3.0,Somali,Liban,505190,395033,0.0,0.0,395033.0,0.0,0.0,395033.0,0.0,0.0,395033.0,0.0,0.0,395033.0,0.0,0.0,395033.0,0.0,0.0,395033.0
399,2010-07-01,3.0,Ethiopia,Tigray,Mekele Special,3.0,2.0,Tigray,Mekele Special,418327,327110,0.0,0.0,327110.0,0.0,0.0,327110.0,0.0,0.0,327110.0,0.0,0.0,327110.0,0.0,327110.0,0.0,0.0,0.0,327110.0
400,2010-07-01,3.0,Ethiopia,SNNP,Mirab Omo,3.0,3.0,SNNP,Mirab Omo,262515,205273,0.0,0.0,205273.0,0.0,0.0,205273.0,0.0,0.0,205273.0,0.0,0.0,205273.0,0.0,0.0,205273.0,0.0,0.0,205273.0
401,2010-07-01,3.0,Ethiopia,Somali,Nogob,3.0,3.0,Somali,Nogob,217220,169855,0.0,0.0,169855.0,0.0,0.0,169855.0,0.0,0.0,169855.0,0.0,0.0,169855.0,0.0,0.0,169855.0,0.0,0.0,169855.0
402,2010-07-01,3.0,Ethiopia,Amhara,North Gondar,3.0,2.0,Amhara,North Gondar,889977,695917,0.0,0.0,695917.0,0.0,0.0,695917.0,0.0,0.0,695917.0,0.0,0.0,695917.0,0.0,695917.0,0.0,0.0,0.0,695917.0
403,2010-07-01,3.0,Ethiopia,Amhara,North Shewa,3.0,3.0,Amhara,North Shewa,2293091,1793082,0.0,0.0,1793082.0,0.0,0.0,1793082.0,0.0,0.0,1793082.0,0.0,0.0,1793082.0,0.0,0.0,1793082.0,0.0,0.0,1793082.0
404,2010-07-01,3.0,Ethiopia,Amhara,North Wello,3.0,3.0,Amhara,North Wello,1740337,1360856,0.0,0.0,1360856.0,0.0,0.0,1360856.0,0.0,0.0,1360856.0,0.0,0.0,1360856.0,0.0,0.0,1360856.0,0.0,0.0,1360856.0
405,2010-07-01,3.0,Ethiopia,Tigray,North Western,3.0,2.0,Tigray,North Western,893262,698486,0.0,0.0,698486.0,0.0,0.0,698486.0,0.0,0.0,698486.0,0.0,0.0,698486.0,0.0,698486.0,0.0,0.0,0.0,698486.0
406,2010-07-01,4.0,Ethiopia,Gambela,Nuwer,4.0,3.0,Gambela,Nuwer,166901,130508,0.0,0.0,0.0,130508.0,0.0,130508.0,0.0,0.0,0.0,130508.0,0.0,130508.0,0.0,0.0,130508.0,0.0,0.0,130508.0
407,2010-07-01,3.0,Ethiopia,Amhara,Oromia,3.0,2.0,Amhara,Oromia,569808,445561,0.0,0.0,445561.0,0.0,0.0,445561.0,0.0,0.0,445561.0,0.0,0.0,445561.0,0.0,445561.0,0.0,0.0,0.0,445561.0
408,2010-07-01,4.0,Ethiopia,Somali,Shabelle,4.0,4.0,Somali,Shabelle,647430,506257,0.0,0.0,0.0,506257.0,0.0,506257.0,0.0,0.0,0.0,506257.0,0.0,506257.0,0.0,0.0,0.0,506257.0,0.0,506257.0
409,2010-07-01,3.0,Ethiopia,SNNP,Sidama,3.0,2.0,SNNP,Sidama,4212331,3293832,0.0,0.0,3293832.0,0.0,0.0,3293832.0,0.0,0.0,3293832.0,0.0,0.0,3293832.0,0.0,3293832.0,0.0,0.0,0.0,3293832.0
410,2010-07-01,3.0,Ethiopia,SNNP,Siltie,3.0,2.0,SNNP,Siltie,1051444,822176,0.0,0.0,822176.0,0.0,0.0,822176.0,0.0,0.0,822176.0,0.0,0.0,822176.0,0.0,822176.0,0.0,0.0,0.0,822176.0
411,2010-07-01,3.0,Ethiopia,Somali,Siti,3.0,3.0,Somali,Siti,644214,503743,0.0,0.0,503743.0,0.0,0.0,503743.0,0.0,0.0,503743.0,0.0,0.0,503743.0,0.0,0.0,503743.0,0.0,0.0,503743.0
412,2010-07-01,3.0,Ethiopia,Tigray,South Eastern,3.0,3.0,Tigray,South Eastern,528199,413025,0.0,0.0,413025.0,0.0,0.0,413025.0,0.0,0.0,413025.0,0.0,0.0,413025.0,0.0,0.0,413025.0,0.0,0.0,413025.0
413,2010-07-01,3.0,Ethiopia,Amhara,South Gondar,3.0,3.0,Amhara,South Gondar,2526963,1975958,0.0,0.0,1975958.0,0.0,0.0,1975958.0,0.0,0.0,1975958.0,0.0,0.0,1975958.0,0.0,0.0,1975958.0,0.0,0.0,1975958.0
414,2010-07-01,3.0,Ethiopia,SNNP,South Omo,3.0,3.0,SNNP,South Omo,754134,589695,0.0,0.0,589695.0,0.0,0.0,589695.0,0.0,0.0,589695.0,0.0,0.0,589695.0,0.0,0.0,589695.0,0.0,0.0,589695.0
415,2010-07-01,3.0,Ethiopia,Amhara,South Wello,3.0,3.0,Amhara,South Wello,3246827,2538856,0.0,0.0,2538856.0,0.0,0.0,2538856.0,0.0,0.0,2538856.0,0.0,0.0,2538856.0,0.0,0.0,2538856.0,0.0,0.0,2538856.0
416,2010-07-01,3.0,Ethiopia,Oromia,South West Shewa,3.0,2.0,Oromia,South West Shewa,1264234,988567,0.0,0.0,988567.0,0.0,0.0,988567.0,0.0,0.0,988567.0,0.0,0.0,988567.0,0.0,988567.0,0.0,0.0,0.0,988567.0
417,2010-07-01,3.0,Ethiopia,Tigray,Southern,3.0,3.0,Tigray,Southern,752344,588295,0.0,0.0,588295.0,0.0,0.0,588295.0,0.0,0.0,588295.0,0.0,0.0,588295.0,0.0,0.0,588295.0,0.0,0.0,588295.0
418,2010-07-01,3.0,Ethiopia,Amhara,Wag Hamra,3.0,3.0,Amhara,Wag Hamra,516457,403843,0.0,0.0,403843.0,0.0,0.0,403843.0,0.0,0.0,403843.0,0.0,0.0,403843.0,0.0,0.0,403843.0,0.0,0.0,403843.0
419,2010-07-01,3.0,Ethiopia,Oromia,West Arsi,3.0,2.0,Oromia,West Arsi,2868933,2243362,0.0,0.0,2243362.0,0.0,0.0,2243362.0,0.0,0.0,2243362.0,0.0,0.0,2243362.0,0.0,2243362.0,0.0,0.0,0.0,2243362.0
420,2010-07-01,3.0,Ethiopia,Oromia,West Guji,3.0,3.0,Oromia,West Guji,1223292,956553,0.0,0.0,956553.0,0.0,0.0,956553.0,0.0,0.0,956553.0,0.0,0.0,956553.0,0.0,0.0,956553.0,0.0,0.0,956553.0
421,2010-07-01,3.0,Ethiopia,Oromia,West Hararge,3.0,2.0,Oromia,West Hararge,2568661,2008564,0.0,0.0,2008564.0,0.0,0.0,2008564.0,0.0,0.0,2008564.0,0.0,0.0,2008564.0,0.0,2008564.0,0.0,0.0,0.0,2008564.0
422,2010-07-01,2.0,Ethiopia,Oromia,West Wellega,2.0,2.0,Oromia,West Wellega,1880222,1470239,0.0,1470239.0,0.0,0.0,0.0,1470239.0,0.0,1470239.0,0.0,0.0,0.0,1470239.0,0.0,1470239.0,0.0,0.0,0.0,1470239.0
423,2010-07-01,3.0,Ethiopia,Tigray,Western,3.0,2.0,Tigray,Western,440553,344490,0.0,0.0,344490.0,0.0,0.0,344490.0,0.0,0.0,344490.0,0.0,0.0,344490.0,0.0,344490.0,0.0,0.0,0.0,344490.0
424,2010-07-01,3.0,Ethiopia,SNNP,Wolayita,3.0,2.0,SNNP,Wolayita,1999292,1563346,0.0,0.0,1563346.0,0.0,0.0,1563346.0,0.0,0.0,1563346.0,0.0,0.0,1563346.0,0.0,1563346.0,0.0,0.0,0.0,1563346.0
425,2010-07-01,2.0,Ethiopia,SNNP,Yem Special,2.0,2.0,SNNP,Yem Special,102526,80170,0.0,80170.0,0.0,0.0,0.0,80170.0,0.0,80170.0,0.0,0.0,0.0,80170.0,0.0,80170.0,0.0,0.0,0.0,80170.0
426,2010-07-01,3.0,Ethiopia,Afar,Zone 1 (Awsi Rasu),3.0,2.0,Afar,Zone 1 (Awsi Rasu),643036,502822,0.0,0.0,502822.0,0.0,0.0,502822.0,0.0,0.0,502822.0,0.0,0.0,502822.0,0.0,502822.0,0.0,0.0,0.0,502822.0
427,2010-07-01,3.0,Ethiopia,Afar,Zone 2 (Kilbet Rasu),3.0,3.0,Afar,Zone 2 (Kilbet Rasu),493764,386098,0.0,0.0,386098.0,0.0,0.0,386098.0,0.0,0.0,386098.0,0.0,0.0,386098.0,0.0,0.0,386098.0,0.0,0.0,386098.0
428,2010-07-01,3.0,Ethiopia,Afar,Zone 3 (Gabi Rasu),3.0,3.0,Afar,Zone 3 (Gabi Rasu),281357,220007,0.0,0.0,220007.0,0.0,0.0,220007.0,0.0,0.0,220007.0,0.0,0.0,220007.0,0.0,0.0,220007.0,0.0,0.0,220007.0
429,2010-07-01,3.0,Ethiopia,Afar,Zone 4 (Fantana Rasu),3.0,3.0,Afar,Zone 4 (Fantana Rasu),276855,216486,0.0,0.0,216486.0,0.0,0.0,216486.0,0.0,0.0,216486.0,0.0,0.0,216486.0,0.0,0.0,216486.0,0.0,0.0,216486.0
430,2010-07-01,3.0,Ethiopia,Afar,Zone 5 (Hari Rasu),3.0,2.0,Afar,Zone 5 (Hari Rasu),209402,163741,0.0,0.0,163741.0,0.0,0.0,163741.0,0.0,0.0,163741.0,0.0,0.0,163741.0,0.0,163741.0,0.0,0.0,0.0,163741.0
431,2010-07-01,4.0,Ethiopia,Gambela,Agnewak,4.0,3.0,Gambela,Agnewak,164054,128282,0.0,0.0,0.0,128282.0,0.0,128282.0,0.0,0.0,0.0,128282.0,0.0,128282.0,0.0,0.0,128282.0,0.0,0.0,128282.0
432,2010-07-01,3.0,Ethiopia,Somali,Doolo,3.0,4.0,Somali,Doolo,425824,332973,0.0,0.0,332973.0,0.0,0.0,332973.0,0.0,0.0,332973.0,0.0,0.0,332973.0,0.0,0.0,0.0,332973.0,0.0,332973.0
433,2010-07-01,2.0,Ethiopia,Somali,Korahe,2.0,3.0,Somali,Korahe,511890,400272,0.0,400272.0,0.0,0.0,0.0,400272.0,0.0,400272.0,0.0,0.0,0.0,400272.0,0.0,0.0,400272.0,0.0,0.0,400272.0
434,2010-07-01,3.0,Ethiopia,Oromia,Finfine Special,3.0,2.0,Oromia,Finfine Special,1040106,813310,0.0,0.0,813310.0,0.0,0.0,813310.0,0.0,0.0,813310.0,0.0,0.0,813310.0,0.0,813310.0,0.0,0.0,0.0,813310.0
435,2010-07-01,3.0,Ethiopia,Addis Ababa,Region 14,3.0,2.0,Addis Ababa,Region 14,3585647,2803796,0.0,0.0,2803796.0,0.0,0.0,2803796.0,0.0,0.0,2803796.0,0.0,0.0,2803796.0,0.0,2803796.0,0.0,0.0,0.0,2803796.0
436,2010-07-01,1.0,Ethiopia,Amhara,West Gojam,1.0,1.0,Amhara,West Gojam,2894095,2263037,2263037.0,0.0,0.0,0.0,0.0,2263037.0,2263037.0,0.0,0.0,0.0,0.0,2263037.0,2263037.0,0.0,0.0,0.0,0.0,2263037.0
437,2010-07-01,3.0,Ethiopia,SNNP,Basketo,3.0,2.0,SNNP,Basketo,75512,59046,0.0,0.0,59046.0,0.0,0.0,59046.0,0.0,0.0,59046.0,0.0,0.0,59046.0,0.0,59046.0,0.0,0.0,0.0,59046.0
438,2010-07-01,3.0,Ethiopia,SNNP,Bench Maji,3.0,3.0,SNNP,Bench Maji,603595,471981,0.0,0.0,471981.0,0.0,0.0,471981.0,0.0,0.0,471981.0,0.0,0.0,471981.0,0.0,0.0,471981.0,0.0,0.0,471981.0
439,2010-07-01,3.0,Ethiopia,Gambela,Etang Special woreda,3.0,3.0,Gambela,Etang Special woreda,50260,39300,0.0,0.0,39300.0,0.0,0.0,39300.0,0.0,0.0,39300.0,0.0,0.0,39300.0,0.0,0.0,39300.0,0.0,0.0,39300.0
440,2010-07-01,3.0,Ethiopia,Oromia,Ilu Aba Bora,3.0,3.0,Oromia,Ilu Aba Bora,953178,745337,0.0,0.0,745337.0,0.0,0.0,745337.0,0.0,0.0,745337.0,0.0,0.0,745337.0,0.0,0.0,745337.0,0.0,0.0,745337.0
441,2010-07-01,2.0,Ethiopia,SNNP,Kefa,2.0,2.0,SNNP,Kefa,1053546,823820,0.0,823820.0,0.0,0.0,0.0,823820.0,0.0,823820.0,0.0,0.0,0.0,823820.0,0.0,823820.0,0.0,0.0,0.0,823820.0
442,2010-07-01,2.0,Ethiopia,SNNP,Konta Special,2.0,2.0,SNNP,Konta Special,119904,93758,0.0,93758.0,0.0,0.0,0.0,93758.0,0.0,93758.0,0.0,0.0,0.0,93758.0,0.0,93758.0,0.0,0.0,0.0,93758.0
443,2010-07-01,3.0,Ethiopia,Gambela,Mejenger,3.0,3.0,Gambela,Mejenger,81617,63820,0.0,0.0,63820.0,0.0,0.0,63820.0,0.0,0.0,63820.0,0.0,0.0,63820.0,0.0,0.0,63820.0,0.0,0.0,63820.0
444,2010-07-01,3.0,Ethiopia,Benishangul Gumz,Asosa,3.0,2.0,Benishangul Gumz,Asosa,402287,314568,0.0,0.0,314568.0,0.0,0.0,314568.0,0.0,0.0,314568.0,0.0,0.0,314568.0,0.0,314568.0,0.0,0.0,0.0,314568.0
445,2010-07-01,,Ethiopia,Dire Dawa,Dire Dawa urban,,,Dire Dawa,Dire Dawa urban,319985,250212,0.0,0.0,0.0,0.0,0.0,0.0,0.0,0.0,0.0,0.0,0.0,0.0,0.0,0.0,0.0,0.0,0.0,0.0
446,2010-07-01,2.0,Ethiopia,Oromia,Horo Gudru Wellega,2.0,2.0,Oromia,Horo Gudru Wellega,791731,619094,0.0,619094.0,0.0,0.0,0.0,619094.0,0.0,619094.0,0.0,0.0,0.0,619094.0,0.0,619094.0,0.0,0.0,0.0,619094.0
447,2010-07-01,3.0,Ethiopia,Oromia,Kelem Wellega,3.0,2.0,Oromia,Kelem Wellega,1141498,892594,0.0,0.0,892594.0,0.0,0.0,892594.0,0.0,0.0,892594.0,0.0,0.0,892594.0,0.0,892594.0,0.0,0.0,0.0,892594.0
448,2010-07-01,3.0,Ethiopia,Benishangul Gumz,Mao Komo Special,3.0,2.0,Benishangul Gumz,Mao Komo Special,70414,55060,0.0,0.0,55060.0,0.0,0.0,55060.0,0.0,0.0,55060.0,0.0,0.0,55060.0,0.0,55060.0,0.0,0.0,0.0,55060.0
449,2010-07-01,2.0,Ethiopia,Benishangul Gumz,Metekel,2.0,1.0,Benishangul Gumz,Metekel,479162,374680,0.0,374680.0,0.0,0.0,0.0,374680.0,0.0,374680.0,0.0,0.0,0.0,374680.0,374680.0,0.0,0.0,0.0,0.0,374680.0
450,2010-07-01,3.0,Ethiopia,Oromia,North Shewa,3.0,3.0,Oromia,North Shewa,1626893,1272148,0.0,0.0,1272148.0,0.0,0.0,1272148.0,0.0,0.0,1272148.0,0.0,0.0,1272148.0,0.0,0.0,1272148.0,0.0,0.0,1272148.0
451,2010-07-01,3.0,Ethiopia,SNNP,Sheka,3.0,3.0,SNNP,Sheka,274212,214420,0.0,0.0,214420.0,0.0,0.0,214420.0,0.0,0.0,214420.0,0.0,0.0,214420.0,0.0,0.0,214420.0,0.0,0.0,214420.0
452,2010-07-01,2.0,Ethiopia,Oromia,West Shewa,2.0,2.0,Oromia,West Shewa,2773901,2169051,0.0,2169051.0,0.0,0.0,0.0,2169051.0,0.0,2169051.0,0.0,0.0,0.0,2169051.0,0.0,2169051.0,0.0,0.0,0.0,2169051.0
453,2010-07-01,1.0,Ethiopia,Amhara,Awi,1.0,1.0,Amhara,Awi,1338704,1046799,1046799.0,0.0,0.0,0.0,0.0,1046799.0,1046799.0,0.0,0.0,0.0,0.0,1046799.0,1046799.0,0.0,0.0,0.0,0.0,1046799.0
454,2010-07-01,1.0,Ethiopia,Amhara,West Gondar,2.0,1.0,Amhara,West Gondar,381393,298230,298230.0,0.0,0.0,0.0,0.0,298230.0,0.0,298230.0,0.0,0.0,0.0,298230.0,298230.0,0.0,0.0,0.0,0.0,298230.0
455,2010-10-01,4.0,Ethiopia,Somali,Afder,4.0,4.0,Somali,Afder,654828,512042,0.0,0.0,0.0,512042.0,0.0,512042.0,0.0,0.0,0.0,512042.0,0.0,512042.0,0.0,0.0,0.0,512042.0,0.0,512042.0
456,2010-10-01,3.0,Ethiopia,SNNP,Alle,2.0,2.0,SNNP,Alle,81190,63486,0.0,0.0,63486.0,0.0,0.0,63486.0,0.0,63486.0,0.0,0.0,0.0,63486.0,0.0,63486.0,0.0,0.0,0.0,63486.0
457,2010-10-01,2.0,Ethiopia,SNNP,Amaro,2.0,2.0,SNNP,Amaro,195252,152677,0.0,152677.0,0.0,0.0,0.0,152677.0,0.0,152677.0,0.0,0.0,0.0,152677.0,0.0,152677.0,0.0,0.0,0.0,152677.0
458,2010-10-01,3.0,Ethiopia,Oromia,Arsi,3.0,3.0,Oromia,Arsi,3645492,2850592,0.0,0.0,2850592.0,0.0,0.0,2850592.0,0.0,0.0,2850592.0,0.0,0.0,2850592.0,0.0,0.0,2850592.0,0.0,0.0,2850592.0
459,2010-10-01,3.0,Ethiopia,Oromia,Bale,3.0,3.0,Oromia,Bale,1887498,1475929,0.0,0.0,1475929.0,0.0,0.0,1475929.0,0.0,0.0,1475929.0,0.0,0.0,1475929.0,0.0,0.0,1475929.0,0.0,0.0,1475929.0
460,2010-10-01,3.0,Ethiopia,Oromia,Borena,3.0,3.0,Oromia,Borena,545493,426548,0.0,0.0,426548.0,0.0,0.0,426548.0,0.0,0.0,426548.0,0.0,0.0,426548.0,0.0,0.0,426548.0,0.0,0.0,426548.0
461,2010-10-01,1.0,Ethiopia,Oromia,Buno Bedele,1.0,1.0,Oromia,Buno Bedele,809088,632666,632666.0,0.0,0.0,0.0,0.0,632666.0,632666.0,0.0,0.0,0.0,0.0,632666.0,632666.0,0.0,0.0,0.0,0.0,632666.0
462,2010-10-01,2.0,Ethiopia,SNNP,Burji,2.0,2.0,SNNP,Burji,71728,56087,0.0,56087.0,0.0,0.0,0.0,56087.0,0.0,56087.0,0.0,0.0,0.0,56087.0,0.0,56087.0,0.0,0.0,0.0,56087.0
463,2010-10-01,3.0,Ethiopia,Tigray,Central,2.0,2.0,Tigray,Central,1384454,1082573,0.0,0.0,1082573.0,0.0,0.0,1082573.0,0.0,1082573.0,0.0,0.0,0.0,1082573.0,0.0,1082573.0,0.0,0.0,0.0,1082573.0
464,2010-10-01,3.0,Ethiopia,Amhara,Central Gondar,2.0,2.0,Amhara,Central Gondar,2719899,2126825,0.0,0.0,2126825.0,0.0,0.0,2126825.0,0.0,2126825.0,0.0,0.0,0.0,2126825.0,0.0,2126825.0,0.0,0.0,0.0,2126825.0
465,2010-10-01,2.0,Ethiopia,Somali,Daawa,3.0,3.0,Somali,Daawa,457130,357452,0.0,357452.0,0.0,0.0,0.0,357452.0,0.0,0.0,357452.0,0.0,0.0,357452.0,0.0,0.0,357452.0,0.0,0.0,357452.0
466,2010-10-01,2.0,Ethiopia,SNNP,Dawuro,2.0,3.0,SNNP,Dawuro,643931,503521,0.0,503521.0,0.0,0.0,0.0,503521.0,0.0,503521.0,0.0,0.0,0.0,503521.0,0.0,0.0,503521.0,0.0,0.0,503521.0
467,2010-10-01,3.0,Ethiopia,SNNP,Derashe,2.0,2.0,SNNP,Derashe,107301,83904,0.0,0.0,83904.0,0.0,0.0,83904.0,0.0,83904.0,0.0,0.0,0.0,83904.0,0.0,83904.0,0.0,0.0,0.0,83904.0
468,2010-10-01,3.0,Ethiopia,Dire Dawa,Dire Dawa rural,2.0,2.0,Dire Dawa,Dire Dawa rural,188933,147736,0.0,0.0,147736.0,0.0,0.0,147736.0,0.0,147736.0,0.0,0.0,0.0,147736.0,0.0,147736.0,0.0,0.0,0.0,147736.0
469,2010-10-01,3.0,Ethiopia,Amhara,East Gojam,2.0,2.0,Amhara,East Gojam,2672621,2089856,0.0,0.0,2089856.0,0.0,0.0,2089856.0,0.0,2089856.0,0.0,0.0,0.0,2089856.0,0.0,2089856.0,0.0,0.0,0.0,2089856.0
470,2010-10-01,3.0,Ethiopia,Oromia,East Hararge,3.0,3.0,Oromia,East Hararge,3739861,2924384,0.0,0.0,2924384.0,0.0,0.0,2924384.0,0.0,0.0,2924384.0,0.0,0.0,2924384.0,0.0,0.0,2924384.0,0.0,0.0,2924384.0
471,2010-10-01,3.0,Ethiopia,Oromia,East Shewa,3.0,3.0,Oromia,East Shewa,2234419,1747203,0.0,0.0,1747203.0,0.0,0.0,1747203.0,0.0,0.0,1747203.0,0.0,0.0,1747203.0,0.0,0.0,1747203.0,0.0,0.0,1747203.0
472,2010-10-01,2.0,Ethiopia,Oromia,East Wellega,2.0,2.0,Oromia,East Wellega,1693681,1324373,0.0,1324373.0,0.0,0.0,0.0,1324373.0,0.0,1324373.0,0.0,0.0,0.0,1324373.0,0.0,1324373.0,0.0,0.0,0.0,1324373.0
473,2010-10-01,3.0,Ethiopia,Tigray,Eastern,2.0,2.0,Tigray,Eastern,940053,735074,0.0,0.0,735074.0,0.0,0.0,735074.0,0.0,735074.0,0.0,0.0,0.0,735074.0,0.0,735074.0,0.0,0.0,0.0,735074.0
474,2010-10-01,3.0,Ethiopia,Somali,Erer,3.0,3.0,Somali,Erer,268901,210267,0.0,0.0,210267.0,0.0,0.0,210267.0,0.0,0.0,210267.0,0.0,0.0,210267.0,0.0,0.0,210267.0,0.0,0.0,210267.0
475,2010-10-01,3.0,Ethiopia,Somali,Fafan,3.0,3.0,Somali,Fafan,1242707,971734,0.0,0.0,971734.0,0.0,0.0,971734.0,0.0,0.0,971734.0,0.0,0.0,971734.0,0.0,0.0,971734.0,0.0,0.0,971734.0
476,2010-10-01,3.0,Ethiopia,SNNP,Gamo,2.0,3.0,SNNP,Gamo,1462777,1143818,0.0,0.0,1143818.0,0.0,0.0,1143818.0,0.0,1143818.0,0.0,0.0,0.0,1143818.0,0.0,0.0,1143818.0,0.0,0.0,1143818.0
477,2010-10-01,3.0,Ethiopia,SNNP,Gedeo,3.0,3.0,SNNP,Gedeo,1131834,885037,0.0,0.0,885037.0,0.0,0.0,885037.0,0.0,0.0,885037.0,0.0,0.0,885037.0,0.0,0.0,885037.0,0.0,0.0,885037.0
478,2010-10-01,3.0,Ethiopia,SNNP,Gofa,2.0,2.0,SNNP,Gofa,623589,487615,0.0,0.0,487615.0,0.0,0.0,487615.0,0.0,487615.0,0.0,0.0,0.0,487615.0,0.0,487615.0,0.0,0.0,0.0,487615.0
479,2010-10-01,3.0,Ethiopia,Oromia,Guji,3.0,3.0,Oromia,Guji,1482472,1159218,0.0,0.0,1159218.0,0.0,0.0,1159218.0,0.0,0.0,1159218.0,0.0,0.0,1159218.0,0.0,0.0,1159218.0,0.0,0.0,1159218.0
480,2010-10-01,3.0,Ethiopia,SNNP,Guraghe,2.0,3.0,SNNP,Guraghe,1882107,1471713,0.0,0.0,1471713.0,0.0,0.0,1471713.0,0.0,1471713.0,0.0,0.0,0.0,1471713.0,0.0,0.0,1471713.0,0.0,0.0,1471713.0
481,2010-10-01,3.0,Ethiopia,SNNP,Hadiya,2.0,3.0,SNNP,Hadiya,1700138,1329422,0.0,0.0,1329422.0,0.0,0.0,1329422.0,0.0,1329422.0,0.0,0.0,0.0,1329422.0,0.0,0.0,1329422.0,0.0,0.0,1329422.0
482,2010-10-01,3.0,Ethiopia,SNNP,Halaba Special,2.0,3.0,SNNP,Halaba Special,658130,514624,0.0,0.0,514624.0,0.0,0.0,514624.0,0.0,514624.0,0.0,0.0,0.0,514624.0,0.0,0.0,514624.0,0.0,0.0,514624.0
483,2010-10-01,3.0,Ethiopia,Harari,Harari,3.0,3.0,Harari,Harari,260022,203324,0.0,0.0,203324.0,0.0,0.0,203324.0,0.0,0.0,203324.0,0.0,0.0,203324.0,0.0,0.0,203324.0,0.0,0.0,203324.0
484,2010-10-01,3.0,Ethiopia,Somali,Jarar,3.0,3.0,Somali,Jarar,641077,501290,0.0,0.0,501290.0,0.0,0.0,501290.0,0.0,0.0,501290.0,0.0,0.0,501290.0,0.0,0.0,501290.0,0.0,0.0,501290.0
485,2010-10-01,2.0,Ethiopia,Oromia,Jimma,2.0,3.0,Oromia,Jimma,3672640,2871820,0.0,2871820.0,0.0,0.0,0.0,2871820.0,0.0,2871820.0,0.0,0.0,0.0,2871820.0,0.0,0.0,2871820.0,0.0,0.0,2871820.0
486,2010-10-01,2.0,Ethiopia,Benishangul Gumz,Kemashi,1.0,1.0,Benishangul Gumz,Kemashi,150986,118063,0.0,118063.0,0.0,0.0,0.0,118063.0,118063.0,0.0,0.0,0.0,0.0,118063.0,118063.0,0.0,0.0,0.0,0.0,118063.0
487,2010-10-01,3.0,Ethiopia,SNNP,Kembata Tibaro,2.0,3.0,SNNP,Kembata Tibaro,911347,712627,0.0,0.0,712627.0,0.0,0.0,712627.0,0.0,712627.0,0.0,0.0,0.0,712627.0,0.0,0.0,712627.0,0.0,0.0,712627.0
488,2010-10-01,2.0,Ethiopia,SNNP,Konso,2.0,2.0,SNNP,Konso,284360,222355,0.0,222355.0,0.0,0.0,0.0,222355.0,0.0,222355.0,0.0,0.0,0.0,222355.0,0.0,222355.0,0.0,0.0,0.0,222355.0
489,2010-10-01,4.0,Ethiopia,Somali,Liban,4.0,4.0,Somali,Liban,505190,395033,0.0,0.0,0.0,395033.0,0.0,395033.0,0.0,0.0,0.0,395033.0,0.0,395033.0,0.0,0.0,0.0,395033.0,0.0,395033.0
490,2010-10-01,3.0,Ethiopia,Tigray,Mekele Special,2.0,2.0,Tigray,Mekele Special,418327,327110,0.0,0.0,327110.0,0.0,0.0,327110.0,0.0,327110.0,0.0,0.0,0.0,327110.0,0.0,327110.0,0.0,0.0,0.0,327110.0
491,2010-10-01,3.0,Ethiopia,SNNP,Mirab Omo,2.0,2.0,SNNP,Mirab Omo,262515,205273,0.0,0.0,205273.0,0.0,0.0,205273.0,0.0,205273.0,0.0,0.0,0.0,205273.0,0.0,205273.0,0.0,0.0,0.0,205273.0
492,2010-10-01,3.0,Ethiopia,Somali,Nogob,3.0,3.0,Somali,Nogob,217220,169855,0.0,0.0,169855.0,0.0,0.0,169855.0,0.0,0.0,169855.0,0.0,0.0,169855.0,0.0,0.0,169855.0,0.0,0.0,169855.0
493,2010-10-01,3.0,Ethiopia,Amhara,North Gondar,2.0,2.0,Amhara,North Gondar,889977,695917,0.0,0.0,695917.0,0.0,0.0,695917.0,0.0,695917.0,0.0,0.0,0.0,695917.0,0.0,695917.0,0.0,0.0,0.0,695917.0
494,2010-10-01,3.0,Ethiopia,Amhara,North Shewa,3.0,3.0,Amhara,North Shewa,2293091,1793082,0.0,0.0,1793082.0,0.0,0.0,1793082.0,0.0,0.0,1793082.0,0.0,0.0,1793082.0,0.0,0.0,1793082.0,0.0,0.0,1793082.0
495,2010-10-01,3.0,Ethiopia,Amhara,North Wello,3.0,3.0,Amhara,North Wello,1740337,1360856,0.0,0.0,1360856.0,0.0,0.0,1360856.0,0.0,0.0,1360856.0,0.0,0.0,1360856.0,0.0,0.0,1360856.0,0.0,0.0,1360856.0
496,2010-10-01,3.0,Ethiopia,Tigray,North Western,2.0,2.0,Tigray,North Western,893262,698486,0.0,0.0,698486.0,0.0,0.0,698486.0,0.0,698486.0,0.0,0.0,0.0,698486.0,0.0,698486.0,0.0,0.0,0.0,698486.0
497,2010-10-01,3.0,Ethiopia,Gambela,Nuwer,2.0,3.0,Gambela,Nuwer,166901,130508,0.0,0.0,130508.0,0.0,0.0,130508.0,0.0,130508.0,0.0,0.0,0.0,130508.0,0.0,0.0,130508.0,0.0,0.0,130508.0
498,2010-10-01,3.0,Ethiopia,Amhara,Oromia,3.0,3.0,Amhara,Oromia,569808,445561,0.0,0.0,445561.0,0.0,0.0,445561.0,0.0,0.0,445561.0,0.0,0.0,445561.0,0.0,0.0,445561.0,0.0,0.0,445561.0
499,2010-10-01,4.0,Ethiopia,Somali,Shabelle,4.0,4.0,Somali,Shabelle,647430,506257,0.0,0.0,0.0,506257.0,0.0,506257.0,0.0,0.0,0.0,506257.0,0.0,506257.0,0.0,0.0,0.0,506257.0,0.0,506257.0
500,2010-10-01,3.0,Ethiopia,SNNP,Sidama,3.0,3.0,SNNP,Sidama,4212331,3293832,0.0,0.0,3293832.0,0.0,0.0,3293832.0,0.0,0.0,3293832.0,0.0,0.0,3293832.0,0.0,0.0,3293832.0,0.0,0.0,3293832.0
501,2010-10-01,3.0,Ethiopia,SNNP,Siltie,2.0,3.0,SNNP,Siltie,1051444,822176,0.0,0.0,822176.0,0.0,0.0,822176.0,0.0,822176.0,0.0,0.0,0.0,822176.0,0.0,0.0,822176.0,0.0,0.0,822176.0
502,2010-10-01,3.0,Ethiopia,Somali,Siti,3.0,3.0,Somali,Siti,644214,503743,0.0,0.0,503743.0,0.0,0.0,503743.0,0.0,0.0,503743.0,0.0,0.0,503743.0,0.0,0.0,503743.0,0.0,0.0,503743.0
503,2010-10-01,3.0,Ethiopia,Tigray,South Eastern,2.0,2.0,Tigray,South Eastern,528199,413025,0.0,0.0,413025.0,0.0,0.0,413025.0,0.0,413025.0,0.0,0.0,0.0,413025.0,0.0,413025.0,0.0,0.0,0.0,413025.0
504,2010-10-01,3.0,Ethiopia,Amhara,South Gondar,3.0,3.0,Amhara,South Gondar,2526963,1975958,0.0,0.0,1975958.0,0.0,0.0,1975958.0,0.0,0.0,1975958.0,0.0,0.0,1975958.0,0.0,0.0,1975958.0,0.0,0.0,1975958.0
505,2010-10-01,3.0,Ethiopia,SNNP,South Omo,3.0,3.0,SNNP,South Omo,754134,589695,0.0,0.0,589695.0,0.0,0.0,589695.0,0.0,0.0,589695.0,0.0,0.0,589695.0,0.0,0.0,589695.0,0.0,0.0,589695.0
506,2010-10-01,3.0,Ethiopia,Amhara,South Wello,3.0,3.0,Amhara,South Wello,3246827,2538856,0.0,0.0,2538856.0,0.0,0.0,2538856.0,0.0,0.0,2538856.0,0.0,0.0,2538856.0,0.0,0.0,2538856.0,0.0,0.0,2538856.0
507,2010-10-01,3.0,Ethiopia,Oromia,South West Shewa,2.0,2.0,Oromia,South West Shewa,1264234,988567,0.0,0.0,988567.0,0.0,0.0,988567.0,0.0,988567.0,0.0,0.0,0.0,988567.0,0.0,988567.0,0.0,0.0,0.0,988567.0
508,2010-10-01,3.0,Ethiopia,Tigray,Southern,3.0,3.0,Tigray,Southern,752344,588295,0.0,0.0,588295.0,0.0,0.0,588295.0,0.0,0.0,588295.0,0.0,0.0,588295.0,0.0,0.0,588295.0,0.0,0.0,588295.0
509,2010-10-01,3.0,Ethiopia,Amhara,Wag Hamra,3.0,3.0,Amhara,Wag Hamra,516457,403843,0.0,0.0,403843.0,0.0,0.0,403843.0,0.0,0.0,403843.0,0.0,0.0,403843.0,0.0,0.0,403843.0,0.0,0.0,403843.0
510,2010-10-01,3.0,Ethiopia,Oromia,West Arsi,3.0,3.0,Oromia,West Arsi,2868933,2243362,0.0,0.0,2243362.0,0.0,0.0,2243362.0,0.0,0.0,2243362.0,0.0,0.0,2243362.0,0.0,0.0,2243362.0,0.0,0.0,2243362.0
511,2010-10-01,3.0,Ethiopia,Oromia,West Guji,2.0,3.0,Oromia,West Guji,1223292,956553,0.0,0.0,956553.0,0.0,0.0,956553.0,0.0,956553.0,0.0,0.0,0.0,956553.0,0.0,0.0,956553.0,0.0,0.0,956553.0
512,2010-10-01,3.0,Ethiopia,Oromia,West Hararge,3.0,3.0,Oromia,West Hararge,2568661,2008564,0.0,0.0,2008564.0,0.0,0.0,2008564.0,0.0,0.0,2008564.0,0.0,0.0,2008564.0,0.0,0.0,2008564.0,0.0,0.0,2008564.0
513,2010-10-01,2.0,Ethiopia,Oromia,West Wellega,1.0,1.0,Oromia,West Wellega,1880222,1470239,0.0,1470239.0,0.0,0.0,0.0,1470239.0,1470239.0,0.0,0.0,0.0,0.0,1470239.0,1470239.0,0.0,0.0,0.0,0.0,1470239.0
514,2010-10-01,3.0,Ethiopia,Tigray,Western,2.0,2.0,Tigray,Western,440553,344490,0.0,0.0,344490.0,0.0,0.0,344490.0,0.0,344490.0,0.0,0.0,0.0,344490.0,0.0,344490.0,0.0,0.0,0.0,344490.0
515,2010-10-01,3.0,Ethiopia,SNNP,Wolayita,2.0,3.0,SNNP,Wolayita,1999292,1563346,0.0,0.0,1563346.0,0.0,0.0,1563346.0,0.0,1563346.0,0.0,0.0,0.0,1563346.0,0.0,0.0,1563346.0,0.0,0.0,1563346.0
516,2010-10-01,2.0,Ethiopia,SNNP,Yem Special,2.0,3.0,SNNP,Yem Special,102526,80170,0.0,80170.0,0.0,0.0,0.0,80170.0,0.0,80170.0,0.0,0.0,0.0,80170.0,0.0,0.0,80170.0,0.0,0.0,80170.0
517,2010-10-01,3.0,Ethiopia,Afar,Zone 1 (Awsi Rasu),3.0,3.0,Afar,Zone 1 (Awsi Rasu),643036,502822,0.0,0.0,502822.0,0.0,0.0,502822.0,0.0,0.0,502822.0,0.0,0.0,502822.0,0.0,0.0,502822.0,0.0,0.0,502822.0
518,2010-10-01,3.0,Ethiopia,Afar,Zone 2 (Kilbet Rasu),2.0,3.0,Afar,Zone 2 (Kilbet Rasu),493764,386098,0.0,0.0,386098.0,0.0,0.0,386098.0,0.0,386098.0,0.0,0.0,0.0,386098.0,0.0,0.0,386098.0,0.0,0.0,386098.0
519,2010-10-01,3.0,Ethiopia,Afar,Zone 3 (Gabi Rasu),3.0,3.0,Afar,Zone 3 (Gabi Rasu),281357,220007,0.0,0.0,220007.0,0.0,0.0,220007.0,0.0,0.0,220007.0,0.0,0.0,220007.0,0.0,0.0,220007.0,0.0,0.0,220007.0
520,2010-10-01,3.0,Ethiopia,Afar,Zone 4 (Fantana Rasu),3.0,3.0,Afar,Zone 4 (Fantana Rasu),276855,216486,0.0,0.0,216486.0,0.0,0.0,216486.0,0.0,0.0,216486.0,0.0,0.0,216486.0,0.0,0.0,216486.0,0.0,0.0,216486.0
521,2010-10-01,3.0,Ethiopia,Afar,Zone 5 (Hari Rasu),3.0,3.0,Afar,Zone 5 (Hari Rasu),209402,163741,0.0,0.0,163741.0,0.0,0.0,163741.0,0.0,0.0,163741.0,0.0,0.0,163741.0,0.0,0.0,163741.0,0.0,0.0,163741.0
522,2010-10-01,3.0,Ethiopia,Gambela,Agnewak,2.0,3.0,Gambela,Agnewak,164054,128282,0.0,0.0,128282.0,0.0,0.0,128282.0,0.0,128282.0,0.0,0.0,0.0,128282.0,0.0,0.0,128282.0,0.0,0.0,128282.0
523,2010-10-01,4.0,Ethiopia,Somali,Doolo,3.0,4.0,Somali,Doolo,425824,332973,0.0,0.0,0.0,332973.0,0.0,332973.0,0.0,0.0,332973.0,0.0,0.0,332973.0,0.0,0.0,0.0,332973.0,0.0,332973.0
524,2010-10-01,2.0,Ethiopia,Somali,Korahe,3.0,3.0,Somali,Korahe,511890,400272,0.0,400272.0,0.0,0.0,0.0,400272.0,0.0,0.0,400272.0,0.0,0.0,400272.0,0.0,0.0,400272.0,0.0,0.0,400272.0
525,2010-10-01,3.0,Ethiopia,Oromia,Finfine Special,2.0,2.0,Oromia,Finfine Special,1040106,813310,0.0,0.0,813310.0,0.0,0.0,813310.0,0.0,813310.0,0.0,0.0,0.0,813310.0,0.0,813310.0,0.0,0.0,0.0,813310.0
526,2010-10-01,3.0,Ethiopia,Addis Ababa,Region 14,1.0,1.0,Addis Ababa,Region 14,3585647,2803796,0.0,0.0,2803796.0,0.0,0.0,2803796.0,2803796.0,0.0,0.0,0.0,0.0,2803796.0,2803796.0,0.0,0.0,0.0,0.0,2803796.0
527,2010-10-01,1.0,Ethiopia,Amhara,West Gojam,1.0,1.0,Amhara,West Gojam,2894095,2263037,2263037.0,0.0,0.0,0.0,0.0,2263037.0,2263037.0,0.0,0.0,0.0,0.0,2263037.0,2263037.0,0.0,0.0,0.0,0.0,2263037.0
528,2010-10-01,3.0,Ethiopia,SNNP,Basketo,2.0,2.0,SNNP,Basketo,75512,59046,0.0,0.0,59046.0,0.0,0.0,59046.0,0.0,59046.0,0.0,0.0,0.0,59046.0,0.0,59046.0,0.0,0.0,0.0,59046.0
529,2010-10-01,3.0,Ethiopia,SNNP,Bench Maji,1.0,1.0,SNNP,Bench Maji,603595,471981,0.0,0.0,471981.0,0.0,0.0,471981.0,471981.0,0.0,0.0,0.0,0.0,471981.0,471981.0,0.0,0.0,0.0,0.0,471981.0
530,2010-10-01,3.0,Ethiopia,Gambela,Etang Special woreda,2.0,3.0,Gambela,Etang Special woreda,50260,39300,0.0,0.0,39300.0,0.0,0.0,39300.0,0.0,39300.0,0.0,0.0,0.0,39300.0,0.0,0.0,39300.0,0.0,0.0,39300.0
531,2010-10-01,3.0,Ethiopia,Oromia,Ilu Aba Bora,1.0,1.0,Oromia,Ilu Aba Bora,953178,745337,0.0,0.0,745337.0,0.0,0.0,745337.0,745337.0,0.0,0.0,0.0,0.0,745337.0,745337.0,0.0,0.0,0.0,0.0,745337.0
532,2010-10-01,2.0,Ethiopia,SNNP,Kefa,2.0,2.0,SNNP,Kefa,1053546,823820,0.0,823820.0,0.0,0.0,0.0,823820.0,0.0,823820.0,0.0,0.0,0.0,823820.0,0.0,823820.0,0.0,0.0,0.0,823820.0
533,2010-10-01,2.0,Ethiopia,SNNP,Konta Special,2.0,2.0,SNNP,Konta Special,119904,93758,0.0,93758.0,0.0,0.0,0.0,93758.0,0.0,93758.0,0.0,0.0,0.0,93758.0,0.0,93758.0,0.0,0.0,0.0,93758.0
534,2010-10-01,3.0,Ethiopia,Gambela,Mejenger,1.0,1.0,Gambela,Mejenger,81617,63820,0.0,0.0,63820.0,0.0,0.0,63820.0,63820.0,0.0,0.0,0.0,0.0,63820.0,63820.0,0.0,0.0,0.0,0.0,63820.0
535,2010-10-01,2.0,Ethiopia,Benishangul Gumz,Asosa,1.0,1.0,Benishangul Gumz,Asosa,402287,314568,0.0,314568.0,0.0,0.0,0.0,314568.0,314568.0,0.0,0.0,0.0,0.0,314568.0,314568.0,0.0,0.0,0.0,0.0,314568.0
536,2010-10-01,,Ethiopia,Dire Dawa,Dire Dawa urban,2.0,2.0,Dire Dawa,Dire Dawa urban,319985,250212,0.0,0.0,0.0,0.0,0.0,0.0,0.0,250212.0,0.0,0.0,0.0,250212.0,0.0,250212.0,0.0,0.0,0.0,250212.0
537,2010-10-01,2.0,Ethiopia,Oromia,Horo Gudru Wellega,2.0,2.0,Oromia,Horo Gudru Wellega,791731,619094,0.0,619094.0,0.0,0.0,0.0,619094.0,0.0,619094.0,0.0,0.0,0.0,619094.0,0.0,619094.0,0.0,0.0,0.0,619094.0
538,2010-10-01,3.0,Ethiopia,Oromia,Kelem Wellega,1.0,1.0,Oromia,Kelem Wellega,1141498,892594,0.0,0.0,892594.0,0.0,0.0,892594.0,892594.0,0.0,0.0,0.0,0.0,892594.0,892594.0,0.0,0.0,0.0,0.0,892594.0
539,2010-10-01,2.0,Ethiopia,Benishangul Gumz,Mao Komo Special,1.0,1.0,Benishangul Gumz,Mao Komo Special,70414,55060,0.0,55060.0,0.0,0.0,0.0,55060.0,55060.0,0.0,0.0,0.0,0.0,55060.0,55060.0,0.0,0.0,0.0,0.0,55060.0
540,2010-10-01,1.0,Ethiopia,Benishangul Gumz,Metekel,1.0,1.0,Benishangul Gumz,Metekel,479162,374680,374680.0,0.0,0.0,0.0,0.0,374680.0,374680.0,0.0,0.0,0.0,0.0,374680.0,374680.0,0.0,0.0,0.0,0.0,374680.0
541,2010-10-01,3.0,Ethiopia,Oromia,North Shewa,2.0,2.0,Oromia,North Shewa,1626893,1272148,0.0,0.0,1272148.0,0.0,0.0,1272148.0,0.0,1272148.0,0.0,0.0,0.0,1272148.0,0.0,1272148.0,0.0,0.0,0.0,1272148.0
542,2010-10-01,3.0,Ethiopia,SNNP,Sheka,1.0,1.0,SNNP,Sheka,274212,214420,0.0,0.0,214420.0,0.0,0.0,214420.0,214420.0,0.0,0.0,0.0,0.0,214420.0,214420.0,0.0,0.0,0.0,0.0,214420.0
543,2010-10-01,2.0,Ethiopia,Oromia,West Shewa,2.0,2.0,Oromia,West Shewa,2773901,2169051,0.0,2169051.0,0.0,0.0,0.0,2169051.0,0.0,2169051.0,0.0,0.0,0.0,2169051.0,0.0,2169051.0,0.0,0.0,0.0,2169051.0
544,2010-10-01,1.0,Ethiopia,Amhara,Awi,1.0,1.0,Amhara,Awi,1338704,1046799,1046799.0,0.0,0.0,0.0,0.0,1046799.0,1046799.0,0.0,0.0,0.0,0.0,1046799.0,1046799.0,0.0,0.0,0.0,0.0,1046799.0
545,2010-10-01,1.0,Ethiopia,Amhara,West Gondar,1.0,1.0,Amhara,West Gondar,381393,298230,298230.0,0.0,0.0,0.0,0.0,298230.0,298230.0,0.0,0.0,0.0,0.0,298230.0,298230.0,0.0,0.0,0.0,0.0,298230.0
546,2011-01-01,4.0,Ethiopia,Somali,Afder,4.0,4.0,Somali,Afder,654828,526648,0.0,0.0,0.0,526648.0,0.0,526648.0,0.0,0.0,0.0,526648.0,0.0,526648.0,0.0,0.0,0.0,526648.0,0.0,526648.0
547,2011-01-01,3.0,Ethiopia,SNNP,Alle,3.0,3.0,SNNP,Alle,81190,65297,0.0,0.0,65297.0,0.0,0.0,65297.0,0.0,0.0,65297.0,0.0,0.0,65297.0,0.0,0.0,65297.0,0.0,0.0,65297.0
548,2011-01-01,3.0,Ethiopia,SNNP,Amaro,3.0,3.0,SNNP,Amaro,195252,157032,0.0,0.0,157032.0,0.0,0.0,157032.0,0.0,0.0,157032.0,0.0,0.0,157032.0,0.0,0.0,157032.0,0.0,0.0,157032.0
549,2011-01-01,3.0,Ethiopia,Oromia,Arsi,3.0,3.0,Oromia,Arsi,3645492,2931906,0.0,0.0,2931906.0,0.0,0.0,2931906.0,0.0,0.0,2931906.0,0.0,0.0,2931906.0,0.0,0.0,2931906.0,0.0,0.0,2931906.0
550,2011-01-01,3.0,Ethiopia,Oromia,Bale,3.0,4.0,Oromia,Bale,1887498,1518030,0.0,0.0,1518030.0,0.0,0.0,1518030.0,0.0,0.0,1518030.0,0.0,0.0,1518030.0,0.0,0.0,0.0,1518030.0,0.0,1518030.0
551,2011-01-01,3.0,Ethiopia,Oromia,Borena,3.0,3.0,Oromia,Borena,545493,438715,0.0,0.0,438715.0,0.0,0.0,438715.0,0.0,0.0,438715.0,0.0,0.0,438715.0,0.0,0.0,438715.0,0.0,0.0,438715.0
552,2011-01-01,1.0,Ethiopia,Oromia,Buno Bedele,1.0,1.0,Oromia,Buno Bedele,809088,650713,650713.0,0.0,0.0,0.0,0.0,650713.0,650713.0,0.0,0.0,0.0,0.0,650713.0,650713.0,0.0,0.0,0.0,0.0,650713.0
553,2011-01-01,3.0,Ethiopia,SNNP,Burji,3.0,3.0,SNNP,Burji,71728,57687,0.0,0.0,57687.0,0.0,0.0,57687.0,0.0,0.0,57687.0,0.0,0.0,57687.0,0.0,0.0,57687.0,0.0,0.0,57687.0
554,2011-01-01,2.0,Ethiopia,Tigray,Central,2.0,2.0,Tigray,Central,1384454,1113454,0.0,1113454.0,0.0,0.0,0.0,1113454.0,0.0,1113454.0,0.0,0.0,0.0,1113454.0,0.0,1113454.0,0.0,0.0,0.0,1113454.0
555,2011-01-01,2.0,Ethiopia,Amhara,Central Gondar,2.0,2.0,Amhara,Central Gondar,2719899,2187493,0.0,2187493.0,0.0,0.0,0.0,2187493.0,0.0,2187493.0,0.0,0.0,0.0,2187493.0,0.0,2187493.0,0.0,0.0,0.0,2187493.0
556,2011-01-01,3.0,Ethiopia,Somali,Daawa,3.0,3.0,Somali,Daawa,457130,367649,0.0,0.0,367649.0,0.0,0.0,367649.0,0.0,0.0,367649.0,0.0,0.0,367649.0,0.0,0.0,367649.0,0.0,0.0,367649.0
557,2011-01-01,2.0,Ethiopia,SNNP,Dawuro,2.0,2.0,SNNP,Dawuro,643931,517885,0.0,517885.0,0.0,0.0,0.0,517885.0,0.0,517885.0,0.0,0.0,0.0,517885.0,0.0,517885.0,0.0,0.0,0.0,517885.0
558,2011-01-01,2.0,Ethiopia,SNNP,Derashe,2.0,3.0,SNNP,Derashe,107301,86297,0.0,86297.0,0.0,0.0,0.0,86297.0,0.0,86297.0,0.0,0.0,0.0,86297.0,0.0,0.0,86297.0,0.0,0.0,86297.0
559,2011-01-01,2.0,Ethiopia,Dire Dawa,Dire Dawa rural,2.0,3.0,Dire Dawa,Dire Dawa rural,188933,151950,0.0,151950.0,0.0,0.0,0.0,151950.0,0.0,151950.0,0.0,0.0,0.0,151950.0,0.0,0.0,151950.0,0.0,0.0,151950.0
560,2011-01-01,2.0,Ethiopia,Amhara,East Gojam,2.0,2.0,Amhara,East Gojam,2672621,2149469,0.0,2149469.0,0.0,0.0,0.0,2149469.0,0.0,2149469.0,0.0,0.0,0.0,2149469.0,0.0,2149469.0,0.0,0.0,0.0,2149469.0
561,2011-01-01,3.0,Ethiopia,Oromia,East Hararge,3.0,4.0,Oromia,East Hararge,3739861,3007803,0.0,0.0,3007803.0,0.0,0.0,3007803.0,0.0,0.0,3007803.0,0.0,0.0,3007803.0,0.0,0.0,0.0,3007803.0,0.0,3007803.0
562,2011-01-01,2.0,Ethiopia,Oromia,East Shewa,2.0,2.0,Oromia,East Shewa,2234419,1797043,0.0,1797043.0,0.0,0.0,0.0,1797043.0,0.0,1797043.0,0.0,0.0,0.0,1797043.0,0.0,1797043.0,0.0,0.0,0.0,1797043.0
563,2011-01-01,1.0,Ethiopia,Oromia,East Wellega,1.0,1.0,Oromia,East Wellega,1693681,1362152,1362152.0,0.0,0.0,0.0,0.0,1362152.0,1362152.0,0.0,0.0,0.0,0.0,1362152.0,1362152.0,0.0,0.0,0.0,0.0,1362152.0
564,2011-01-01,2.0,Ethiopia,Tigray,Eastern,2.0,3.0,Tigray,Eastern,940053,756042,0.0,756042.0,0.0,0.0,0.0,756042.0,0.0,756042.0,0.0,0.0,0.0,756042.0,0.0,0.0,756042.0,0.0,0.0,756042.0
565,2011-01-01,3.0,Ethiopia,Somali,Erer,3.0,4.0,Somali,Erer,268901,216265,0.0,0.0,216265.0,0.0,0.0,216265.0,0.0,0.0,216265.0,0.0,0.0,216265.0,0.0,0.0,0.0,216265.0,0.0,216265.0
566,2011-01-01,3.0,Ethiopia,Somali,Fafan,3.0,4.0,Somali,Fafan,1242707,999453,0.0,0.0,999453.0,0.0,0.0,999453.0,0.0,0.0,999453.0,0.0,0.0,999453.0,0.0,0.0,0.0,999453.0,0.0,999453.0
567,2011-01-01,2.0,Ethiopia,SNNP,Gamo,2.0,3.0,SNNP,Gamo,1462777,1176446,0.0,1176446.0,0.0,0.0,0.0,1176446.0,0.0,1176446.0,0.0,0.0,0.0,1176446.0,0.0,0.0,1176446.0,0.0,0.0,1176446.0
568,2011-01-01,2.0,Ethiopia,SNNP,Gedeo,2.0,2.0,SNNP,Gedeo,1131834,910283,0.0,910283.0,0.0,0.0,0.0,910283.0,0.0,910283.0,0.0,0.0,0.0,910283.0,0.0,910283.0,0.0,0.0,0.0,910283.0
569,2011-01-01,2.0,Ethiopia,SNNP,Gofa,3.0,3.0,SNNP,Gofa,623589,501524,0.0,501524.0,0.0,0.0,0.0,501524.0,0.0,0.0,501524.0,0.0,0.0,501524.0,0.0,0.0,501524.0,0.0,0.0,501524.0
570,2011-01-01,3.0,Ethiopia,Oromia,Guji,3.0,3.0,Oromia,Guji,1482472,1192286,0.0,0.0,1192286.0,0.0,0.0,1192286.0,0.0,0.0,1192286.0,0.0,0.0,1192286.0,0.0,0.0,1192286.0,0.0,0.0,1192286.0
571,2011-01-01,2.0,Ethiopia,SNNP,Guraghe,2.0,2.0,SNNP,Guraghe,1882107,1513694,0.0,1513694.0,0.0,0.0,0.0,1513694.0,0.0,1513694.0,0.0,0.0,0.0,1513694.0,0.0,1513694.0,0.0,0.0,0.0,1513694.0
572,2011-01-01,2.0,Ethiopia,SNNP,Hadiya,2.0,2.0,SNNP,Hadiya,1700138,1367345,0.0,1367345.0,0.0,0.0,0.0,1367345.0,0.0,1367345.0,0.0,0.0,0.0,1367345.0,0.0,1367345.0,0.0,0.0,0.0,1367345.0
573,2011-01-01,2.0,Ethiopia,SNNP,Halaba Special,2.0,2.0,SNNP,Halaba Special,658130,529304,0.0,529304.0,0.0,0.0,0.0,529304.0,0.0,529304.0,0.0,0.0,0.0,529304.0,0.0,529304.0,0.0,0.0,0.0,529304.0
574,2011-01-01,3.0,Ethiopia,Harari,Harari,3.0,3.0,Harari,Harari,260022,209124,0.0,0.0,209124.0,0.0,0.0,209124.0,0.0,0.0,209124.0,0.0,0.0,209124.0,0.0,0.0,209124.0,0.0,0.0,209124.0
575,2011-01-01,3.0,Ethiopia,Somali,Jarar,3.0,4.0,Somali,Jarar,641077,515589,0.0,0.0,515589.0,0.0,0.0,515589.0,0.0,0.0,515589.0,0.0,0.0,515589.0,0.0,0.0,0.0,515589.0,0.0,515589.0
576,2011-01-01,2.0,Ethiopia,Oromia,Jimma,2.0,2.0,Oromia,Jimma,3672640,2953740,0.0,2953740.0,0.0,0.0,0.0,2953740.0,0.0,2953740.0,0.0,0.0,0.0,2953740.0,0.0,2953740.0,0.0,0.0,0.0,2953740.0
577,2011-01-01,1.0,Ethiopia,Benishangul Gumz,Kemashi,1.0,2.0,Benishangul Gumz,Kemashi,150986,121431,121431.0,0.0,0.0,0.0,0.0,121431.0,121431.0,0.0,0.0,0.0,0.0,121431.0,0.0,121431.0,0.0,0.0,0.0,121431.0
578,2011-01-01,2.0,Ethiopia,SNNP,Kembata Tibaro,2.0,2.0,SNNP,Kembata Tibaro,911347,732955,0.0,732955.0,0.0,0.0,0.0,732955.0,0.0,732955.0,0.0,0.0,0.0,732955.0,0.0,732955.0,0.0,0.0,0.0,732955.0
579,2011-01-01,3.0,Ethiopia,SNNP,Konso,3.0,3.0,SNNP,Konso,284360,228698,0.0,0.0,228698.0,0.0,0.0,228698.0,0.0,0.0,228698.0,0.0,0.0,228698.0,0.0,0.0,228698.0,0.0,0.0,228698.0
580,2011-01-01,4.0,Ethiopia,Somali,Liban,4.0,4.0,Somali,Liban,505190,406301,0.0,0.0,0.0,406301.0,0.0,406301.0,0.0,0.0,0.0,406301.0,0.0,406301.0,0.0,0.0,0.0,406301.0,0.0,406301.0
581,2011-01-01,2.0,Ethiopia,Tigray,Mekele Special,2.0,2.0,Tigray,Mekele Special,418327,336441,0.0,336441.0,0.0,0.0,0.0,336441.0,0.0,336441.0,0.0,0.0,0.0,336441.0,0.0,336441.0,0.0,0.0,0.0,336441.0
582,2011-01-01,3.0,Ethiopia,SNNP,Mirab Omo,3.0,3.0,SNNP,Mirab Omo,262515,211129,0.0,0.0,211129.0,0.0,0.0,211129.0,0.0,0.0,211129.0,0.0,0.0,211129.0,0.0,0.0,211129.0,0.0,0.0,211129.0
583,2011-01-01,3.0,Ethiopia,Somali,Nogob,3.0,4.0,Somali,Nogob,217220,174700,0.0,0.0,174700.0,0.0,0.0,174700.0,0.0,0.0,174700.0,0.0,0.0,174700.0,0.0,0.0,0.0,174700.0,0.0,174700.0
584,2011-01-01,2.0,Ethiopia,Amhara,North Gondar,2.0,2.0,Amhara,North Gondar,889977,715768,0.0,715768.0,0.0,0.0,0.0,715768.0,0.0,715768.0,0.0,0.0,0.0,715768.0,0.0,715768.0,0.0,0.0,0.0,715768.0
585,2011-01-01,3.0,Ethiopia,Amhara,North Shewa,3.0,3.0,Amhara,North Shewa,2293091,1844230,0.0,0.0,1844230.0,0.0,0.0,1844230.0,0.0,0.0,1844230.0,0.0,0.0,1844230.0,0.0,0.0,1844230.0,0.0,0.0,1844230.0
586,2011-01-01,3.0,Ethiopia,Amhara,North Wello,3.0,3.0,Amhara,North Wello,1740337,1399675,0.0,0.0,1399675.0,0.0,0.0,1399675.0,0.0,0.0,1399675.0,0.0,0.0,1399675.0,0.0,0.0,1399675.0,0.0,0.0,1399675.0
587,2011-01-01,2.0,Ethiopia,Tigray,North Western,2.0,2.0,Tigray,North Western,893262,718410,0.0,718410.0,0.0,0.0,0.0,718410.0,0.0,718410.0,0.0,0.0,0.0,718410.0,0.0,718410.0,0.0,0.0,0.0,718410.0
588,2011-01-01,3.0,Ethiopia,Gambela,Nuwer,3.0,3.0,Gambela,Nuwer,166901,134231,0.0,0.0,134231.0,0.0,0.0,134231.0,0.0,0.0,134231.0,0.0,0.0,134231.0,0.0,0.0,134231.0,0.0,0.0,134231.0
589,2011-01-01,2.0,Ethiopia,Amhara,Oromia,2.0,3.0,Amhara,Oromia,569808,458271,0.0,458271.0,0.0,0.0,0.0,458271.0,0.0,458271.0,0.0,0.0,0.0,458271.0,0.0,0.0,458271.0,0.0,0.0,458271.0
590,2011-01-01,4.0,Ethiopia,Somali,Shabelle,4.0,4.0,Somali,Shabelle,647430,520699,0.0,0.0,0.0,520699.0,0.0,520699.0,0.0,0.0,0.0,520699.0,0.0,520699.0,0.0,0.0,0.0,520699.0,0.0,520699.0
591,2011-01-01,2.0,Ethiopia,SNNP,Sidama,2.0,2.0,SNNP,Sidama,4212331,3387790,0.0,3387790.0,0.0,0.0,0.0,3387790.0,0.0,3387790.0,0.0,0.0,0.0,3387790.0,0.0,3387790.0,0.0,0.0,0.0,3387790.0
592,2011-01-01,2.0,Ethiopia,SNNP,Siltie,2.0,2.0,SNNP,Siltie,1051444,845629,0.0,845629.0,0.0,0.0,0.0,845629.0,0.0,845629.0,0.0,0.0,0.0,845629.0,0.0,845629.0,0.0,0.0,0.0,845629.0
593,2011-01-01,3.0,Ethiopia,Somali,Siti,3.0,3.0,Somali,Siti,644214,518112,0.0,0.0,518112.0,0.0,0.0,518112.0,0.0,0.0,518112.0,0.0,0.0,518112.0,0.0,0.0,518112.0,0.0,0.0,518112.0
594,2011-01-01,2.0,Ethiopia,Tigray,South Eastern,2.0,3.0,Tigray,South Eastern,528199,424806,0.0,424806.0,0.0,0.0,0.0,424806.0,0.0,424806.0,0.0,0.0,0.0,424806.0,0.0,0.0,424806.0,0.0,0.0,424806.0
595,2011-01-01,3.0,Ethiopia,Amhara,South Gondar,3.0,3.0,Amhara,South Gondar,2526963,2032323,0.0,0.0,2032323.0,0.0,0.0,2032323.0,0.0,0.0,2032323.0,0.0,0.0,2032323.0,0.0,0.0,2032323.0,0.0,0.0,2032323.0
596,2011-01-01,3.0,Ethiopia,SNNP,South Omo,3.0,3.0,SNNP,South Omo,754134,606516,0.0,0.0,606516.0,0.0,0.0,606516.0,0.0,0.0,606516.0,0.0,0.0,606516.0,0.0,0.0,606516.0,0.0,0.0,606516.0
597,2011-01-01,3.0,Ethiopia,Amhara,South Wello,3.0,3.0,Amhara,South Wello,3246827,2611278,0.0,0.0,2611278.0,0.0,0.0,2611278.0,0.0,0.0,2611278.0,0.0,0.0,2611278.0,0.0,0.0,2611278.0,0.0,0.0,2611278.0
598,2011-01-01,2.0,Ethiopia,Oromia,South West Shewa,2.0,2.0,Oromia,South West Shewa,1264234,1016767,0.0,1016767.0,0.0,0.0,0.0,1016767.0,0.0,1016767.0,0.0,0.0,0.0,1016767.0,0.0,1016767.0,0.0,0.0,0.0,1016767.0
599,2011-01-01,3.0,Ethiopia,Tigray,Southern,3.0,3.0,Tigray,Southern,752344,605076,0.0,0.0,605076.0,0.0,0.0,605076.0,0.0,0.0,605076.0,0.0,0.0,605076.0,0.0,0.0,605076.0,0.0,0.0,605076.0
600,2011-01-01,3.0,Ethiopia,Amhara,Wag Hamra,3.0,3.0,Amhara,Wag Hamra,516457,415363,0.0,0.0,415363.0,0.0,0.0,415363.0,0.0,0.0,415363.0,0.0,0.0,415363.0,0.0,0.0,415363.0,0.0,0.0,415363.0
601,2011-01-01,2.0,Ethiopia,Oromia,West Arsi,2.0,2.0,Oromia,West Arsi,2868933,2307354,0.0,2307354.0,0.0,0.0,0.0,2307354.0,0.0,2307354.0,0.0,0.0,0.0,2307354.0,0.0,2307354.0,0.0,0.0,0.0,2307354.0
602,2011-01-01,3.0,Ethiopia,Oromia,West Guji,3.0,3.0,Oromia,West Guji,1223292,983839,0.0,0.0,983839.0,0.0,0.0,983839.0,0.0,0.0,983839.0,0.0,0.0,983839.0,0.0,0.0,983839.0,0.0,0.0,983839.0
603,2011-01-01,3.0,Ethiopia,Oromia,West Hararge,3.0,3.0,Oromia,West Hararge,2568661,2065859,0.0,0.0,2065859.0,0.0,0.0,2065859.0,0.0,0.0,2065859.0,0.0,0.0,2065859.0,0.0,0.0,2065859.0,0.0,0.0,2065859.0
604,2011-01-01,2.0,Ethiopia,Oromia,West Wellega,2.0,2.0,Oromia,West Wellega,1880222,1512178,0.0,1512178.0,0.0,0.0,0.0,1512178.0,0.0,1512178.0,0.0,0.0,0.0,1512178.0,0.0,1512178.0,0.0,0.0,0.0,1512178.0
605,2011-01-01,2.0,Ethiopia,Tigray,Western,2.0,2.0,Tigray,Western,440553,354317,0.0,354317.0,0.0,0.0,0.0,354317.0,0.0,354317.0,0.0,0.0,0.0,354317.0,0.0,354317.0,0.0,0.0,0.0,354317.0
606,2011-01-01,2.0,Ethiopia,SNNP,Wolayita,2.0,3.0,SNNP,Wolayita,1999292,1607941,0.0,1607941.0,0.0,0.0,0.0,1607941.0,0.0,1607941.0,0.0,0.0,0.0,1607941.0,0.0,0.0,1607941.0,0.0,0.0,1607941.0
607,2011-01-01,2.0,Ethiopia,SNNP,Yem Special,2.0,2.0,SNNP,Yem Special,102526,82457,0.0,82457.0,0.0,0.0,0.0,82457.0,0.0,82457.0,0.0,0.0,0.0,82457.0,0.0,82457.0,0.0,0.0,0.0,82457.0
608,2011-01-01,3.0,Ethiopia,Afar,Zone 1 (Awsi Rasu),3.0,3.0,Afar,Zone 1 (Awsi Rasu),643036,517165,0.0,0.0,517165.0,0.0,0.0,517165.0,0.0,0.0,517165.0,0.0,0.0,517165.0,0.0,0.0,517165.0,0.0,0.0,517165.0
609,2011-01-01,3.0,Ethiopia,Afar,Zone 2 (Kilbet Rasu),3.0,3.0,Afar,Zone 2 (Kilbet Rasu),493764,397112,0.0,0.0,397112.0,0.0,0.0,397112.0,0.0,0.0,397112.0,0.0,0.0,397112.0,0.0,0.0,397112.0,0.0,0.0,397112.0
610,2011-01-01,3.0,Ethiopia,Afar,Zone 3 (Gabi Rasu),3.0,3.0,Afar,Zone 3 (Gabi Rasu),281357,226282,0.0,0.0,226282.0,0.0,0.0,226282.0,0.0,0.0,226282.0,0.0,0.0,226282.0,0.0,0.0,226282.0,0.0,0.0,226282.0
611,2011-01-01,3.0,Ethiopia,Afar,Zone 4 (Fantana Rasu),3.0,3.0,Afar,Zone 4 (Fantana Rasu),276855,222662,0.0,0.0,222662.0,0.0,0.0,222662.0,0.0,0.0,222662.0,0.0,0.0,222662.0,0.0,0.0,222662.0,0.0,0.0,222662.0
612,2011-01-01,2.0,Ethiopia,Afar,Zone 5 (Hari Rasu),2.0,3.0,Afar,Zone 5 (Hari Rasu),209402,168412,0.0,168412.0,0.0,0.0,0.0,168412.0,0.0,168412.0,0.0,0.0,0.0,168412.0,0.0,0.0,168412.0,0.0,0.0,168412.0
613,2011-01-01,3.0,Ethiopia,Gambela,Agnewak,3.0,3.0,Gambela,Agnewak,164054,131941,0.0,0.0,131941.0,0.0,0.0,131941.0,0.0,0.0,131941.0,0.0,0.0,131941.0,0.0,0.0,131941.0,0.0,0.0,131941.0
614,2011-01-01,4.0,Ethiopia,Somali,Doolo,3.0,4.0,Somali,Doolo,425824,342471,0.0,0.0,0.0,342471.0,0.0,342471.0,0.0,0.0,342471.0,0.0,0.0,342471.0,0.0,0.0,0.0,342471.0,0.0,342471.0
615,2011-01-01,3.0,Ethiopia,Somali,Korahe,3.0,4.0,Somali,Korahe,511890,411690,0.0,0.0,411690.0,0.0,0.0,411690.0,0.0,0.0,411690.0,0.0,0.0,411690.0,0.0,0.0,0.0,411690.0,0.0,411690.0
616,2011-01-01,2.0,Ethiopia,Oromia,Finfine Special,2.0,2.0,Oromia,Finfine Special,1040106,836510,0.0,836510.0,0.0,0.0,0.0,836510.0,0.0,836510.0,0.0,0.0,0.0,836510.0,0.0,836510.0,0.0,0.0,0.0,836510.0
617,2011-01-01,1.0,Ethiopia,Addis Ababa,Region 14,1.0,1.0,Addis Ababa,Region 14,3585647,2883776,2883776.0,0.0,0.0,0.0,0.0,2883776.0,2883776.0,0.0,0.0,0.0,0.0,2883776.0,2883776.0,0.0,0.0,0.0,0.0,2883776.0
618,2011-01-01,1.0,Ethiopia,Amhara,West Gojam,1.0,1.0,Amhara,West Gojam,2894095,2327591,2327591.0,0.0,0.0,0.0,0.0,2327591.0,2327591.0,0.0,0.0,0.0,0.0,2327591.0,2327591.0,0.0,0.0,0.0,0.0,2327591.0
619,2011-01-01,2.0,Ethiopia,SNNP,Basketo,3.0,3.0,SNNP,Basketo,75512,60730,0.0,60730.0,0.0,0.0,0.0,60730.0,0.0,0.0,60730.0,0.0,0.0,60730.0,0.0,0.0,60730.0,0.0,0.0,60730.0
620,2011-01-01,2.0,Ethiopia,SNNP,Bench Maji,2.0,2.0,SNNP,Bench Maji,603595,485444,0.0,485444.0,0.0,0.0,0.0,485444.0,0.0,485444.0,0.0,0.0,0.0,485444.0,0.0,485444.0,0.0,0.0,0.0,485444.0
621,2011-01-01,3.0,Ethiopia,Gambela,Etang Special woreda,3.0,3.0,Gambela,Etang Special woreda,50260,40421,0.0,0.0,40421.0,0.0,0.0,40421.0,0.0,0.0,40421.0,0.0,0.0,40421.0,0.0,0.0,40421.0,0.0,0.0,40421.0
622,2011-01-01,2.0,Ethiopia,Oromia,Ilu Aba Bora,2.0,2.0,Oromia,Ilu Aba Bora,953178,766598,0.0,766598.0,0.0,0.0,0.0,766598.0,0.0,766598.0,0.0,0.0,0.0,766598.0,0.0,766598.0,0.0,0.0,0.0,766598.0
623,2011-01-01,2.0,Ethiopia,SNNP,Kefa,3.0,3.0,SNNP,Kefa,1053546,847320,0.0,847320.0,0.0,0.0,0.0,847320.0,0.0,0.0,847320.0,0.0,0.0,847320.0,0.0,0.0,847320.0,0.0,0.0,847320.0
624,2011-01-01,2.0,Ethiopia,SNNP,Konta Special,3.0,3.0,SNNP,Konta Special,119904,96433,0.0,96433.0,0.0,0.0,0.0,96433.0,0.0,0.0,96433.0,0.0,0.0,96433.0,0.0,0.0,96433.0,0.0,0.0,96433.0
625,2011-01-01,2.0,Ethiopia,Gambela,Mejenger,2.0,2.0,Gambela,Mejenger,81617,65640,0.0,65640.0,0.0,0.0,0.0,65640.0,0.0,65640.0,0.0,0.0,0.0,65640.0,0.0,65640.0,0.0,0.0,0.0,65640.0
626,2011-01-01,2.0,Ethiopia,Benishangul Gumz,Asosa,2.0,2.0,Benishangul Gumz,Asosa,402287,323541,0.0,323541.0,0.0,0.0,0.0,323541.0,0.0,323541.0,0.0,0.0,0.0,323541.0,0.0,323541.0,0.0,0.0,0.0,323541.0
627,2011-01-01,2.0,Ethiopia,Dire Dawa,Dire Dawa urban,2.0,2.0,Dire Dawa,Dire Dawa urban,319985,257349,0.0,257349.0,0.0,0.0,0.0,257349.0,0.0,257349.0,0.0,0.0,0.0,257349.0,0.0,257349.0,0.0,0.0,0.0,257349.0
628,2011-01-01,2.0,Ethiopia,Oromia,Horo Gudru Wellega,2.0,2.0,Oromia,Horo Gudru Wellega,791731,636753,0.0,636753.0,0.0,0.0,0.0,636753.0,0.0,636753.0,0.0,0.0,0.0,636753.0,0.0,636753.0,0.0,0.0,0.0,636753.0
629,2011-01-01,2.0,Ethiopia,Oromia,Kelem Wellega,2.0,2.0,Oromia,Kelem Wellega,1141498,918055,0.0,918055.0,0.0,0.0,0.0,918055.0,0.0,918055.0,0.0,0.0,0.0,918055.0,0.0,918055.0,0.0,0.0,0.0,918055.0
630,2011-01-01,2.0,Ethiopia,Benishangul Gumz,Mao Komo Special,2.0,3.0,Benishangul Gumz,Mao Komo Special,70414,56630,0.0,56630.0,0.0,0.0,0.0,56630.0,0.0,56630.0,0.0,0.0,0.0,56630.0,0.0,0.0,56630.0,0.0,0.0,56630.0
631,2011-01-01,1.0,Ethiopia,Benishangul Gumz,Metekel,1.0,1.0,Benishangul Gumz,Metekel,479162,385368,385368.0,0.0,0.0,0.0,0.0,385368.0,385368.0,0.0,0.0,0.0,0.0,385368.0,385368.0,0.0,0.0,0.0,0.0,385368.0
632,2011-01-01,2.0,Ethiopia,Oromia,North Shewa,2.0,2.0,Oromia,North Shewa,1626893,1308437,0.0,1308437.0,0.0,0.0,0.0,1308437.0,0.0,1308437.0,0.0,0.0,0.0,1308437.0,0.0,1308437.0,0.0,0.0,0.0,1308437.0
633,2011-01-01,2.0,Ethiopia,SNNP,Sheka,2.0,2.0,SNNP,Sheka,274212,220536,0.0,220536.0,0.0,0.0,0.0,220536.0,0.0,220536.0,0.0,0.0,0.0,220536.0,0.0,220536.0,0.0,0.0,0.0,220536.0
634,2011-01-01,2.0,Ethiopia,Oromia,West Shewa,2.0,2.0,Oromia,West Shewa,2773901,2230924,0.0,2230924.0,0.0,0.0,0.0,2230924.0,0.0,2230924.0,0.0,0.0,0.0,2230924.0,0.0,2230924.0,0.0,0.0,0.0,2230924.0
635,2011-01-01,1.0,Ethiopia,Amhara,Awi,1.0,1.0,Amhara,Awi,1338704,1076659,1076659.0,0.0,0.0,0.0,0.0,1076659.0,1076659.0,0.0,0.0,0.0,0.0,1076659.0,1076659.0,0.0,0.0,0.0,0.0,1076659.0
636,2011-01-01,1.0,Ethiopia,Amhara,West Gondar,1.0,1.0,Amhara,West Gondar,381393,306737,306737.0,0.0,0.0,0.0,0.0,306737.0,306737.0,0.0,0.0,0.0,0.0,306737.0,306737.0,0.0,0.0,0.0,0.0,306737.0
637,2011-04-01,4.0,Ethiopia,Somali,Afder,4.0,4.0,Somali,Afder,654828,526648,0.0,0.0,0.0,526648.0,0.0,526648.0,0.0,0.0,0.0,526648.0,0.0,526648.0,0.0,0.0,0.0,526648.0,0.0,526648.0
638,2011-04-01,3.0,Ethiopia,SNNP,Alle,3.0,3.0,SNNP,Alle,81190,65297,0.0,0.0,65297.0,0.0,0.0,65297.0,0.0,0.0,65297.0,0.0,0.0,65297.0,0.0,0.0,65297.0,0.0,0.0,65297.0
639,2011-04-01,3.0,Ethiopia,SNNP,Amaro,3.0,3.0,SNNP,Amaro,195252,157032,0.0,0.0,157032.0,0.0,0.0,157032.0,0.0,0.0,157032.0,0.0,0.0,157032.0,0.0,0.0,157032.0,0.0,0.0,157032.0
640,2011-04-01,3.0,Ethiopia,Oromia,Arsi,3.0,3.0,Oromia,Arsi,3645492,2931906,0.0,0.0,2931906.0,0.0,0.0,2931906.0,0.0,0.0,2931906.0,0.0,0.0,2931906.0,0.0,0.0,2931906.0,0.0,0.0,2931906.0
641,2011-04-01,4.0,Ethiopia,Oromia,Bale,4.0,4.0,Oromia,Bale,1887498,1518030,0.0,0.0,0.0,1518030.0,0.0,1518030.0,0.0,0.0,0.0,1518030.0,0.0,1518030.0,0.0,0.0,0.0,1518030.0,0.0,1518030.0
642,2011-04-01,3.0,Ethiopia,Oromia,Borena,3.0,4.0,Oromia,Borena,545493,438715,0.0,0.0,438715.0,0.0,0.0,438715.0,0.0,0.0,438715.0,0.0,0.0,438715.0,0.0,0.0,0.0,438715.0,0.0,438715.0
643,2011-04-01,1.0,Ethiopia,Oromia,Buno Bedele,1.0,1.0,Oromia,Buno Bedele,809088,650713,650713.0,0.0,0.0,0.0,0.0,650713.0,650713.0,0.0,0.0,0.0,0.0,650713.0,650713.0,0.0,0.0,0.0,0.0,650713.0
644,2011-04-01,3.0,Ethiopia,SNNP,Burji,3.0,3.0,SNNP,Burji,71728,57687,0.0,0.0,57687.0,0.0,0.0,57687.0,0.0,0.0,57687.0,0.0,0.0,57687.0,0.0,0.0,57687.0,0.0,0.0,57687.0
645,2011-04-01,3.0,Ethiopia,Tigray,Central,3.0,3.0,Tigray,Central,1384454,1113454,0.0,0.0,1113454.0,0.0,0.0,1113454.0,0.0,0.0,1113454.0,0.0,0.0,1113454.0,0.0,0.0,1113454.0,0.0,0.0,1113454.0
646,2011-04-01,3.0,Ethiopia,Amhara,Central Gondar,3.0,3.0,Amhara,Central Gondar,2719899,2187493,0.0,0.0,2187493.0,0.0,0.0,2187493.0,0.0,0.0,2187493.0,0.0,0.0,2187493.0,0.0,0.0,2187493.0,0.0,0.0,2187493.0
647,2011-04-01,3.0,Ethiopia,Somali,Daawa,3.0,4.0,Somali,Daawa,457130,367649,0.0,0.0,367649.0,0.0,0.0,367649.0,0.0,0.0,367649.0,0.0,0.0,367649.0,0.0,0.0,0.0,367649.0,0.0,367649.0
648,2011-04-01,3.0,Ethiopia,SNNP,Dawuro,3.0,3.0,SNNP,Dawuro,643931,517885,0.0,0.0,517885.0,0.0,0.0,517885.0,0.0,0.0,517885.0,0.0,0.0,517885.0,0.0,0.0,517885.0,0.0,0.0,517885.0
649,2011-04-01,3.0,Ethiopia,SNNP,Derashe,3.0,3.0,SNNP,Derashe,107301,86297,0.0,0.0,86297.0,0.0,0.0,86297.0,0.0,0.0,86297.0,0.0,0.0,86297.0,0.0,0.0,86297.0,0.0,0.0,86297.0
650,2011-04-01,3.0,Ethiopia,Dire Dawa,Dire Dawa rural,3.0,3.0,Dire Dawa,Dire Dawa rural,188933,151950,0.0,0.0,151950.0,0.0,0.0,151950.0,0.0,0.0,151950.0,0.0,0.0,151950.0,0.0,0.0,151950.0,0.0,0.0,151950.0
651,2011-04-01,2.0,Ethiopia,Amhara,East Gojam,2.0,2.0,Amhara,East Gojam,2672621,2149469,0.0,2149469.0,0.0,0.0,0.0,2149469.0,0.0,2149469.0,0.0,0.0,0.0,2149469.0,0.0,2149469.0,0.0,0.0,0.0,2149469.0
652,2011-04-01,4.0,Ethiopia,Oromia,East Hararge,4.0,4.0,Oromia,East Hararge,3739861,3007803,0.0,0.0,0.0,3007803.0,0.0,3007803.0,0.0,0.0,0.0,3007803.0,0.0,3007803.0,0.0,0.0,0.0,3007803.0,0.0,3007803.0
653,2011-04-01,3.0,Ethiopia,Oromia,East Shewa,3.0,3.0,Oromia,East Shewa,2234419,1797043,0.0,0.0,1797043.0,0.0,0.0,1797043.0,0.0,0.0,1797043.0,0.0,0.0,1797043.0,0.0,0.0,1797043.0,0.0,0.0,1797043.0
654,2011-04-01,2.0,Ethiopia,Oromia,East Wellega,2.0,2.0,Oromia,East Wellega,1693681,1362152,0.0,1362152.0,0.0,0.0,0.0,1362152.0,0.0,1362152.0,0.0,0.0,0.0,1362152.0,0.0,1362152.0,0.0,0.0,0.0,1362152.0
655,2011-04-01,3.0,Ethiopia,Tigray,Eastern,3.0,3.0,Tigray,Eastern,940053,756042,0.0,0.0,756042.0,0.0,0.0,756042.0,0.0,0.0,756042.0,0.0,0.0,756042.0,0.0,0.0,756042.0,0.0,0.0,756042.0
656,2011-04-01,4.0,Ethiopia,Somali,Erer,4.0,4.0,Somali,Erer,268901,216265,0.0,0.0,0.0,216265.0,0.0,216265.0,0.0,0.0,0.0,216265.0,0.0,216265.0,0.0,0.0,0.0,216265.0,0.0,216265.0
657,2011-04-01,4.0,Ethiopia,Somali,Fafan,4.0,4.0,Somali,Fafan,1242707,999453,0.0,0.0,0.0,999453.0,0.0,999453.0,0.0,0.0,0.0,999453.0,0.0,999453.0,0.0,0.0,0.0,999453.0,0.0,999453.0
658,2011-04-01,3.0,Ethiopia,SNNP,Gamo,3.0,3.0,SNNP,Gamo,1462777,1176446,0.0,0.0,1176446.0,0.0,0.0,1176446.0,0.0,0.0,1176446.0,0.0,0.0,1176446.0,0.0,0.0,1176446.0,0.0,0.0,1176446.0
659,2011-04-01,3.0,Ethiopia,SNNP,Gedeo,3.0,3.0,SNNP,Gedeo,1131834,910283,0.0,0.0,910283.0,0.0,0.0,910283.0,0.0,0.0,910283.0,0.0,0.0,910283.0,0.0,0.0,910283.0,0.0,0.0,910283.0
660,2011-04-01,3.0,Ethiopia,SNNP,Gofa,3.0,3.0,SNNP,Gofa,623589,501524,0.0,0.0,501524.0,0.0,0.0,501524.0,0.0,0.0,501524.0,0.0,0.0,501524.0,0.0,0.0,501524.0,0.0,0.0,501524.0
661,2011-04-01,3.0,Ethiopia,Oromia,Guji,3.0,3.0,Oromia,Guji,1482472,1192286,0.0,0.0,1192286.0,0.0,0.0,1192286.0,0.0,0.0,1192286.0,0.0,0.0,1192286.0,0.0,0.0,1192286.0,0.0,0.0,1192286.0
662,2011-04-01,3.0,Ethiopia,SNNP,Guraghe,3.0,3.0,SNNP,Guraghe,1882107,1513694,0.0,0.0,1513694.0,0.0,0.0,1513694.0,0.0,0.0,1513694.0,0.0,0.0,1513694.0,0.0,0.0,1513694.0,0.0,0.0,1513694.0
663,2011-04-01,3.0,Ethiopia,SNNP,Hadiya,3.0,3.0,SNNP,Hadiya,1700138,1367345,0.0,0.0,1367345.0,0.0,0.0,1367345.0,0.0,0.0,1367345.0,0.0,0.0,1367345.0,0.0,0.0,1367345.0,0.0,0.0,1367345.0
664,2011-04-01,3.0,Ethiopia,SNNP,Halaba Special,3.0,3.0,SNNP,Halaba Special,658130,529304,0.0,0.0,529304.0,0.0,0.0,529304.0,0.0,0.0,529304.0,0.0,0.0,529304.0,0.0,0.0,529304.0,0.0,0.0,529304.0
665,2011-04-01,3.0,Ethiopia,Harari,Harari,3.0,3.0,Harari,Harari,260022,209124,0.0,0.0,209124.0,0.0,0.0,209124.0,0.0,0.0,209124.0,0.0,0.0,209124.0,0.0,0.0,209124.0,0.0,0.0,209124.0
666,2011-04-01,4.0,Ethiopia,Somali,Jarar,4.0,4.0,Somali,Jarar,641077,515589,0.0,0.0,0.0,515589.0,0.0,515589.0,0.0,0.0,0.0,515589.0,0.0,515589.0,0.0,0.0,0.0,515589.0,0.0,515589.0
667,2011-04-01,3.0,Ethiopia,Oromia,Jimma,3.0,3.0,Oromia,Jimma,3672640,2953740,0.0,0.0,2953740.0,0.0,0.0,2953740.0,0.0,0.0,2953740.0,0.0,0.0,2953740.0,0.0,0.0,2953740.0,0.0,0.0,2953740.0
668,2011-04-01,2.0,Ethiopia,Benishangul Gumz,Kemashi,2.0,2.0,Benishangul Gumz,Kemashi,150986,121431,0.0,121431.0,0.0,0.0,0.0,121431.0,0.0,121431.0,0.0,0.0,0.0,121431.0,0.0,121431.0,0.0,0.0,0.0,121431.0
669,2011-04-01,3.0,Ethiopia,SNNP,Kembata Tibaro,3.0,3.0,SNNP,Kembata Tibaro,911347,732955,0.0,0.0,732955.0,0.0,0.0,732955.0,0.0,0.0,732955.0,0.0,0.0,732955.0,0.0,0.0,732955.0,0.0,0.0,732955.0
670,2011-04-01,3.0,Ethiopia,SNNP,Konso,3.0,3.0,SNNP,Konso,284360,228698,0.0,0.0,228698.0,0.0,0.0,228698.0,0.0,0.0,228698.0,0.0,0.0,228698.0,0.0,0.0,228698.0,0.0,0.0,228698.0
671,2011-04-01,4.0,Ethiopia,Somali,Liban,4.0,4.0,Somali,Liban,505190,406301,0.0,0.0,0.0,406301.0,0.0,406301.0,0.0,0.0,0.0,406301.0,0.0,406301.0,0.0,0.0,0.0,406301.0,0.0,406301.0
672,2011-04-01,2.0,Ethiopia,Tigray,Mekele Special,2.0,2.0,Tigray,Mekele Special,418327,336441,0.0,336441.0,0.0,0.0,0.0,336441.0,0.0,336441.0,0.0,0.0,0.0,336441.0,0.0,336441.0,0.0,0.0,0.0,336441.0
673,2011-04-01,3.0,Ethiopia,SNNP,Mirab Omo,3.0,3.0,SNNP,Mirab Omo,262515,211129,0.0,0.0,211129.0,0.0,0.0,211129.0,0.0,0.0,211129.0,0.0,0.0,211129.0,0.0,0.0,211129.0,0.0,0.0,211129.0
674,2011-04-01,4.0,Ethiopia,Somali,Nogob,4.0,4.0,Somali,Nogob,217220,174700,0.0,0.0,0.0,174700.0,0.0,174700.0,0.0,0.0,0.0,174700.0,0.0,174700.0,0.0,0.0,0.0,174700.0,0.0,174700.0
675,2011-04-01,3.0,Ethiopia,Amhara,North Gondar,3.0,3.0,Amhara,North Gondar,889977,715768,0.0,0.0,715768.0,0.0,0.0,715768.0,0.0,0.0,715768.0,0.0,0.0,715768.0,0.0,0.0,715768.0,0.0,0.0,715768.0
676,2011-04-01,3.0,Ethiopia,Amhara,North Shewa,3.0,3.0,Amhara,North Shewa,2293091,1844230,0.0,0.0,1844230.0,0.0,0.0,1844230.0,0.0,0.0,1844230.0,0.0,0.0,1844230.0,0.0,0.0,1844230.0,0.0,0.0,1844230.0
677,2011-04-01,3.0,Ethiopia,Amhara,North Wello,3.0,3.0,Amhara,North Wello,1740337,1399675,0.0,0.0,1399675.0,0.0,0.0,1399675.0,0.0,0.0,1399675.0,0.0,0.0,1399675.0,0.0,0.0,1399675.0,0.0,0.0,1399675.0
678,2011-04-01,2.0,Ethiopia,Tigray,North Western,2.0,2.0,Tigray,North Western,893262,718410,0.0,718410.0,0.0,0.0,0.0,718410.0,0.0,718410.0,0.0,0.0,0.0,718410.0,0.0,718410.0,0.0,0.0,0.0,718410.0
679,2011-04-01,3.0,Ethiopia,Gambela,Nuwer,3.0,3.0,Gambela,Nuwer,166901,134231,0.0,0.0,134231.0,0.0,0.0,134231.0,0.0,0.0,134231.0,0.0,0.0,134231.0,0.0,0.0,134231.0,0.0,0.0,134231.0
680,2011-04-01,3.0,Ethiopia,Amhara,Oromia,3.0,3.0,Amhara,Oromia,569808,458271,0.0,0.0,458271.0,0.0,0.0,458271.0,0.0,0.0,458271.0,0.0,0.0,458271.0,0.0,0.0,458271.0,0.0,0.0,458271.0
681,2011-04-01,4.0,Ethiopia,Somali,Shabelle,4.0,4.0,Somali,Shabelle,647430,520699,0.0,0.0,0.0,520699.0,0.0,520699.0,0.0,0.0,0.0,520699.0,0.0,520699.0,0.0,0.0,0.0,520699.0,0.0,520699.0
682,2011-04-01,3.0,Ethiopia,SNNP,Sidama,3.0,3.0,SNNP,Sidama,4212331,3387790,0.0,0.0,3387790.0,0.0,0.0,3387790.0,0.0,0.0,3387790.0,0.0,0.0,3387790.0,0.0,0.0,3387790.0,0.0,0.0,3387790.0
683,2011-04-01,3.0,Ethiopia,SNNP,Siltie,3.0,3.0,SNNP,Siltie,1051444,845629,0.0,0.0,845629.0,0.0,0.0,845629.0,0.0,0.0,845629.0,0.0,0.0,845629.0,0.0,0.0,845629.0,0.0,0.0,845629.0
684,2011-04-01,3.0,Ethiopia,Somali,Siti,3.0,3.0,Somali,Siti,644214,518112,0.0,0.0,518112.0,0.0,0.0,518112.0,0.0,0.0,518112.0,0.0,0.0,518112.0,0.0,0.0,518112.0,0.0,0.0,518112.0
685,2011-04-01,3.0,Ethiopia,Tigray,South Eastern,3.0,3.0,Tigray,South Eastern,528199,424806,0.0,0.0,424806.0,0.0,0.0,424806.0,0.0,0.0,424806.0,0.0,0.0,424806.0,0.0,0.0,424806.0,0.0,0.0,424806.0
686,2011-04-01,3.0,Ethiopia,Amhara,South Gondar,3.0,3.0,Amhara,South Gondar,2526963,2032323,0.0,0.0,2032323.0,0.0,0.0,2032323.0,0.0,0.0,2032323.0,0.0,0.0,2032323.0,0.0,0.0,2032323.0,0.0,0.0,2032323.0
687,2011-04-01,3.0,Ethiopia,SNNP,South Omo,3.0,4.0,SNNP,South Omo,754134,606516,0.0,0.0,606516.0,0.0,0.0,606516.0,0.0,0.0,606516.0,0.0,0.0,606516.0,0.0,0.0,0.0,606516.0,0.0,606516.0
688,2011-04-01,3.0,Ethiopia,Amhara,South Wello,3.0,3.0,Amhara,South Wello,3246827,2611278,0.0,0.0,2611278.0,0.0,0.0,2611278.0,0.0,0.0,2611278.0,0.0,0.0,2611278.0,0.0,0.0,2611278.0,0.0,0.0,2611278.0
689,2011-04-01,2.0,Ethiopia,Oromia,South West Shewa,2.0,2.0,Oromia,South West Shewa,1264234,1016767,0.0,1016767.0,0.0,0.0,0.0,1016767.0,0.0,1016767.0,0.0,0.0,0.0,1016767.0,0.0,1016767.0,0.0,0.0,0.0,1016767.0
690,2011-04-01,3.0,Ethiopia,Tigray,Southern,3.0,3.0,Tigray,Southern,752344,605076,0.0,0.0,605076.0,0.0,0.0,605076.0,0.0,0.0,605076.0,0.0,0.0,605076.0,0.0,0.0,605076.0,0.0,0.0,605076.0
691,2011-04-01,3.0,Ethiopia,Amhara,Wag Hamra,3.0,3.0,Amhara,Wag Hamra,516457,415363,0.0,0.0,415363.0,0.0,0.0,415363.0,0.0,0.0,415363.0,0.0,0.0,415363.0,0.0,0.0,415363.0,0.0,0.0,415363.0
692,2011-04-01,3.0,Ethiopia,Oromia,West Arsi,3.0,3.0,Oromia,West Arsi,2868933,2307354,0.0,0.0,2307354.0,0.0,0.0,2307354.0,0.0,0.0,2307354.0,0.0,0.0,2307354.0,0.0,0.0,2307354.0,0.0,0.0,2307354.0
693,2011-04-01,3.0,Ethiopia,Oromia,West Guji,3.0,3.0,Oromia,West Guji,1223292,983839,0.0,0.0,983839.0,0.0,0.0,983839.0,0.0,0.0,983839.0,0.0,0.0,983839.0,0.0,0.0,983839.0,0.0,0.0,983839.0
694,2011-04-01,3.0,Ethiopia,Oromia,West Hararge,3.0,3.0,Oromia,West Hararge,2568661,2065859,0.0,0.0,2065859.0,0.0,0.0,2065859.0,0.0,0.0,2065859.0,0.0,0.0,2065859.0,0.0,0.0,2065859.0,0.0,0.0,2065859.0
695,2011-04-01,2.0,Ethiopia,Oromia,West Wellega,2.0,2.0,Oromia,West Wellega,1880222,1512178,0.0,1512178.0,0.0,0.0,0.0,1512178.0,0.0,1512178.0,0.0,0.0,0.0,1512178.0,0.0,1512178.0,0.0,0.0,0.0,1512178.0
696,2011-04-01,2.0,Ethiopia,Tigray,Western,2.0,2.0,Tigray,Western,440553,354317,0.0,354317.0,0.0,0.0,0.0,354317.0,0.0,354317.0,0.0,0.0,0.0,354317.0,0.0,354317.0,0.0,0.0,0.0,354317.0
697,2011-04-01,3.0,Ethiopia,SNNP,Wolayita,3.0,3.0,SNNP,Wolayita,1999292,1607941,0.0,0.0,1607941.0,0.0,0.0,1607941.0,0.0,0.0,1607941.0,0.0,0.0,1607941.0,0.0,0.0,1607941.0,0.0,0.0,1607941.0
698,2011-04-01,3.0,Ethiopia,SNNP,Yem Special,3.0,3.0,SNNP,Yem Special,102526,82457,0.0,0.0,82457.0,0.0,0.0,82457.0,0.0,0.0,82457.0,0.0,0.0,82457.0,0.0,0.0,82457.0,0.0,0.0,82457.0
699,2011-04-01,3.0,Ethiopia,Afar,Zone 1 (Awsi Rasu),3.0,3.0,Afar,Zone 1 (Awsi Rasu),643036,517165,0.0,0.0,517165.0,0.0,0.0,517165.0,0.0,0.0,517165.0,0.0,0.0,517165.0,0.0,0.0,517165.0,0.0,0.0,517165.0
700,2011-04-01,3.0,Ethiopia,Afar,Zone 2 (Kilbet Rasu),3.0,3.0,Afar,Zone 2 (Kilbet Rasu),493764,397112,0.0,0.0,397112.0,0.0,0.0,397112.0,0.0,0.0,397112.0,0.0,0.0,397112.0,0.0,0.0,397112.0,0.0,0.0,397112.0
701,2011-04-01,3.0,Ethiopia,Afar,Zone 3 (Gabi Rasu),3.0,3.0,Afar,Zone 3 (Gabi Rasu),281357,226282,0.0,0.0,226282.0,0.0,0.0,226282.0,0.0,0.0,226282.0,0.0,0.0,226282.0,0.0,0.0,226282.0,0.0,0.0,226282.0
702,2011-04-01,3.0,Ethiopia,Afar,Zone 4 (Fantana Rasu),3.0,3.0,Afar,Zone 4 (Fantana Rasu),276855,222662,0.0,0.0,222662.0,0.0,0.0,222662.0,0.0,0.0,222662.0,0.0,0.0,222662.0,0.0,0.0,222662.0,0.0,0.0,222662.0
703,2011-04-01,3.0,Ethiopia,Afar,Zone 5 (Hari Rasu),3.0,3.0,Afar,Zone 5 (Hari Rasu),209402,168412,0.0,0.0,168412.0,0.0,0.0,168412.0,0.0,0.0,168412.0,0.0,0.0,168412.0,0.0,0.0,168412.0,0.0,0.0,168412.0
704,2011-04-01,3.0,Ethiopia,Gambela,Agnewak,3.0,3.0,Gambela,Agnewak,164054,131941,0.0,0.0,131941.0,0.0,0.0,131941.0,0.0,0.0,131941.0,0.0,0.0,131941.0,0.0,0.0,131941.0,0.0,0.0,131941.0
705,2011-04-01,4.0,Ethiopia,Somali,Doolo,4.0,4.0,Somali,Doolo,425824,342471,0.0,0.0,0.0,342471.0,0.0,342471.0,0.0,0.0,0.0,342471.0,0.0,342471.0,0.0,0.0,0.0,342471.0,0.0,342471.0
706,2011-04-01,4.0,Ethiopia,Somali,Korahe,4.0,4.0,Somali,Korahe,511890,411690,0.0,0.0,0.0,411690.0,0.0,411690.0,0.0,0.0,0.0,411690.0,0.0,411690.0,0.0,0.0,0.0,411690.0,0.0,411690.0
707,2011-04-01,2.0,Ethiopia,Oromia,Finfine Special,2.0,2.0,Oromia,Finfine Special,1040106,836510,0.0,836510.0,0.0,0.0,0.0,836510.0,0.0,836510.0,0.0,0.0,0.0,836510.0,0.0,836510.0,0.0,0.0,0.0,836510.0
708,2011-04-01,1.0,Ethiopia,Addis Ababa,Region 14,1.0,1.0,Addis Ababa,Region 14,3585647,2883776,2883776.0,0.0,0.0,0.0,0.0,2883776.0,2883776.0,0.0,0.0,0.0,0.0,2883776.0,2883776.0,0.0,0.0,0.0,0.0,2883776.0
709,2011-04-01,1.0,Ethiopia,Amhara,West Gojam,1.0,1.0,Amhara,West Gojam,2894095,2327591,2327591.0,0.0,0.0,0.0,0.0,2327591.0,2327591.0,0.0,0.0,0.0,0.0,2327591.0,2327591.0,0.0,0.0,0.0,0.0,2327591.0
710,2011-04-01,3.0,Ethiopia,SNNP,Basketo,3.0,3.0,SNNP,Basketo,75512,60730,0.0,0.0,60730.0,0.0,0.0,60730.0,0.0,0.0,60730.0,0.0,0.0,60730.0,0.0,0.0,60730.0,0.0,0.0,60730.0
711,2011-04-01,2.0,Ethiopia,SNNP,Bench Maji,2.0,1.0,SNNP,Bench Maji,603595,485444,0.0,485444.0,0.0,0.0,0.0,485444.0,0.0,485444.0,0.0,0.0,0.0,485444.0,485444.0,0.0,0.0,0.0,0.0,485444.0
712,2011-04-01,2.0,Ethiopia,Gambela,Etang Special woreda,2.0,2.0,Gambela,Etang Special woreda,50260,40421,0.0,40421.0,0.0,0.0,0.0,40421.0,0.0,40421.0,0.0,0.0,0.0,40421.0,0.0,40421.0,0.0,0.0,0.0,40421.0
713,2011-04-01,2.0,Ethiopia,Oromia,Ilu Aba Bora,2.0,1.0,Oromia,Ilu Aba Bora,953178,766598,0.0,766598.0,0.0,0.0,0.0,766598.0,0.0,766598.0,0.0,0.0,0.0,766598.0,766598.0,0.0,0.0,0.0,0.0,766598.0
714,2011-04-01,3.0,Ethiopia,SNNP,Kefa,3.0,3.0,SNNP,Kefa,1053546,847320,0.0,0.0,847320.0,0.0,0.0,847320.0,0.0,0.0,847320.0,0.0,0.0,847320.0,0.0,0.0,847320.0,0.0,0.0,847320.0
715,2011-04-01,3.0,Ethiopia,SNNP,Konta Special,3.0,3.0,SNNP,Konta Special,119904,96433,0.0,0.0,96433.0,0.0,0.0,96433.0,0.0,0.0,96433.0,0.0,0.0,96433.0,0.0,0.0,96433.0,0.0,0.0,96433.0
716,2011-04-01,2.0,Ethiopia,Gambela,Mejenger,2.0,1.0,Gambela,Mejenger,81617,65640,0.0,65640.0,0.0,0.0,0.0,65640.0,0.0,65640.0,0.0,0.0,0.0,65640.0,65640.0,0.0,0.0,0.0,0.0,65640.0
717,2011-04-01,2.0,Ethiopia,Benishangul Gumz,Asosa,2.0,2.0,Benishangul Gumz,Asosa,402287,323541,0.0,323541.0,0.0,0.0,0.0,323541.0,0.0,323541.0,0.0,0.0,0.0,323541.0,0.0,323541.0,0.0,0.0,0.0,323541.0
718,2011-04-01,2.0,Ethiopia,Dire Dawa,Dire Dawa urban,2.0,2.0,Dire Dawa,Dire Dawa urban,319985,257349,0.0,257349.0,0.0,0.0,0.0,257349.0,0.0,257349.0,0.0,0.0,0.0,257349.0,0.0,257349.0,0.0,0.0,0.0,257349.0
719,2011-04-01,2.0,Ethiopia,Oromia,Horo Gudru Wellega,2.0,2.0,Oromia,Horo Gudru Wellega,791731,636753,0.0,636753.0,0.0,0.0,0.0,636753.0,0.0,636753.0,0.0,0.0,0.0,636753.0,0.0,636753.0,0.0,0.0,0.0,636753.0
720,2011-04-01,2.0,Ethiopia,Oromia,Kelem Wellega,2.0,2.0,Oromia,Kelem Wellega,1141498,918055,0.0,918055.0,0.0,0.0,0.0,918055.0,0.0,918055.0,0.0,0.0,0.0,918055.0,0.0,918055.0,0.0,0.0,0.0,918055.0
721,2011-04-01,3.0,Ethiopia,Benishangul Gumz,Mao Komo Special,3.0,3.0,Benishangul Gumz,Mao Komo Special,70414,56630,0.0,0.0,56630.0,0.0,0.0,56630.0,0.0,0.0,56630.0,0.0,0.0,56630.0,0.0,0.0,56630.0,0.0,0.0,56630.0
722,2011-04-01,2.0,Ethiopia,Benishangul Gumz,Metekel,2.0,2.0,Benishangul Gumz,Metekel,479162,385368,0.0,385368.0,0.0,0.0,0.0,385368.0,0.0,385368.0,0.0,0.0,0.0,385368.0,0.0,385368.0,0.0,0.0,0.0,385368.0
723,2011-04-01,2.0,Ethiopia,Oromia,North Shewa,2.0,2.0,Oromia,North Shewa,1626893,1308437,0.0,1308437.0,0.0,0.0,0.0,1308437.0,0.0,1308437.0,0.0,0.0,0.0,1308437.0,0.0,1308437.0,0.0,0.0,0.0,1308437.0
724,2011-04-01,2.0,Ethiopia,SNNP,Sheka,2.0,1.0,SNNP,Sheka,274212,220536,0.0,220536.0,0.0,0.0,0.0,220536.0,0.0,220536.0,0.0,0.0,0.0,220536.0,220536.0,0.0,0.0,0.0,0.0,220536.0
725,2011-04-01,2.0,Ethiopia,Oromia,West Shewa,2.0,2.0,Oromia,West Shewa,2773901,2230924,0.0,2230924.0,0.0,0.0,0.0,2230924.0,0.0,2230924.0,0.0,0.0,0.0,2230924.0,0.0,2230924.0,0.0,0.0,0.0,2230924.0
726,2011-04-01,1.0,Ethiopia,Amhara,Awi,1.0,1.0,Amhara,Awi,1338704,1076659,1076659.0,0.0,0.0,0.0,0.0,1076659.0,1076659.0,0.0,0.0,0.0,0.0,1076659.0,1076659.0,0.0,0.0,0.0,0.0,1076659.0
727,2011-04-01,1.0,Ethiopia,Amhara,West Gondar,1.0,1.0,Amhara,West Gondar,381393,306737,306737.0,0.0,0.0,0.0,0.0,306737.0,306737.0,0.0,0.0,0.0,0.0,306737.0,306737.0,0.0,0.0,0.0,0.0,306737.0
728,2011-07-01,4.0,Ethiopia,Somali,Afder,4.0,3.0,Somali,Afder,654828,526648,0.0,0.0,0.0,526648.0,0.0,526648.0,0.0,0.0,0.0,526648.0,0.0,526648.0,0.0,0.0,526648.0,0.0,0.0,526648.0
729,2011-07-01,3.0,Ethiopia,SNNP,Alle,3.0,3.0,SNNP,Alle,81190,65297,0.0,0.0,65297.0,0.0,0.0,65297.0,0.0,0.0,65297.0,0.0,0.0,65297.0,0.0,0.0,65297.0,0.0,0.0,65297.0
730,2011-07-01,3.0,Ethiopia,SNNP,Amaro,3.0,3.0,SNNP,Amaro,195252,157032,0.0,0.0,157032.0,0.0,0.0,157032.0,0.0,0.0,157032.0,0.0,0.0,157032.0,0.0,0.0,157032.0,0.0,0.0,157032.0
731,2011-07-01,4.0,Ethiopia,Oromia,Arsi,4.0,2.0,Oromia,Arsi,3645492,2931906,0.0,0.0,0.0,2931906.0,0.0,2931906.0,0.0,0.0,0.0,2931906.0,0.0,2931906.0,0.0,2931906.0,0.0,0.0,0.0,2931906.0
732,2011-07-01,4.0,Ethiopia,Oromia,Bale,4.0,3.0,Oromia,Bale,1887498,1518030,0.0,0.0,0.0,1518030.0,0.0,1518030.0,0.0,0.0,0.0,1518030.0,0.0,1518030.0,0.0,0.0,1518030.0,0.0,0.0,1518030.0
733,2011-07-01,4.0,Ethiopia,Oromia,Borena,4.0,3.0,Oromia,Borena,545493,438715,0.0,0.0,0.0,438715.0,0.0,438715.0,0.0,0.0,0.0,438715.0,0.0,438715.0,0.0,0.0,438715.0,0.0,0.0,438715.0
734,2011-07-01,1.0,Ethiopia,Oromia,Buno Bedele,1.0,1.0,Oromia,Buno Bedele,809088,650713,650713.0,0.0,0.0,0.0,0.0,650713.0,650713.0,0.0,0.0,0.0,0.0,650713.0,650713.0,0.0,0.0,0.0,0.0,650713.0
735,2011-07-01,3.0,Ethiopia,SNNP,Burji,3.0,3.0,SNNP,Burji,71728,57687,0.0,0.0,57687.0,0.0,0.0,57687.0,0.0,0.0,57687.0,0.0,0.0,57687.0,0.0,0.0,57687.0,0.0,0.0,57687.0
736,2011-07-01,3.0,Ethiopia,Tigray,Central,3.0,2.0,Tigray,Central,1384454,1113454,0.0,0.0,1113454.0,0.0,0.0,1113454.0,0.0,0.0,1113454.0,0.0,0.0,1113454.0,0.0,1113454.0,0.0,0.0,0.0,1113454.0
737,2011-07-01,3.0,Ethiopia,Amhara,Central Gondar,3.0,2.0,Amhara,Central Gondar,2719899,2187493,0.0,0.0,2187493.0,0.0,0.0,2187493.0,0.0,0.0,2187493.0,0.0,0.0,2187493.0,0.0,2187493.0,0.0,0.0,0.0,2187493.0
738,2011-07-01,4.0,Ethiopia,Somali,Daawa,4.0,3.0,Somali,Daawa,457130,367649,0.0,0.0,0.0,367649.0,0.0,367649.0,0.0,0.0,0.0,367649.0,0.0,367649.0,0.0,0.0,367649.0,0.0,0.0,367649.0
739,2011-07-01,3.0,Ethiopia,SNNP,Dawuro,3.0,2.0,SNNP,Dawuro,643931,517885,0.0,0.0,517885.0,0.0,0.0,517885.0,0.0,0.0,517885.0,0.0,0.0,517885.0,0.0,517885.0,0.0,0.0,0.0,517885.0
740,2011-07-01,3.0,Ethiopia,SNNP,Derashe,3.0,3.0,SNNP,Derashe,107301,86297,0.0,0.0,86297.0,0.0,0.0,86297.0,0.0,0.0,86297.0,0.0,0.0,86297.0,0.0,0.0,86297.0,0.0,0.0,86297.0
741,2011-07-01,3.0,Ethiopia,Dire Dawa,Dire Dawa rural,3.0,2.0,Dire Dawa,Dire Dawa rural,188933,151950,0.0,0.0,151950.0,0.0,0.0,151950.0,0.0,0.0,151950.0,0.0,0.0,151950.0,0.0,151950.0,0.0,0.0,0.0,151950.0
742,2011-07-01,2.0,Ethiopia,Amhara,East Gojam,2.0,2.0,Amhara,East Gojam,2672621,2149469,0.0,2149469.0,0.0,0.0,0.0,2149469.0,0.0,2149469.0,0.0,0.0,0.0,2149469.0,0.0,2149469.0,0.0,0.0,0.0,2149469.0
743,2011-07-01,4.0,Ethiopia,Oromia,East Hararge,4.0,3.0,Oromia,East Hararge,3739861,3007803,0.0,0.0,0.0,3007803.0,0.0,3007803.0,0.0,0.0,0.0,3007803.0,0.0,3007803.0,0.0,0.0,3007803.0,0.0,0.0,3007803.0
744,2011-07-01,3.0,Ethiopia,Oromia,East Shewa,3.0,2.0,Oromia,East Shewa,2234419,1797043,0.0,0.0,1797043.0,0.0,0.0,1797043.0,0.0,0.0,1797043.0,0.0,0.0,1797043.0,0.0,1797043.0,0.0,0.0,0.0,1797043.0
745,2011-07-01,2.0,Ethiopia,Oromia,East Wellega,2.0,2.0,Oromia,East Wellega,1693681,1362152,0.0,1362152.0,0.0,0.0,0.0,1362152.0,0.0,1362152.0,0.0,0.0,0.0,1362152.0,0.0,1362152.0,0.0,0.0,0.0,1362152.0
746,2011-07-01,3.0,Ethiopia,Tigray,Eastern,3.0,2.0,Tigray,Eastern,940053,756042,0.0,0.0,756042.0,0.0,0.0,756042.0,0.0,0.0,756042.0,0.0,0.0,756042.0,0.0,756042.0,0.0,0.0,0.0,756042.0
747,2011-07-01,4.0,Ethiopia,Somali,Erer,4.0,3.0,Somali,Erer,268901,216265,0.0,0.0,0.0,216265.0,0.0,216265.0,0.0,0.0,0.0,216265.0,0.0,216265.0,0.0,0.0,216265.0,0.0,0.0,216265.0
748,2011-07-01,4.0,Ethiopia,Somali,Fafan,4.0,3.0,Somali,Fafan,1242707,999453,0.0,0.0,0.0,999453.0,0.0,999453.0,0.0,0.0,0.0,999453.0,0.0,999453.0,0.0,0.0,999453.0,0.0,0.0,999453.0
749,2011-07-01,3.0,Ethiopia,SNNP,Gamo,3.0,3.0,SNNP,Gamo,1462777,1176446,0.0,0.0,1176446.0,0.0,0.0,1176446.0,0.0,0.0,1176446.0,0.0,0.0,1176446.0,0.0,0.0,1176446.0,0.0,0.0,1176446.0
750,2011-07-01,3.0,Ethiopia,SNNP,Gedeo,3.0,2.0,SNNP,Gedeo,1131834,910283,0.0,0.0,910283.0,0.0,0.0,910283.0,0.0,0.0,910283.0,0.0,0.0,910283.0,0.0,910283.0,0.0,0.0,0.0,910283.0
751,2011-07-01,3.0,Ethiopia,SNNP,Gofa,3.0,2.0,SNNP,Gofa,623589,501524,0.0,0.0,501524.0,0.0,0.0,501524.0,0.0,0.0,501524.0,0.0,0.0,501524.0,0.0,501524.0,0.0,0.0,0.0,501524.0
752,2011-07-01,4.0,Ethiopia,Oromia,Guji,4.0,3.0,Oromia,Guji,1482472,1192286,0.0,0.0,0.0,1192286.0,0.0,1192286.0,0.0,0.0,0.0,1192286.0,0.0,1192286.0,0.0,0.0,1192286.0,0.0,0.0,1192286.0
753,2011-07-01,3.0,Ethiopia,SNNP,Guraghe,3.0,2.0,SNNP,Guraghe,1882107,1513694,0.0,0.0,1513694.0,0.0,0.0,1513694.0,0.0,0.0,1513694.0,0.0,0.0,1513694.0,0.0,1513694.0,0.0,0.0,0.0,1513694.0
754,2011-07-01,3.0,Ethiopia,SNNP,Hadiya,3.0,2.0,SNNP,Hadiya,1700138,1367345,0.0,0.0,1367345.0,0.0,0.0,1367345.0,0.0,0.0,1367345.0,0.0,0.0,1367345.0,0.0,1367345.0,0.0,0.0,0.0,1367345.0
755,2011-07-01,3.0,Ethiopia,SNNP,Halaba Special,3.0,2.0,SNNP,Halaba Special,658130,529304,0.0,0.0,529304.0,0.0,0.0,529304.0,0.0,0.0,529304.0,0.0,0.0,529304.0,0.0,529304.0,0.0,0.0,0.0,529304.0
756,2011-07-01,3.0,Ethiopia,Harari,Harari,3.0,2.0,Harari,Harari,260022,209124,0.0,0.0,209124.0,0.0,0.0,209124.0,0.0,0.0,209124.0,0.0,0.0,209124.0,0.0,209124.0,0.0,0.0,0.0,209124.0
757,2011-07-01,4.0,Ethiopia,Somali,Jarar,4.0,3.0,Somali,Jarar,641077,515589,0.0,0.0,0.0,515589.0,0.0,515589.0,0.0,0.0,0.0,515589.0,0.0,515589.0,0.0,0.0,515589.0,0.0,0.0,515589.0
758,2011-07-01,3.0,Ethiopia,Oromia,Jimma,3.0,2.0,Oromia,Jimma,3672640,2953740,0.0,0.0,2953740.0,0.0,0.0,2953740.0,0.0,0.0,2953740.0,0.0,0.0,2953740.0,0.0,2953740.0,0.0,0.0,0.0,2953740.0
759,2011-07-01,2.0,Ethiopia,Benishangul Gumz,Kemashi,2.0,2.0,Benishangul Gumz,Kemashi,150986,121431,0.0,121431.0,0.0,0.0,0.0,121431.0,0.0,121431.0,0.0,0.0,0.0,121431.0,0.0,121431.0,0.0,0.0,0.0,121431.0
760,2011-07-01,3.0,Ethiopia,SNNP,Kembata Tibaro,3.0,2.0,SNNP,Kembata Tibaro,911347,732955,0.0,0.0,732955.0,0.0,0.0,732955.0,0.0,0.0,732955.0,0.0,0.0,732955.0,0.0,732955.0,0.0,0.0,0.0,732955.0
761,2011-07-01,3.0,Ethiopia,SNNP,Konso,3.0,3.0,SNNP,Konso,284360,228698,0.0,0.0,228698.0,0.0,0.0,228698.0,0.0,0.0,228698.0,0.0,0.0,228698.0,0.0,0.0,228698.0,0.0,0.0,228698.0
762,2011-07-01,4.0,Ethiopia,Somali,Liban,4.0,3.0,Somali,Liban,505190,406301,0.0,0.0,0.0,406301.0,0.0,406301.0,0.0,0.0,0.0,406301.0,0.0,406301.0,0.0,0.0,406301.0,0.0,0.0,406301.0
763,2011-07-01,2.0,Ethiopia,Tigray,Mekele Special,2.0,2.0,Tigray,Mekele Special,418327,336441,0.0,336441.0,0.0,0.0,0.0,336441.0,0.0,336441.0,0.0,0.0,0.0,336441.0,0.0,336441.0,0.0,0.0,0.0,336441.0
764,2011-07-01,4.0,Ethiopia,SNNP,Mirab Omo,4.0,3.0,SNNP,Mirab Omo,262515,211129,0.0,0.0,0.0,211129.0,0.0,211129.0,0.0,0.0,0.0,211129.0,0.0,211129.0,0.0,0.0,211129.0,0.0,0.0,211129.0
765,2011-07-01,4.0,Ethiopia,Somali,Nogob,4.0,3.0,Somali,Nogob,217220,174700,0.0,0.0,0.0,174700.0,0.0,174700.0,0.0,0.0,0.0,174700.0,0.0,174700.0,0.0,0.0,174700.0,0.0,0.0,174700.0
766,2011-07-01,3.0,Ethiopia,Amhara,North Gondar,3.0,2.0,Amhara,North Gondar,889977,715768,0.0,0.0,715768.0,0.0,0.0,715768.0,0.0,0.0,715768.0,0.0,0.0,715768.0,0.0,715768.0,0.0,0.0,0.0,715768.0
767,2011-07-01,3.0,Ethiopia,Amhara,North Shewa,3.0,3.0,Amhara,North Shewa,2293091,1844230,0.0,0.0,1844230.0,0.0,0.0,1844230.0,0.0,0.0,1844230.0,0.0,0.0,1844230.0,0.0,0.0,1844230.0,0.0,0.0,1844230.0
768,2011-07-01,3.0,Ethiopia,Amhara,North Wello,3.0,3.0,Amhara,North Wello,1740337,1399675,0.0,0.0,1399675.0,0.0,0.0,1399675.0,0.0,0.0,1399675.0,0.0,0.0,1399675.0,0.0,0.0,1399675.0,0.0,0.0,1399675.0
769,2011-07-01,2.0,Ethiopia,Tigray,North Western,2.0,2.0,Tigray,North Western,893262,718410,0.0,718410.0,0.0,0.0,0.0,718410.0,0.0,718410.0,0.0,0.0,0.0,718410.0,0.0,718410.0,0.0,0.0,0.0,718410.0
770,2011-07-01,3.0,Ethiopia,Gambela,Nuwer,4.0,3.0,Gambela,Nuwer,166901,134231,0.0,0.0,134231.0,0.0,0.0,134231.0,0.0,0.0,0.0,134231.0,0.0,134231.0,0.0,0.0,134231.0,0.0,0.0,134231.0
771,2011-07-01,3.0,Ethiopia,Amhara,Oromia,3.0,3.0,Amhara,Oromia,569808,458271,0.0,0.0,458271.0,0.0,0.0,458271.0,0.0,0.0,458271.0,0.0,0.0,458271.0,0.0,0.0,458271.0,0.0,0.0,458271.0
772,2011-07-01,4.0,Ethiopia,Somali,Shabelle,4.0,3.0,Somali,Shabelle,647430,520699,0.0,0.0,0.0,520699.0,0.0,520699.0,0.0,0.0,0.0,520699.0,0.0,520699.0,0.0,0.0,520699.0,0.0,0.0,520699.0
773,2011-07-01,3.0,Ethiopia,SNNP,Sidama,3.0,3.0,SNNP,Sidama,4212331,3387790,0.0,0.0,3387790.0,0.0,0.0,3387790.0,0.0,0.0,3387790.0,0.0,0.0,3387790.0,0.0,0.0,3387790.0,0.0,0.0,3387790.0
774,2011-07-01,3.0,Ethiopia,SNNP,Siltie,3.0,2.0,SNNP,Siltie,1051444,845629,0.0,0.0,845629.0,0.0,0.0,845629.0,0.0,0.0,845629.0,0.0,0.0,845629.0,0.0,845629.0,0.0,0.0,0.0,845629.0
775,2011-07-01,3.0,Ethiopia,Somali,Siti,3.0,3.0,Somali,Siti,644214,518112,0.0,0.0,518112.0,0.0,0.0,518112.0,0.0,0.0,518112.0,0.0,0.0,518112.0,0.0,0.0,518112.0,0.0,0.0,518112.0
776,2011-07-01,3.0,Ethiopia,Tigray,South Eastern,3.0,2.0,Tigray,South Eastern,528199,424806,0.0,0.0,424806.0,0.0,0.0,424806.0,0.0,0.0,424806.0,0.0,0.0,424806.0,0.0,424806.0,0.0,0.0,0.0,424806.0
777,2011-07-01,2.0,Ethiopia,Amhara,South Gondar,2.0,3.0,Amhara,South Gondar,2526963,2032323,0.0,2032323.0,0.0,0.0,0.0,2032323.0,0.0,2032323.0,0.0,0.0,0.0,2032323.0,0.0,0.0,2032323.0,0.0,0.0,2032323.0
778,2011-07-01,4.0,Ethiopia,SNNP,South Omo,4.0,3.0,SNNP,South Omo,754134,606516,0.0,0.0,0.0,606516.0,0.0,606516.0,0.0,0.0,0.0,606516.0,0.0,606516.0,0.0,0.0,606516.0,0.0,0.0,606516.0
779,2011-07-01,2.0,Ethiopia,Amhara,South Wello,2.0,3.0,Amhara,South Wello,3246827,2611278,0.0,2611278.0,0.0,0.0,0.0,2611278.0,0.0,2611278.0,0.0,0.0,0.0,2611278.0,0.0,0.0,2611278.0,0.0,0.0,2611278.0
780,2011-07-01,2.0,Ethiopia,Oromia,South West Shewa,2.0,2.0,Oromia,South West Shewa,1264234,1016767,0.0,1016767.0,0.0,0.0,0.0,1016767.0,0.0,1016767.0,0.0,0.0,0.0,1016767.0,0.0,1016767.0,0.0,0.0,0.0,1016767.0
781,2011-07-01,3.0,Ethiopia,Tigray,Southern,3.0,3.0,Tigray,Southern,752344,605076,0.0,0.0,605076.0,0.0,0.0,605076.0,0.0,0.0,605076.0,0.0,0.0,605076.0,0.0,0.0,605076.0,0.0,0.0,605076.0
782,2011-07-01,3.0,Ethiopia,Amhara,Wag Hamra,3.0,3.0,Amhara,Wag Hamra,516457,415363,0.0,0.0,415363.0,0.0,0.0,415363.0,0.0,0.0,415363.0,0.0,0.0,415363.0,0.0,0.0,415363.0,0.0,0.0,415363.0
783,2011-07-01,4.0,Ethiopia,Oromia,West Arsi,4.0,3.0,Oromia,West Arsi,2868933,2307354,0.0,0.0,0.0,2307354.0,0.0,2307354.0,0.0,0.0,0.0,2307354.0,0.0,2307354.0,0.0,0.0,2307354.0,0.0,0.0,2307354.0
784,2011-07-01,4.0,Ethiopia,Oromia,West Guji,4.0,3.0,Oromia,West Guji,1223292,983839,0.0,0.0,0.0,983839.0,0.0,983839.0,0.0,0.0,0.0,983839.0,0.0,983839.0,0.0,0.0,983839.0,0.0,0.0,983839.0
785,2011-07-01,4.0,Ethiopia,Oromia,West Hararge,4.0,2.0,Oromia,West Hararge,2568661,2065859,0.0,0.0,0.0,2065859.0,0.0,2065859.0,0.0,0.0,0.0,2065859.0,0.0,2065859.0,0.0,2065859.0,0.0,0.0,0.0,2065859.0
786,2011-07-01,2.0,Ethiopia,Oromia,West Wellega,2.0,2.0,Oromia,West Wellega,1880222,1512178,0.0,1512178.0,0.0,0.0,0.0,1512178.0,0.0,1512178.0,0.0,0.0,0.0,1512178.0,0.0,1512178.0,0.0,0.0,0.0,1512178.0
787,2011-07-01,2.0,Ethiopia,Tigray,Western,2.0,2.0,Tigray,Western,440553,354317,0.0,354317.0,0.0,0.0,0.0,354317.0,0.0,354317.0,0.0,0.0,0.0,354317.0,0.0,354317.0,0.0,0.0,0.0,354317.0
788,2011-07-01,3.0,Ethiopia,SNNP,Wolayita,3.0,2.0,SNNP,Wolayita,1999292,1607941,0.0,0.0,1607941.0,0.0,0.0,1607941.0,0.0,0.0,1607941.0,0.0,0.0,1607941.0,0.0,1607941.0,0.0,0.0,0.0,1607941.0
789,2011-07-01,3.0,Ethiopia,SNNP,Yem Special,3.0,2.0,SNNP,Yem Special,102526,82457,0.0,0.0,82457.0,0.0,0.0,82457.0,0.0,0.0,82457.0,0.0,0.0,82457.0,0.0,82457.0,0.0,0.0,0.0,82457.0
790,2011-07-01,3.0,Ethiopia,Afar,Zone 1 (Awsi Rasu),3.0,3.0,Afar,Zone 1 (Awsi Rasu),643036,517165,0.0,0.0,517165.0,0.0,0.0,517165.0,0.0,0.0,517165.0,0.0,0.0,517165.0,0.0,0.0,517165.0,0.0,0.0,517165.0
791,2011-07-01,3.0,Ethiopia,Afar,Zone 2 (Kilbet Rasu),3.0,2.0,Afar,Zone 2 (Kilbet Rasu),493764,397112,0.0,0.0,397112.0,0.0,0.0,397112.0,0.0,0.0,397112.0,0.0,0.0,397112.0,0.0,397112.0,0.0,0.0,0.0,397112.0
792,2011-07-01,3.0,Ethiopia,Afar,Zone 3 (Gabi Rasu),3.0,2.0,Afar,Zone 3 (Gabi Rasu),281357,226282,0.0,0.0,226282.0,0.0,0.0,226282.0,0.0,0.0,226282.0,0.0,0.0,226282.0,0.0,226282.0,0.0,0.0,0.0,226282.0
793,2011-07-01,3.0,Ethiopia,Afar,Zone 4 (Fantana Rasu),3.0,2.0,Afar,Zone 4 (Fantana Rasu),276855,222662,0.0,0.0,222662.0,0.0,0.0,222662.0,0.0,0.0,222662.0,0.0,0.0,222662.0,0.0,222662.0,0.0,0.0,0.0,222662.0
794,2011-07-01,3.0,Ethiopia,Afar,Zone 5 (Hari Rasu),3.0,2.0,Afar,Zone 5 (Hari Rasu),209402,168412,0.0,0.0,168412.0,0.0,0.0,168412.0,0.0,0.0,168412.0,0.0,0.0,168412.0,0.0,168412.0,0.0,0.0,0.0,168412.0
795,2011-07-01,3.0,Ethiopia,Gambela,Agnewak,4.0,3.0,Gambela,Agnewak,164054,131941,0.0,0.0,131941.0,0.0,0.0,131941.0,0.0,0.0,0.0,131941.0,0.0,131941.0,0.0,0.0,131941.0,0.0,0.0,131941.0
796,2011-07-01,4.0,Ethiopia,Somali,Doolo,4.0,4.0,Somali,Doolo,425824,342471,0.0,0.0,0.0,342471.0,0.0,342471.0,0.0,0.0,0.0,342471.0,0.0,342471.0,0.0,0.0,0.0,342471.0,0.0,342471.0
797,2011-07-01,4.0,Ethiopia,Somali,Korahe,4.0,3.0,Somali,Korahe,511890,411690,0.0,0.0,0.0,411690.0,0.0,411690.0,0.0,0.0,0.0,411690.0,0.0,411690.0,0.0,0.0,411690.0,0.0,0.0,411690.0
798,2011-07-01,2.0,Ethiopia,Oromia,Finfine Special,2.0,2.0,Oromia,Finfine Special,1040106,836510,0.0,836510.0,0.0,0.0,0.0,836510.0,0.0,836510.0,0.0,0.0,0.0,836510.0,0.0,836510.0,0.0,0.0,0.0,836510.0
799,2011-07-01,1.0,Ethiopia,Addis Ababa,Region 14,1.0,1.0,Addis Ababa,Region 14,3585647,2883776,2883776.0,0.0,0.0,0.0,0.0,2883776.0,2883776.0,0.0,0.0,0.0,0.0,2883776.0,2883776.0,0.0,0.0,0.0,0.0,2883776.0
800,2011-07-01,1.0,Ethiopia,Amhara,West Gojam,1.0,1.0,Amhara,West Gojam,2894095,2327591,2327591.0,0.0,0.0,0.0,0.0,2327591.0,2327591.0,0.0,0.0,0.0,0.0,2327591.0,2327591.0,0.0,0.0,0.0,0.0,2327591.0
801,2011-07-01,3.0,Ethiopia,SNNP,Basketo,3.0,2.0,SNNP,Basketo,75512,60730,0.0,0.0,60730.0,0.0,0.0,60730.0,0.0,0.0,60730.0,0.0,0.0,60730.0,0.0,60730.0,0.0,0.0,0.0,60730.0
802,2011-07-01,2.0,Ethiopia,SNNP,Bench Maji,2.0,2.0,SNNP,Bench Maji,603595,485444,0.0,485444.0,0.0,0.0,0.0,485444.0,0.0,485444.0,0.0,0.0,0.0,485444.0,0.0,485444.0,0.0,0.0,0.0,485444.0
803,2011-07-01,3.0,Ethiopia,Gambela,Etang Special woreda,3.0,3.0,Gambela,Etang Special woreda,50260,40421,0.0,0.0,40421.0,0.0,0.0,40421.0,0.0,0.0,40421.0,0.0,0.0,40421.0,0.0,0.0,40421.0,0.0,0.0,40421.0
804,2011-07-01,2.0,Ethiopia,Oromia,Ilu Aba Bora,2.0,2.0,Oromia,Ilu Aba Bora,953178,766598,0.0,766598.0,0.0,0.0,0.0,766598.0,0.0,766598.0,0.0,0.0,0.0,766598.0,0.0,766598.0,0.0,0.0,0.0,766598.0
805,2011-07-01,3.0,Ethiopia,SNNP,Kefa,3.0,2.0,SNNP,Kefa,1053546,847320,0.0,0.0,847320.0,0.0,0.0,847320.0,0.0,0.0,847320.0,0.0,0.0,847320.0,0.0,847320.0,0.0,0.0,0.0,847320.0
806,2011-07-01,3.0,Ethiopia,SNNP,Konta Special,3.0,2.0,SNNP,Konta Special,119904,96433,0.0,0.0,96433.0,0.0,0.0,96433.0,0.0,0.0,96433.0,0.0,0.0,96433.0,0.0,96433.0,0.0,0.0,0.0,96433.0
807,2011-07-01,2.0,Ethiopia,Gambela,Mejenger,2.0,2.0,Gambela,Mejenger,81617,65640,0.0,65640.0,0.0,0.0,0.0,65640.0,0.0,65640.0,0.0,0.0,0.0,65640.0,0.0,65640.0,0.0,0.0,0.0,65640.0
808,2011-07-01,2.0,Ethiopia,Benishangul Gumz,Asosa,2.0,2.0,Benishangul Gumz,Asosa,402287,323541,0.0,323541.0,0.0,0.0,0.0,323541.0,0.0,323541.0,0.0,0.0,0.0,323541.0,0.0,323541.0,0.0,0.0,0.0,323541.0
809,2011-07-01,2.0,Ethiopia,Dire Dawa,Dire Dawa urban,2.0,2.0,Dire Dawa,Dire Dawa urban,319985,257349,0.0,257349.0,0.0,0.0,0.0,257349.0,0.0,257349.0,0.0,0.0,0.0,257349.0,0.0,257349.0,0.0,0.0,0.0,257349.0
810,2011-07-01,2.0,Ethiopia,Oromia,Horo Gudru Wellega,2.0,2.0,Oromia,Horo Gudru Wellega,791731,636753,0.0,636753.0,0.0,0.0,0.0,636753.0,0.0,636753.0,0.0,0.0,0.0,636753.0,0.0,636753.0,0.0,0.0,0.0,636753.0
811,2011-07-01,2.0,Ethiopia,Oromia,Kelem Wellega,2.0,2.0,Oromia,Kelem Wellega,1141498,918055,0.0,918055.0,0.0,0.0,0.0,918055.0,0.0,918055.0,0.0,0.0,0.0,918055.0,0.0,918055.0,0.0,0.0,0.0,918055.0
812,2011-07-01,2.0,Ethiopia,Benishangul Gumz,Mao Komo Special,3.0,2.0,Benishangul Gumz,Mao Komo Special,70414,56630,0.0,56630.0,0.0,0.0,0.0,56630.0,0.0,0.0,56630.0,0.0,0.0,56630.0,0.0,56630.0,0.0,0.0,0.0,56630.0
813,2011-07-01,2.0,Ethiopia,Benishangul Gumz,Metekel,2.0,2.0,Benishangul Gumz,Metekel,479162,385368,0.0,385368.0,0.0,0.0,0.0,385368.0,0.0,385368.0,0.0,0.0,0.0,385368.0,0.0,385368.0,0.0,0.0,0.0,385368.0
814,2011-07-01,2.0,Ethiopia,Oromia,North Shewa,2.0,2.0,Oromia,North Shewa,1626893,1308437,0.0,1308437.0,0.0,0.0,0.0,1308437.0,0.0,1308437.0,0.0,0.0,0.0,1308437.0,0.0,1308437.0,0.0,0.0,0.0,1308437.0
815,2011-07-01,2.0,Ethiopia,SNNP,Sheka,2.0,1.0,SNNP,Sheka,274212,220536,0.0,220536.0,0.0,0.0,0.0,220536.0,0.0,220536.0,0.0,0.0,0.0,220536.0,220536.0,0.0,0.0,0.0,0.0,220536.0
816,2011-07-01,2.0,Ethiopia,Oromia,West Shewa,2.0,2.0,Oromia,West Shewa,2773901,2230924,0.0,2230924.0,0.0,0.0,0.0,2230924.0,0.0,2230924.0,0.0,0.0,0.0,2230924.0,0.0,2230924.0,0.0,0.0,0.0,2230924.0
817,2011-07-01,1.0,Ethiopia,Amhara,Awi,1.0,1.0,Amhara,Awi,1338704,1076659,1076659.0,0.0,0.0,0.0,0.0,1076659.0,1076659.0,0.0,0.0,0.0,0.0,1076659.0,1076659.0,0.0,0.0,0.0,0.0,1076659.0
818,2011-07-01,1.0,Ethiopia,Amhara,West Gondar,1.0,1.0,Amhara,West Gondar,381393,306737,306737.0,0.0,0.0,0.0,0.0,306737.0,306737.0,0.0,0.0,0.0,0.0,306737.0,306737.0,0.0,0.0,0.0,0.0,306737.0
819,2011-10-01,4.0,Ethiopia,Somali,Afder,4.0,4.0,Somali,Afder,654828,526648,0.0,0.0,0.0,526648.0,0.0,526648.0,0.0,0.0,0.0,526648.0,0.0,526648.0,0.0,0.0,0.0,526648.0,0.0,526648.0
820,2011-10-01,3.0,Ethiopia,SNNP,Alle,3.0,4.0,SNNP,Alle,81190,65297,0.0,0.0,65297.0,0.0,0.0,65297.0,0.0,0.0,65297.0,0.0,0.0,65297.0,0.0,0.0,0.0,65297.0,0.0,65297.0
821,2011-10-01,3.0,Ethiopia,SNNP,Amaro,3.0,3.0,SNNP,Amaro,195252,157032,0.0,0.0,157032.0,0.0,0.0,157032.0,0.0,0.0,157032.0,0.0,0.0,157032.0,0.0,0.0,157032.0,0.0,0.0,157032.0
822,2011-10-01,4.0,Ethiopia,Oromia,Arsi,3.0,4.0,Oromia,Arsi,3645492,2931906,0.0,0.0,0.0,2931906.0,0.0,2931906.0,0.0,0.0,2931906.0,0.0,0.0,2931906.0,0.0,0.0,0.0,2931906.0,0.0,2931906.0
823,2011-10-01,4.0,Ethiopia,Oromia,Bale,3.0,4.0,Oromia,Bale,1887498,1518030,0.0,0.0,0.0,1518030.0,0.0,1518030.0,0.0,0.0,1518030.0,0.0,0.0,1518030.0,0.0,0.0,0.0,1518030.0,0.0,1518030.0
824,2011-10-01,4.0,Ethiopia,Oromia,Borena,3.0,4.0,Oromia,Borena,545493,438715,0.0,0.0,0.0,438715.0,0.0,438715.0,0.0,0.0,438715.0,0.0,0.0,438715.0,0.0,0.0,0.0,438715.0,0.0,438715.0
825,2011-10-01,1.0,Ethiopia,Oromia,Buno Bedele,1.0,1.0,Oromia,Buno Bedele,809088,650713,650713.0,0.0,0.0,0.0,0.0,650713.0,650713.0,0.0,0.0,0.0,0.0,650713.0,650713.0,0.0,0.0,0.0,0.0,650713.0
826,2011-10-01,3.0,Ethiopia,SNNP,Burji,3.0,4.0,SNNP,Burji,71728,57687,0.0,0.0,57687.0,0.0,0.0,57687.0,0.0,0.0,57687.0,0.0,0.0,57687.0,0.0,0.0,0.0,57687.0,0.0,57687.0
827,2011-10-01,2.0,Ethiopia,Tigray,Central,2.0,3.0,Tigray,Central,1384454,1113454,0.0,1113454.0,0.0,0.0,0.0,1113454.0,0.0,1113454.0,0.0,0.0,0.0,1113454.0,0.0,0.0,1113454.0,0.0,0.0,1113454.0
828,2011-10-01,2.0,Ethiopia,Amhara,Central Gondar,2.0,3.0,Amhara,Central Gondar,2719899,2187493,0.0,2187493.0,0.0,0.0,0.0,2187493.0,0.0,2187493.0,0.0,0.0,0.0,2187493.0,0.0,0.0,2187493.0,0.0,0.0,2187493.0
829,2011-10-01,4.0,Ethiopia,Somali,Daawa,3.0,4.0,Somali,Daawa,457130,367649,0.0,0.0,0.0,367649.0,0.0,367649.0,0.0,0.0,367649.0,0.0,0.0,367649.0,0.0,0.0,0.0,367649.0,0.0,367649.0
830,2011-10-01,2.0,Ethiopia,SNNP,Dawuro,2.0,3.0,SNNP,Dawuro,643931,517885,0.0,517885.0,0.0,0.0,0.0,517885.0,0.0,517885.0,0.0,0.0,0.0,517885.0,0.0,0.0,517885.0,0.0,0.0,517885.0
831,2011-10-01,3.0,Ethiopia,SNNP,Derashe,3.0,3.0,SNNP,Derashe,107301,86297,0.0,0.0,86297.0,0.0,0.0,86297.0,0.0,0.0,86297.0,0.0,0.0,86297.0,0.0,0.0,86297.0,0.0,0.0,86297.0
832,2011-10-01,2.0,Ethiopia,Dire Dawa,Dire Dawa rural,2.0,2.0,Dire Dawa,Dire Dawa rural,188933,151950,0.0,151950.0,0.0,0.0,0.0,151950.0,0.0,151950.0,0.0,0.0,0.0,151950.0,0.0,151950.0,0.0,0.0,0.0,151950.0
833,2011-10-01,2.0,Ethiopia,Amhara,East Gojam,2.0,2.0,Amhara,East Gojam,2672621,2149469,0.0,2149469.0,0.0,0.0,0.0,2149469.0,0.0,2149469.0,0.0,0.0,0.0,2149469.0,0.0,2149469.0,0.0,0.0,0.0,2149469.0
834,2011-10-01,4.0,Ethiopia,Oromia,East Hararge,3.0,4.0,Oromia,East Hararge,3739861,3007803,0.0,0.0,0.0,3007803.0,0.0,3007803.0,0.0,0.0,3007803.0,0.0,0.0,3007803.0,0.0,0.0,0.0,3007803.0,0.0,3007803.0
835,2011-10-01,2.0,Ethiopia,Oromia,East Shewa,2.0,2.0,Oromia,East Shewa,2234419,1797043,0.0,1797043.0,0.0,0.0,0.0,1797043.0,0.0,1797043.0,0.0,0.0,0.0,1797043.0,0.0,1797043.0,0.0,0.0,0.0,1797043.0
836,2011-10-01,1.0,Ethiopia,Oromia,East Wellega,1.0,1.0,Oromia,East Wellega,1693681,1362152,1362152.0,0.0,0.0,0.0,0.0,1362152.0,1362152.0,0.0,0.0,0.0,0.0,1362152.0,1362152.0,0.0,0.0,0.0,0.0,1362152.0
837,2011-10-01,3.0,Ethiopia,Tigray,Eastern,3.0,3.0,Tigray,Eastern,940053,756042,0.0,0.0,756042.0,0.0,0.0,756042.0,0.0,0.0,756042.0,0.0,0.0,756042.0,0.0,0.0,756042.0,0.0,0.0,756042.0
838,2011-10-01,4.0,Ethiopia,Somali,Erer,3.0,4.0,Somali,Erer,268901,216265,0.0,0.0,0.0,216265.0,0.0,216265.0,0.0,0.0,216265.0,0.0,0.0,216265.0,0.0,0.0,0.0,216265.0,0.0,216265.0
839,2011-10-01,4.0,Ethiopia,Somali,Fafan,3.0,4.0,Somali,Fafan,1242707,999453,0.0,0.0,0.0,999453.0,0.0,999453.0,0.0,0.0,999453.0,0.0,0.0,999453.0,0.0,0.0,0.0,999453.0,0.0,999453.0
840,2011-10-01,3.0,Ethiopia,SNNP,Gamo,3.0,4.0,SNNP,Gamo,1462777,1176446,0.0,0.0,1176446.0,0.0,0.0,1176446.0,0.0,0.0,1176446.0,0.0,0.0,1176446.0,0.0,0.0,0.0,1176446.0,0.0,1176446.0
841,2011-10-01,3.0,Ethiopia,SNNP,Gedeo,3.0,3.0,SNNP,Gedeo,1131834,910283,0.0,0.0,910283.0,0.0,0.0,910283.0,0.0,0.0,910283.0,0.0,0.0,910283.0,0.0,0.0,910283.0,0.0,0.0,910283.0
842,2011-10-01,3.0,Ethiopia,SNNP,Gofa,2.0,4.0,SNNP,Gofa,623589,501524,0.0,0.0,501524.0,0.0,0.0,501524.0,0.0,501524.0,0.0,0.0,0.0,501524.0,0.0,0.0,0.0,501524.0,0.0,501524.0
843,2011-10-01,4.0,Ethiopia,Oromia,Guji,3.0,4.0,Oromia,Guji,1482472,1192286,0.0,0.0,0.0,1192286.0,0.0,1192286.0,0.0,0.0,1192286.0,0.0,0.0,1192286.0,0.0,0.0,0.0,1192286.0,0.0,1192286.0
844,2011-10-01,2.0,Ethiopia,SNNP,Guraghe,2.0,3.0,SNNP,Guraghe,1882107,1513694,0.0,1513694.0,0.0,0.0,0.0,1513694.0,0.0,1513694.0,0.0,0.0,0.0,1513694.0,0.0,0.0,1513694.0,0.0,0.0,1513694.0
845,2011-10-01,2.0,Ethiopia,SNNP,Hadiya,2.0,3.0,SNNP,Hadiya,1700138,1367345,0.0,1367345.0,0.0,0.0,0.0,1367345.0,0.0,1367345.0,0.0,0.0,0.0,1367345.0,0.0,0.0,1367345.0,0.0,0.0,1367345.0
846,2011-10-01,2.0,Ethiopia,SNNP,Halaba Special,2.0,3.0,SNNP,Halaba Special,658130,529304,0.0,529304.0,0.0,0.0,0.0,529304.0,0.0,529304.0,0.0,0.0,0.0,529304.0,0.0,0.0,529304.0,0.0,0.0,529304.0
847,2011-10-01,2.0,Ethiopia,Harari,Harari,2.0,2.0,Harari,Harari,260022,209124,0.0,209124.0,0.0,0.0,0.0,209124.0,0.0,209124.0,0.0,0.0,0.0,209124.0,0.0,209124.0,0.0,0.0,0.0,209124.0
848,2011-10-01,4.0,Ethiopia,Somali,Jarar,3.0,4.0,Somali,Jarar,641077,515589,0.0,0.0,0.0,515589.0,0.0,515589.0,0.0,0.0,515589.0,0.0,0.0,515589.0,0.0,0.0,0.0,515589.0,0.0,515589.0
849,2011-10-01,2.0,Ethiopia,Oromia,Jimma,2.0,3.0,Oromia,Jimma,3672640,2953740,0.0,2953740.0,0.0,0.0,0.0,2953740.0,0.0,2953740.0,0.0,0.0,0.0,2953740.0,0.0,0.0,2953740.0,0.0,0.0,2953740.0
850,2011-10-01,3.0,Ethiopia,Benishangul Gumz,Kemashi,3.0,4.0,Benishangul Gumz,Kemashi,150986,121431,0.0,0.0,121431.0,0.0,0.0,121431.0,0.0,0.0,121431.0,0.0,0.0,121431.0,0.0,0.0,0.0,121431.0,0.0,121431.0
851,2011-10-01,2.0,Ethiopia,SNNP,Kembata Tibaro,2.0,3.0,SNNP,Kembata Tibaro,911347,732955,0.0,732955.0,0.0,0.0,0.0,732955.0,0.0,732955.0,0.0,0.0,0.0,732955.0,0.0,0.0,732955.0,0.0,0.0,732955.0
852,2011-10-01,3.0,Ethiopia,SNNP,Konso,3.0,4.0,SNNP,Konso,284360,228698,0.0,0.0,228698.0,0.0,0.0,228698.0,0.0,0.0,228698.0,0.0,0.0,228698.0,0.0,0.0,0.0,228698.0,0.0,228698.0
853,2011-10-01,4.0,Ethiopia,Somali,Liban,4.0,4.0,Somali,Liban,505190,406301,0.0,0.0,0.0,406301.0,0.0,406301.0,0.0,0.0,0.0,406301.0,0.0,406301.0,0.0,0.0,0.0,406301.0,0.0,406301.0
854,2011-10-01,2.0,Ethiopia,Tigray,Mekele Special,2.0,2.0,Tigray,Mekele Special,418327,336441,0.0,336441.0,0.0,0.0,0.0,336441.0,0.0,336441.0,0.0,0.0,0.0,336441.0,0.0,336441.0,0.0,0.0,0.0,336441.0
855,2011-10-01,4.0,Ethiopia,SNNP,Mirab Omo,3.0,4.0,SNNP,Mirab Omo,262515,211129,0.0,0.0,0.0,211129.0,0.0,211129.0,0.0,0.0,211129.0,0.0,0.0,211129.0,0.0,0.0,0.0,211129.0,0.0,211129.0
856,2011-10-01,4.0,Ethiopia,Somali,Nogob,3.0,4.0,Somali,Nogob,217220,174700,0.0,0.0,0.0,174700.0,0.0,174700.0,0.0,0.0,174700.0,0.0,0.0,174700.0,0.0,0.0,0.0,174700.0,0.0,174700.0
857,2011-10-01,2.0,Ethiopia,Amhara,North Gondar,2.0,3.0,Amhara,North Gondar,889977,715768,0.0,715768.0,0.0,0.0,0.0,715768.0,0.0,715768.0,0.0,0.0,0.0,715768.0,0.0,0.0,715768.0,0.0,0.0,715768.0
858,2011-10-01,2.0,Ethiopia,Amhara,North Shewa,2.0,3.0,Amhara,North Shewa,2293091,1844230,0.0,1844230.0,0.0,0.0,0.0,1844230.0,0.0,1844230.0,0.0,0.0,0.0,1844230.0,0.0,0.0,1844230.0,0.0,0.0,1844230.0
859,2011-10-01,3.0,Ethiopia,Amhara,North Wello,3.0,3.0,Amhara,North Wello,1740337,1399675,0.0,0.0,1399675.0,0.0,0.0,1399675.0,0.0,0.0,1399675.0,0.0,0.0,1399675.0,0.0,0.0,1399675.0,0.0,0.0,1399675.0
860,2011-10-01,2.0,Ethiopia,Tigray,North Western,2.0,3.0,Tigray,North Western,893262,718410,0.0,718410.0,0.0,0.0,0.0,718410.0,0.0,718410.0,0.0,0.0,0.0,718410.0,0.0,0.0,718410.0,0.0,0.0,718410.0
861,2011-10-01,3.0,Ethiopia,Gambela,Nuwer,3.0,3.0,Gambela,Nuwer,166901,134231,0.0,0.0,134231.0,0.0,0.0,134231.0,0.0,0.0,134231.0,0.0,0.0,134231.0,0.0,0.0,134231.0,0.0,0.0,134231.0
862,2011-10-01,2.0,Ethiopia,Amhara,Oromia,2.0,3.0,Amhara,Oromia,569808,458271,0.0,458271.0,0.0,0.0,0.0,458271.0,0.0,458271.0,0.0,0.0,0.0,458271.0,0.0,0.0,458271.0,0.0,0.0,458271.0
863,2011-10-01,4.0,Ethiopia,Somali,Shabelle,4.0,4.0,Somali,Shabelle,647430,520699,0.0,0.0,0.0,520699.0,0.0,520699.0,0.0,0.0,0.0,520699.0,0.0,520699.0,0.0,0.0,0.0,520699.0,0.0,520699.0
864,2011-10-01,2.0,Ethiopia,SNNP,Sidama,2.0,3.0,SNNP,Sidama,4212331,3387790,0.0,3387790.0,0.0,0.0,0.0,3387790.0,0.0,3387790.0,0.0,0.0,0.0,3387790.0,0.0,0.0,3387790.0,0.0,0.0,3387790.0
865,2011-10-01,2.0,Ethiopia,SNNP,Siltie,2.0,3.0,SNNP,Siltie,1051444,845629,0.0,845629.0,0.0,0.0,0.0,845629.0,0.0,845629.0,0.0,0.0,0.0,845629.0,0.0,0.0,845629.0,0.0,0.0,845629.0
866,2011-10-01,3.0,Ethiopia,Somali,Siti,3.0,3.0,Somali,Siti,644214,518112,0.0,0.0,518112.0,0.0,0.0,518112.0,0.0,0.0,518112.0,0.0,0.0,518112.0,0.0,0.0,518112.0,0.0,0.0,518112.0
867,2011-10-01,3.0,Ethiopia,Tigray,South Eastern,3.0,3.0,Tigray,South Eastern,528199,424806,0.0,0.0,424806.0,0.0,0.0,424806.0,0.0,0.0,424806.0,0.0,0.0,424806.0,0.0,0.0,424806.0,0.0,0.0,424806.0
868,2011-10-01,3.0,Ethiopia,Amhara,South Gondar,3.0,3.0,Amhara,South Gondar,2526963,2032323,0.0,0.0,2032323.0,0.0,0.0,2032323.0,0.0,0.0,2032323.0,0.0,0.0,2032323.0,0.0,0.0,2032323.0,0.0,0.0,2032323.0
869,2011-10-01,4.0,Ethiopia,SNNP,South Omo,3.0,4.0,SNNP,South Omo,754134,606516,0.0,0.0,0.0,606516.0,0.0,606516.0,0.0,0.0,606516.0,0.0,0.0,606516.0,0.0,0.0,0.0,606516.0,0.0,606516.0
870,2011-10-01,3.0,Ethiopia,Amhara,South Wello,3.0,3.0,Amhara,South Wello,3246827,2611278,0.0,0.0,2611278.0,0.0,0.0,2611278.0,0.0,0.0,2611278.0,0.0,0.0,2611278.0,0.0,0.0,2611278.0,0.0,0.0,2611278.0
871,2011-10-01,2.0,Ethiopia,Oromia,South West Shewa,2.0,2.0,Oromia,South West Shewa,1264234,1016767,0.0,1016767.0,0.0,0.0,0.0,1016767.0,0.0,1016767.0,0.0,0.0,0.0,1016767.0,0.0,1016767.0,0.0,0.0,0.0,1016767.0
872,2011-10-01,3.0,Ethiopia,Tigray,Southern,3.0,3.0,Tigray,Southern,752344,605076,0.0,0.0,605076.0,0.0,0.0,605076.0,0.0,0.0,605076.0,0.0,0.0,605076.0,0.0,0.0,605076.0,0.0,0.0,605076.0
873,2011-10-01,3.0,Ethiopia,Amhara,Wag Hamra,3.0,3.0,Amhara,Wag Hamra,516457,415363,0.0,0.0,415363.0,0.0,0.0,415363.0,0.0,0.0,415363.0,0.0,0.0,415363.0,0.0,0.0,415363.0,0.0,0.0,415363.0
874,2011-10-01,3.0,Ethiopia,Oromia,West Arsi,3.0,3.0,Oromia,West Arsi,2868933,2307354,0.0,0.0,2307354.0,0.0,0.0,2307354.0,0.0,0.0,2307354.0,0.0,0.0,2307354.0,0.0,0.0,2307354.0,0.0,0.0,2307354.0
875,2011-10-01,4.0,Ethiopia,Oromia,West Guji,3.0,4.0,Oromia,West Guji,1223292,983839,0.0,0.0,0.0,983839.0,0.0,983839.0,0.0,0.0,983839.0,0.0,0.0,983839.0,0.0,0.0,0.0,983839.0,0.0,983839.0
876,2011-10-01,4.0,Ethiopia,Oromia,West Hararge,3.0,4.0,Oromia,West Hararge,2568661,2065859,0.0,0.0,0.0,2065859.0,0.0,2065859.0,0.0,0.0,2065859.0,0.0,0.0,2065859.0,0.0,0.0,0.0,2065859.0,0.0,2065859.0
877,2011-10-01,1.0,Ethiopia,Oromia,West Wellega,1.0,1.0,Oromia,West Wellega,1880222,1512178,1512178.0,0.0,0.0,0.0,0.0,1512178.0,1512178.0,0.0,0.0,0.0,0.0,1512178.0,1512178.0,0.0,0.0,0.0,0.0,1512178.0
878,2011-10-01,2.0,Ethiopia,Tigray,Western,2.0,2.0,Tigray,Western,440553,354317,0.0,354317.0,0.0,0.0,0.0,354317.0,0.0,354317.0,0.0,0.0,0.0,354317.0,0.0,354317.0,0.0,0.0,0.0,354317.0
879,2011-10-01,2.0,Ethiopia,SNNP,Wolayita,2.0,3.0,SNNP,Wolayita,1999292,1607941,0.0,1607941.0,0.0,0.0,0.0,1607941.0,0.0,1607941.0,0.0,0.0,0.0,1607941.0,0.0,0.0,1607941.0,0.0,0.0,1607941.0
880,2011-10-01,2.0,Ethiopia,SNNP,Yem Special,2.0,3.0,SNNP,Yem Special,102526,82457,0.0,82457.0,0.0,0.0,0.0,82457.0,0.0,82457.0,0.0,0.0,0.0,82457.0,0.0,0.0,82457.0,0.0,0.0,82457.0
881,2011-10-01,3.0,Ethiopia,Afar,Zone 1 (Awsi Rasu),3.0,3.0,Afar,Zone 1 (Awsi Rasu),643036,517165,0.0,0.0,517165.0,0.0,0.0,517165.0,0.0,0.0,517165.0,0.0,0.0,517165.0,0.0,0.0,517165.0,0.0,0.0,517165.0
882,2011-10-01,3.0,Ethiopia,Afar,Zone 2 (Kilbet Rasu),3.0,3.0,Afar,Zone 2 (Kilbet Rasu),493764,397112,0.0,0.0,397112.0,0.0,0.0,397112.0,0.0,0.0,397112.0,0.0,0.0,397112.0,0.0,0.0,397112.0,0.0,0.0,397112.0
883,2011-10-01,2.0,Ethiopia,Afar,Zone 3 (Gabi Rasu),2.0,2.0,Afar,Zone 3 (Gabi Rasu),281357,226282,0.0,226282.0,0.0,0.0,0.0,226282.0,0.0,226282.0,0.0,0.0,0.0,226282.0,0.0,226282.0,0.0,0.0,0.0,226282.0
884,2011-10-01,3.0,Ethiopia,Afar,Zone 4 (Fantana Rasu),3.0,3.0,Afar,Zone 4 (Fantana Rasu),276855,222662,0.0,0.0,222662.0,0.0,0.0,222662.0,0.0,0.0,222662.0,0.0,0.0,222662.0,0.0,0.0,222662.0,0.0,0.0,222662.0
885,2011-10-01,2.0,Ethiopia,Afar,Zone 5 (Hari Rasu),2.0,3.0,Afar,Zone 5 (Hari Rasu),209402,168412,0.0,168412.0,0.0,0.0,0.0,168412.0,0.0,168412.0,0.0,0.0,0.0,168412.0,0.0,0.0,168412.0,0.0,0.0,168412.0
886,2011-10-01,3.0,Ethiopia,Gambela,Agnewak,3.0,3.0,Gambela,Agnewak,164054,131941,0.0,0.0,131941.0,0.0,0.0,131941.0,0.0,0.0,131941.0,0.0,0.0,131941.0,0.0,0.0,131941.0,0.0,0.0,131941.0
887,2011-10-01,4.0,Ethiopia,Somali,Doolo,3.0,4.0,Somali,Doolo,425824,342471,0.0,0.0,0.0,342471.0,0.0,342471.0,0.0,0.0,342471.0,0.0,0.0,342471.0,0.0,0.0,0.0,342471.0,0.0,342471.0
888,2011-10-01,4.0,Ethiopia,Somali,Korahe,3.0,4.0,Somali,Korahe,511890,411690,0.0,0.0,0.0,411690.0,0.0,411690.0,0.0,0.0,411690.0,0.0,0.0,411690.0,0.0,0.0,0.0,411690.0,0.0,411690.0
889,2011-10-01,2.0,Ethiopia,Oromia,Finfine Special,2.0,2.0,Oromia,Finfine Special,1040106,836510,0.0,836510.0,0.0,0.0,0.0,836510.0,0.0,836510.0,0.0,0.0,0.0,836510.0,0.0,836510.0,0.0,0.0,0.0,836510.0
890,2011-10-01,1.0,Ethiopia,Addis Ababa,Region 14,1.0,1.0,Addis Ababa,Region 14,3585647,2883776,2883776.0,0.0,0.0,0.0,0.0,2883776.0,2883776.0,0.0,0.0,0.0,0.0,2883776.0,2883776.0,0.0,0.0,0.0,0.0,2883776.0
891,2011-10-01,1.0,Ethiopia,Amhara,West Gojam,1.0,1.0,Amhara,West Gojam,2894095,2327591,2327591.0,0.0,0.0,0.0,0.0,2327591.0,2327591.0,0.0,0.0,0.0,0.0,2327591.0,2327591.0,0.0,0.0,0.0,0.0,2327591.0
892,2011-10-01,3.0,Ethiopia,SNNP,Basketo,2.0,3.0,SNNP,Basketo,75512,60730,0.0,0.0,60730.0,0.0,0.0,60730.0,0.0,60730.0,0.0,0.0,0.0,60730.0,0.0,0.0,60730.0,0.0,0.0,60730.0
893,2011-10-01,1.0,Ethiopia,SNNP,Bench Maji,1.0,1.0,SNNP,Bench Maji,603595,485444,485444.0,0.0,0.0,0.0,0.0,485444.0,485444.0,0.0,0.0,0.0,0.0,485444.0,485444.0,0.0,0.0,0.0,0.0,485444.0
894,2011-10-01,2.0,Ethiopia,Gambela,Etang Special woreda,2.0,3.0,Gambela,Etang Special woreda,50260,40421,0.0,40421.0,0.0,0.0,0.0,40421.0,0.0,40421.0,0.0,0.0,0.0,40421.0,0.0,0.0,40421.0,0.0,0.0,40421.0
895,2011-10-01,1.0,Ethiopia,Oromia,Ilu Aba Bora,1.0,1.0,Oromia,Ilu Aba Bora,953178,766598,766598.0,0.0,0.0,0.0,0.0,766598.0,766598.0,0.0,0.0,0.0,0.0,766598.0,766598.0,0.0,0.0,0.0,0.0,766598.0
896,2011-10-01,3.0,Ethiopia,SNNP,Kefa,2.0,2.0,SNNP,Kefa,1053546,847320,0.0,0.0,847320.0,0.0,0.0,847320.0,0.0,847320.0,0.0,0.0,0.0,847320.0,0.0,847320.0,0.0,0.0,0.0,847320.0
897,2011-10-01,3.0,Ethiopia,SNNP,Konta Special,2.0,3.0,SNNP,Konta Special,119904,96433,0.0,0.0,96433.0,0.0,0.0,96433.0,0.0,96433.0,0.0,0.0,0.0,96433.0,0.0,0.0,96433.0,0.0,0.0,96433.0
898,2011-10-01,1.0,Ethiopia,Gambela,Mejenger,1.0,1.0,Gambela,Mejenger,81617,65640,65640.0,0.0,0.0,0.0,0.0,65640.0,65640.0,0.0,0.0,0.0,0.0,65640.0,65640.0,0.0,0.0,0.0,0.0,65640.0
899,2011-10-01,3.0,Ethiopia,Benishangul Gumz,Asosa,3.0,4.0,Benishangul Gumz,Asosa,402287,323541,0.0,0.0,323541.0,0.0,0.0,323541.0,0.0,0.0,323541.0,0.0,0.0,323541.0,0.0,0.0,0.0,323541.0,0.0,323541.0
900,2011-10-01,,Ethiopia,Dire Dawa,Dire Dawa urban,,,Dire Dawa,Dire Dawa urban,319985,257349,0.0,0.0,0.0,0.0,0.0,0.0,0.0,0.0,0.0,0.0,0.0,0.0,0.0,0.0,0.0,0.0,0.0,0.0
901,2011-10-01,1.0,Ethiopia,Oromia,Horo Gudru Wellega,1.0,1.0,Oromia,Horo Gudru Wellega,791731,636753,636753.0,0.0,0.0,0.0,0.0,636753.0,636753.0,0.0,0.0,0.0,0.0,636753.0,636753.0,0.0,0.0,0.0,0.0,636753.0
902,2011-10-01,1.0,Ethiopia,Oromia,Kelem Wellega,1.0,1.0,Oromia,Kelem Wellega,1141498,918055,918055.0,0.0,0.0,0.0,0.0,918055.0,918055.0,0.0,0.0,0.0,0.0,918055.0,918055.0,0.0,0.0,0.0,0.0,918055.0
903,2011-10-01,3.0,Ethiopia,Benishangul Gumz,Mao Komo Special,3.0,4.0,Benishangul Gumz,Mao Komo Special,70414,56630,0.0,0.0,56630.0,0.0,0.0,56630.0,0.0,0.0,56630.0,0.0,0.0,56630.0,0.0,0.0,0.0,56630.0,0.0,56630.0
904,2011-10-01,3.0,Ethiopia,Benishangul Gumz,Metekel,3.0,3.0,Benishangul Gumz,Metekel,479162,385368,0.0,0.0,385368.0,0.0,0.0,385368.0,0.0,0.0,385368.0,0.0,0.0,385368.0,0.0,0.0,385368.0,0.0,0.0,385368.0
905,2011-10-01,2.0,Ethiopia,Oromia,North Shewa,2.0,2.0,Oromia,North Shewa,1626893,1308437,0.0,1308437.0,0.0,0.0,0.0,1308437.0,0.0,1308437.0,0.0,0.0,0.0,1308437.0,0.0,1308437.0,0.0,0.0,0.0,1308437.0
906,2011-10-01,1.0,Ethiopia,SNNP,Sheka,1.0,1.0,SNNP,Sheka,274212,220536,220536.0,0.0,0.0,0.0,0.0,220536.0,220536.0,0.0,0.0,0.0,0.0,220536.0,220536.0,0.0,0.0,0.0,0.0,220536.0
907,2011-10-01,2.0,Ethiopia,Oromia,West Shewa,2.0,2.0,Oromia,West Shewa,2773901,2230924,0.0,2230924.0,0.0,0.0,0.0,2230924.0,0.0,2230924.0,0.0,0.0,0.0,2230924.0,0.0,2230924.0,0.0,0.0,0.0,2230924.0
908,2011-10-01,2.0,Ethiopia,Amhara,Awi,2.0,3.0,Amhara,Awi,1338704,1076659,0.0,1076659.0,0.0,0.0,0.0,1076659.0,0.0,1076659.0,0.0,0.0,0.0,1076659.0,0.0,0.0,1076659.0,0.0,0.0,1076659.0
909,2011-10-01,2.0,Ethiopia,Amhara,West Gondar,2.0,3.0,Amhara,West Gondar,381393,306737,0.0,306737.0,0.0,0.0,0.0,306737.0,0.0,306737.0,0.0,0.0,0.0,306737.0,0.0,0.0,306737.0,0.0,0.0,306737.0
910,2012-01-01,4.0,Ethiopia,Somali,Afder,4.0,4.0,Somali,Afder,654828,541763,0.0,0.0,0.0,541763.0,0.0,541763.0,0.0,0.0,0.0,541763.0,0.0,541763.0,0.0,0.0,0.0,541763.0,0.0,541763.0
911,2012-01-01,3.0,Ethiopia,SNNP,Alle,3.0,3.0,SNNP,Alle,81190,67171,0.0,0.0,67171.0,0.0,0.0,67171.0,0.0,0.0,67171.0,0.0,0.0,67171.0,0.0,0.0,67171.0,0.0,0.0,67171.0
912,2012-01-01,3.0,Ethiopia,SNNP,Amaro,3.0,3.0,SNNP,Amaro,195252,161539,0.0,0.0,161539.0,0.0,0.0,161539.0,0.0,0.0,161539.0,0.0,0.0,161539.0,0.0,0.0,161539.0,0.0,0.0,161539.0
913,2012-01-01,3.0,Ethiopia,Oromia,Arsi,3.0,4.0,Oromia,Arsi,3645492,3016053,0.0,0.0,3016053.0,0.0,0.0,3016053.0,0.0,0.0,3016053.0,0.0,0.0,3016053.0,0.0,0.0,0.0,3016053.0,0.0,3016053.0
914,2012-01-01,4.0,Ethiopia,Oromia,Bale,4.0,4.0,Oromia,Bale,1887498,1561598,0.0,0.0,0.0,1561598.0,0.0,1561598.0,0.0,0.0,0.0,1561598.0,0.0,1561598.0,0.0,0.0,0.0,1561598.0,0.0,1561598.0
915,2012-01-01,4.0,Ethiopia,Oromia,Borena,4.0,4.0,Oromia,Borena,545493,451306,0.0,0.0,0.0,451306.0,0.0,451306.0,0.0,0.0,0.0,451306.0,0.0,451306.0,0.0,0.0,0.0,451306.0,0.0,451306.0
916,2012-01-01,1.0,Ethiopia,Oromia,Buno Bedele,1.0,1.0,Oromia,Buno Bedele,809088,669389,669389.0,0.0,0.0,0.0,0.0,669389.0,669389.0,0.0,0.0,0.0,0.0,669389.0,669389.0,0.0,0.0,0.0,0.0,669389.0
917,2012-01-01,3.0,Ethiopia,SNNP,Burji,3.0,4.0,SNNP,Burji,71728,59343,0.0,0.0,59343.0,0.0,0.0,59343.0,0.0,0.0,59343.0,0.0,0.0,59343.0,0.0,0.0,0.0,59343.0,0.0,59343.0
918,2012-01-01,3.0,Ethiopia,Tigray,Central,3.0,3.0,Tigray,Central,1384454,1145411,0.0,0.0,1145411.0,0.0,0.0,1145411.0,0.0,0.0,1145411.0,0.0,0.0,1145411.0,0.0,0.0,1145411.0,0.0,0.0,1145411.0
919,2012-01-01,3.0,Ethiopia,Amhara,Central Gondar,3.0,3.0,Amhara,Central Gondar,2719899,2250275,0.0,0.0,2250275.0,0.0,0.0,2250275.0,0.0,0.0,2250275.0,0.0,0.0,2250275.0,0.0,0.0,2250275.0,0.0,0.0,2250275.0
920,2012-01-01,3.0,Ethiopia,Somali,Daawa,3.0,4.0,Somali,Daawa,457130,378200,0.0,0.0,378200.0,0.0,0.0,378200.0,0.0,0.0,378200.0,0.0,0.0,378200.0,0.0,0.0,0.0,378200.0,0.0,378200.0
921,2012-01-01,2.0,Ethiopia,SNNP,Dawuro,2.0,3.0,SNNP,Dawuro,643931,532748,0.0,532748.0,0.0,0.0,0.0,532748.0,0.0,532748.0,0.0,0.0,0.0,532748.0,0.0,0.0,532748.0,0.0,0.0,532748.0
922,2012-01-01,3.0,Ethiopia,SNNP,Derashe,3.0,3.0,SNNP,Derashe,107301,88774,0.0,0.0,88774.0,0.0,0.0,88774.0,0.0,0.0,88774.0,0.0,0.0,88774.0,0.0,0.0,88774.0,0.0,0.0,88774.0
923,2012-01-01,3.0,Ethiopia,Dire Dawa,Dire Dawa rural,3.0,3.0,Dire Dawa,Dire Dawa rural,188933,156311,0.0,0.0,156311.0,0.0,0.0,156311.0,0.0,0.0,156311.0,0.0,0.0,156311.0,0.0,0.0,156311.0,0.0,0.0,156311.0
924,2012-01-01,2.0,Ethiopia,Amhara,East Gojam,2.0,2.0,Amhara,East Gojam,2672621,2211160,0.0,2211160.0,0.0,0.0,0.0,2211160.0,0.0,2211160.0,0.0,0.0,0.0,2211160.0,0.0,2211160.0,0.0,0.0,0.0,2211160.0
925,2012-01-01,3.0,Ethiopia,Oromia,East Hararge,3.0,4.0,Oromia,East Hararge,3739861,3094128,0.0,0.0,3094128.0,0.0,0.0,3094128.0,0.0,0.0,3094128.0,0.0,0.0,3094128.0,0.0,0.0,0.0,3094128.0,0.0,3094128.0
926,2012-01-01,2.0,Ethiopia,Oromia,East Shewa,2.0,3.0,Oromia,East Shewa,2234419,1848619,0.0,1848619.0,0.0,0.0,0.0,1848619.0,0.0,1848619.0,0.0,0.0,0.0,1848619.0,0.0,0.0,1848619.0,0.0,0.0,1848619.0
927,2012-01-01,1.0,Ethiopia,Oromia,East Wellega,1.0,1.0,Oromia,East Wellega,1693681,1401246,1401246.0,0.0,0.0,0.0,0.0,1401246.0,1401246.0,0.0,0.0,0.0,0.0,1401246.0,1401246.0,0.0,0.0,0.0,0.0,1401246.0
928,2012-01-01,3.0,Ethiopia,Tigray,Eastern,3.0,3.0,Tigray,Eastern,940053,777741,0.0,0.0,777741.0,0.0,0.0,777741.0,0.0,0.0,777741.0,0.0,0.0,777741.0,0.0,0.0,777741.0,0.0,0.0,777741.0
929,2012-01-01,3.0,Ethiopia,Somali,Erer,3.0,4.0,Somali,Erer,268901,222471,0.0,0.0,222471.0,0.0,0.0,222471.0,0.0,0.0,222471.0,0.0,0.0,222471.0,0.0,0.0,0.0,222471.0,0.0,222471.0
930,2012-01-01,3.0,Ethiopia,Somali,Fafan,3.0,4.0,Somali,Fafan,1242707,1028138,0.0,0.0,1028138.0,0.0,0.0,1028138.0,0.0,0.0,1028138.0,0.0,0.0,1028138.0,0.0,0.0,0.0,1028138.0,0.0,1028138.0
931,2012-01-01,3.0,Ethiopia,SNNP,Gamo,3.0,3.0,SNNP,Gamo,1462777,1210210,0.0,0.0,1210210.0,0.0,0.0,1210210.0,0.0,0.0,1210210.0,0.0,0.0,1210210.0,0.0,0.0,1210210.0,0.0,0.0,1210210.0
932,2012-01-01,3.0,Ethiopia,SNNP,Gedeo,3.0,3.0,SNNP,Gedeo,1131834,936409,0.0,0.0,936409.0,0.0,0.0,936409.0,0.0,0.0,936409.0,0.0,0.0,936409.0,0.0,0.0,936409.0,0.0,0.0,936409.0
933,2012-01-01,3.0,Ethiopia,SNNP,Gofa,3.0,3.0,SNNP,Gofa,623589,515918,0.0,0.0,515918.0,0.0,0.0,515918.0,0.0,0.0,515918.0,0.0,0.0,515918.0,0.0,0.0,515918.0,0.0,0.0,515918.0
934,2012-01-01,4.0,Ethiopia,Oromia,Guji,4.0,4.0,Oromia,Guji,1482472,1226505,0.0,0.0,0.0,1226505.0,0.0,1226505.0,0.0,0.0,0.0,1226505.0,0.0,1226505.0,0.0,0.0,0.0,1226505.0,0.0,1226505.0
935,2012-01-01,2.0,Ethiopia,SNNP,Guraghe,2.0,3.0,SNNP,Guraghe,1882107,1557138,0.0,1557138.0,0.0,0.0,0.0,1557138.0,0.0,1557138.0,0.0,0.0,0.0,1557138.0,0.0,0.0,1557138.0,0.0,0.0,1557138.0
936,2012-01-01,2.0,Ethiopia,SNNP,Hadiya,2.0,3.0,SNNP,Hadiya,1700138,1406588,0.0,1406588.0,0.0,0.0,0.0,1406588.0,0.0,1406588.0,0.0,0.0,0.0,1406588.0,0.0,0.0,1406588.0,0.0,0.0,1406588.0
937,2012-01-01,2.0,Ethiopia,SNNP,Halaba Special,2.0,3.0,SNNP,Halaba Special,658130,544495,0.0,544495.0,0.0,0.0,0.0,544495.0,0.0,544495.0,0.0,0.0,0.0,544495.0,0.0,0.0,544495.0,0.0,0.0,544495.0
938,2012-01-01,2.0,Ethiopia,Harari,Harari,2.0,3.0,Harari,Harari,260022,215126,0.0,215126.0,0.0,0.0,0.0,215126.0,0.0,215126.0,0.0,0.0,0.0,215126.0,0.0,0.0,215126.0,0.0,0.0,215126.0
939,2012-01-01,3.0,Ethiopia,Somali,Jarar,3.0,4.0,Somali,Jarar,641077,530387,0.0,0.0,530387.0,0.0,0.0,530387.0,0.0,0.0,530387.0,0.0,0.0,530387.0,0.0,0.0,0.0,530387.0,0.0,530387.0
940,2012-01-01,2.0,Ethiopia,Oromia,Jimma,2.0,3.0,Oromia,Jimma,3672640,3038513,0.0,3038513.0,0.0,0.0,0.0,3038513.0,0.0,3038513.0,0.0,0.0,0.0,3038513.0,0.0,0.0,3038513.0,0.0,0.0,3038513.0
941,2012-01-01,3.0,Ethiopia,Benishangul Gumz,Kemashi,3.0,3.0,Benishangul Gumz,Kemashi,150986,124916,0.0,0.0,124916.0,0.0,0.0,124916.0,0.0,0.0,124916.0,0.0,0.0,124916.0,0.0,0.0,124916.0,0.0,0.0,124916.0
942,2012-01-01,2.0,Ethiopia,SNNP,Kembata Tibaro,2.0,3.0,SNNP,Kembata Tibaro,911347,753991,0.0,753991.0,0.0,0.0,0.0,753991.0,0.0,753991.0,0.0,0.0,0.0,753991.0,0.0,0.0,753991.0,0.0,0.0,753991.0
943,2012-01-01,3.0,Ethiopia,SNNP,Konso,3.0,4.0,SNNP,Konso,284360,235261,0.0,0.0,235261.0,0.0,0.0,235261.0,0.0,0.0,235261.0,0.0,0.0,235261.0,0.0,0.0,0.0,235261.0,0.0,235261.0
944,2012-01-01,4.0,Ethiopia,Somali,Liban,4.0,4.0,Somali,Liban,505190,417962,0.0,0.0,0.0,417962.0,0.0,417962.0,0.0,0.0,0.0,417962.0,0.0,417962.0,0.0,0.0,0.0,417962.0,0.0,417962.0
945,2012-01-01,2.0,Ethiopia,Tigray,Mekele Special,2.0,2.0,Tigray,Mekele Special,418327,346097,0.0,346097.0,0.0,0.0,0.0,346097.0,0.0,346097.0,0.0,0.0,0.0,346097.0,0.0,346097.0,0.0,0.0,0.0,346097.0
946,2012-01-01,3.0,Ethiopia,SNNP,Mirab Omo,3.0,3.0,SNNP,Mirab Omo,262515,217188,0.0,0.0,217188.0,0.0,0.0,217188.0,0.0,0.0,217188.0,0.0,0.0,217188.0,0.0,0.0,217188.0,0.0,0.0,217188.0
947,2012-01-01,3.0,Ethiopia,Somali,Nogob,3.0,4.0,Somali,Nogob,217220,179714,0.0,0.0,179714.0,0.0,0.0,179714.0,0.0,0.0,179714.0,0.0,0.0,179714.0,0.0,0.0,0.0,179714.0,0.0,179714.0
948,2012-01-01,3.0,Ethiopia,Amhara,North Gondar,3.0,3.0,Amhara,North Gondar,889977,736311,0.0,0.0,736311.0,0.0,0.0,736311.0,0.0,0.0,736311.0,0.0,0.0,736311.0,0.0,0.0,736311.0,0.0,0.0,736311.0
949,2012-01-01,2.0,Ethiopia,Amhara,North Shewa,2.0,3.0,Amhara,North Shewa,2293091,1897160,0.0,1897160.0,0.0,0.0,0.0,1897160.0,0.0,1897160.0,0.0,0.0,0.0,1897160.0,0.0,0.0,1897160.0,0.0,0.0,1897160.0
950,2012-01-01,3.0,Ethiopia,Amhara,North Wello,3.0,3.0,Amhara,North Wello,1740337,1439846,0.0,0.0,1439846.0,0.0,0.0,1439846.0,0.0,0.0,1439846.0,0.0,0.0,1439846.0,0.0,0.0,1439846.0,0.0,0.0,1439846.0
951,2012-01-01,2.0,Ethiopia,Tigray,North Western,2.0,3.0,Tigray,North Western,893262,739029,0.0,739029.0,0.0,0.0,0.0,739029.0,0.0,739029.0,0.0,0.0,0.0,739029.0,0.0,0.0,739029.0,0.0,0.0,739029.0
952,2012-01-01,3.0,Ethiopia,Gambela,Nuwer,3.0,3.0,Gambela,Nuwer,166901,138083,0.0,0.0,138083.0,0.0,0.0,138083.0,0.0,0.0,138083.0,0.0,0.0,138083.0,0.0,0.0,138083.0,0.0,0.0,138083.0
953,2012-01-01,3.0,Ethiopia,Amhara,Oromia,3.0,3.0,Amhara,Oromia,569808,471423,0.0,0.0,471423.0,0.0,0.0,471423.0,0.0,0.0,471423.0,0.0,0.0,471423.0,0.0,0.0,471423.0,0.0,0.0,471423.0
954,2012-01-01,4.0,Ethiopia,Somali,Shabelle,4.0,4.0,Somali,Shabelle,647430,535643,0.0,0.0,0.0,535643.0,0.0,535643.0,0.0,0.0,0.0,535643.0,0.0,535643.0,0.0,0.0,0.0,535643.0,0.0,535643.0
955,2012-01-01,2.0,Ethiopia,SNNP,Sidama,2.0,3.0,SNNP,Sidama,4212331,3485020,0.0,3485020.0,0.0,0.0,0.0,3485020.0,0.0,3485020.0,0.0,0.0,0.0,3485020.0,0.0,0.0,3485020.0,0.0,0.0,3485020.0
956,2012-01-01,2.0,Ethiopia,SNNP,Siltie,2.0,3.0,SNNP,Siltie,1051444,869899,0.0,869899.0,0.0,0.0,0.0,869899.0,0.0,869899.0,0.0,0.0,0.0,869899.0,0.0,0.0,869899.0,0.0,0.0,869899.0
957,2012-01-01,3.0,Ethiopia,Somali,Siti,3.0,3.0,Somali,Siti,644214,532982,0.0,0.0,532982.0,0.0,0.0,532982.0,0.0,0.0,532982.0,0.0,0.0,532982.0,0.0,0.0,532982.0,0.0,0.0,532982.0
958,2012-01-01,3.0,Ethiopia,Tigray,South Eastern,3.0,3.0,Tigray,South Eastern,528199,436999,0.0,0.0,436999.0,0.0,0.0,436999.0,0.0,0.0,436999.0,0.0,0.0,436999.0,0.0,0.0,436999.0,0.0,0.0,436999.0
959,2012-01-01,3.0,Ethiopia,Amhara,South Gondar,3.0,3.0,Amhara,South Gondar,2526963,2090652,0.0,0.0,2090652.0,0.0,0.0,2090652.0,0.0,0.0,2090652.0,0.0,0.0,2090652.0,0.0,0.0,2090652.0,0.0,0.0,2090652.0
960,2012-01-01,3.0,Ethiopia,SNNP,South Omo,3.0,4.0,SNNP,South Omo,754134,623923,0.0,0.0,623923.0,0.0,0.0,623923.0,0.0,0.0,623923.0,0.0,0.0,623923.0,0.0,0.0,0.0,623923.0,0.0,623923.0
961,2012-01-01,3.0,Ethiopia,Amhara,South Wello,3.0,3.0,Amhara,South Wello,3246827,2686222,0.0,0.0,2686222.0,0.0,0.0,2686222.0,0.0,0.0,2686222.0,0.0,0.0,2686222.0,0.0,0.0,2686222.0,0.0,0.0,2686222.0
962,2012-01-01,2.0,Ethiopia,Oromia,South West Shewa,2.0,2.0,Oromia,South West Shewa,1264234,1045948,0.0,1045948.0,0.0,0.0,0.0,1045948.0,0.0,1045948.0,0.0,0.0,0.0,1045948.0,0.0,1045948.0,0.0,0.0,0.0,1045948.0
963,2012-01-01,3.0,Ethiopia,Tigray,Southern,3.0,3.0,Tigray,Southern,752344,622442,0.0,0.0,622442.0,0.0,0.0,622442.0,0.0,0.0,622442.0,0.0,0.0,622442.0,0.0,0.0,622442.0,0.0,0.0,622442.0
964,2012-01-01,3.0,Ethiopia,Amhara,Wag Hamra,3.0,3.0,Amhara,Wag Hamra,516457,427284,0.0,0.0,427284.0,0.0,0.0,427284.0,0.0,0.0,427284.0,0.0,0.0,427284.0,0.0,0.0,427284.0,0.0,0.0,427284.0
965,2012-01-01,3.0,Ethiopia,Oromia,West Arsi,3.0,3.0,Oromia,West Arsi,2868933,2373576,0.0,0.0,2373576.0,0.0,0.0,2373576.0,0.0,0.0,2373576.0,0.0,0.0,2373576.0,0.0,0.0,2373576.0,0.0,0.0,2373576.0
966,2012-01-01,3.0,Ethiopia,Oromia,West Guji,3.0,4.0,Oromia,West Guji,1223292,1012075,0.0,0.0,1012075.0,0.0,0.0,1012075.0,0.0,0.0,1012075.0,0.0,0.0,1012075.0,0.0,0.0,0.0,1012075.0,0.0,1012075.0
967,2012-01-01,3.0,Ethiopia,Oromia,West Hararge,3.0,4.0,Oromia,West Hararge,2568661,2125150,0.0,0.0,2125150.0,0.0,0.0,2125150.0,0.0,0.0,2125150.0,0.0,0.0,2125150.0,0.0,0.0,0.0,2125150.0,0.0,2125150.0
968,2012-01-01,1.0,Ethiopia,Oromia,West Wellega,1.0,1.0,Oromia,West Wellega,1880222,1555578,1555578.0,0.0,0.0,0.0,0.0,1555578.0,1555578.0,0.0,0.0,0.0,0.0,1555578.0,1555578.0,0.0,0.0,0.0,0.0,1555578.0
969,2012-01-01,2.0,Ethiopia,Tigray,Western,2.0,2.0,Tigray,Western,440553,364486,0.0,364486.0,0.0,0.0,0.0,364486.0,0.0,364486.0,0.0,0.0,0.0,364486.0,0.0,364486.0,0.0,0.0,0.0,364486.0
970,2012-01-01,2.0,Ethiopia,SNNP,Wolayita,2.0,3.0,SNNP,Wolayita,1999292,1654089,0.0,1654089.0,0.0,0.0,0.0,1654089.0,0.0,1654089.0,0.0,0.0,0.0,1654089.0,0.0,0.0,1654089.0,0.0,0.0,1654089.0
971,2012-01-01,2.0,Ethiopia,SNNP,Yem Special,2.0,3.0,SNNP,Yem Special,102526,84823,0.0,84823.0,0.0,0.0,0.0,84823.0,0.0,84823.0,0.0,0.0,0.0,84823.0,0.0,0.0,84823.0,0.0,0.0,84823.0
972,2012-01-01,3.0,Ethiopia,Afar,Zone 1 (Awsi Rasu),3.0,3.0,Afar,Zone 1 (Awsi Rasu),643036,532007,0.0,0.0,532007.0,0.0,0.0,532007.0,0.0,0.0,532007.0,0.0,0.0,532007.0,0.0,0.0,532007.0,0.0,0.0,532007.0
973,2012-01-01,3.0,Ethiopia,Afar,Zone 2 (Kilbet Rasu),3.0,3.0,Afar,Zone 2 (Kilbet Rasu),493764,408509,0.0,0.0,408509.0,0.0,0.0,408509.0,0.0,0.0,408509.0,0.0,0.0,408509.0,0.0,0.0,408509.0,0.0,0.0,408509.0
974,2012-01-01,3.0,Ethiopia,Afar,Zone 3 (Gabi Rasu),3.0,3.0,Afar,Zone 3 (Gabi Rasu),281357,232777,0.0,0.0,232777.0,0.0,0.0,232777.0,0.0,0.0,232777.0,0.0,0.0,232777.0,0.0,0.0,232777.0,0.0,0.0,232777.0
975,2012-01-01,3.0,Ethiopia,Afar,Zone 4 (Fantana Rasu),3.0,3.0,Afar,Zone 4 (Fantana Rasu),276855,229052,0.0,0.0,229052.0,0.0,0.0,229052.0,0.0,0.0,229052.0,0.0,0.0,229052.0,0.0,0.0,229052.0,0.0,0.0,229052.0
976,2012-01-01,3.0,Ethiopia,Afar,Zone 5 (Hari Rasu),3.0,3.0,Afar,Zone 5 (Hari Rasu),209402,173246,0.0,0.0,173246.0,0.0,0.0,173246.0,0.0,0.0,173246.0,0.0,0.0,173246.0,0.0,0.0,173246.0,0.0,0.0,173246.0
977,2012-01-01,3.0,Ethiopia,Gambela,Agnewak,3.0,3.0,Gambela,Agnewak,164054,135728,0.0,0.0,135728.0,0.0,0.0,135728.0,0.0,0.0,135728.0,0.0,0.0,135728.0,0.0,0.0,135728.0,0.0,0.0,135728.0
978,2012-01-01,3.0,Ethiopia,Somali,Doolo,3.0,4.0,Somali,Doolo,425824,352300,0.0,0.0,352300.0,0.0,0.0,352300.0,0.0,0.0,352300.0,0.0,0.0,352300.0,0.0,0.0,0.0,352300.0,0.0,352300.0
979,2012-01-01,3.0,Ethiopia,Somali,Korahe,3.0,4.0,Somali,Korahe,511890,423505,0.0,0.0,423505.0,0.0,0.0,423505.0,0.0,0.0,423505.0,0.0,0.0,423505.0,0.0,0.0,0.0,423505.0,0.0,423505.0
980,2012-01-01,2.0,Ethiopia,Oromia,Finfine Special,2.0,2.0,Oromia,Finfine Special,1040106,860519,0.0,860519.0,0.0,0.0,0.0,860519.0,0.0,860519.0,0.0,0.0,0.0,860519.0,0.0,860519.0,0.0,0.0,0.0,860519.0
981,2012-01-01,1.0,Ethiopia,Addis Ababa,Region 14,1.0,1.0,Addis Ababa,Region 14,3585647,2966541,2966541.0,0.0,0.0,0.0,0.0,2966541.0,2966541.0,0.0,0.0,0.0,0.0,2966541.0,2966541.0,0.0,0.0,0.0,0.0,2966541.0
982,2012-01-01,1.0,Ethiopia,Amhara,West Gojam,1.0,1.0,Amhara,West Gojam,2894095,2394394,2394394.0,0.0,0.0,0.0,0.0,2394394.0,2394394.0,0.0,0.0,0.0,0.0,2394394.0,2394394.0,0.0,0.0,0.0,0.0,2394394.0
983,2012-01-01,3.0,Ethiopia,SNNP,Basketo,3.0,3.0,SNNP,Basketo,75512,62473,0.0,0.0,62473.0,0.0,0.0,62473.0,0.0,0.0,62473.0,0.0,0.0,62473.0,0.0,0.0,62473.0,0.0,0.0,62473.0
984,2012-01-01,1.0,Ethiopia,SNNP,Bench Maji,1.0,1.0,SNNP,Bench Maji,603595,499376,499376.0,0.0,0.0,0.0,0.0,499376.0,499376.0,0.0,0.0,0.0,0.0,499376.0,499376.0,0.0,0.0,0.0,0.0,499376.0
985,2012-01-01,2.0,Ethiopia,Gambela,Etang Special woreda,2.0,2.0,Gambela,Etang Special woreda,50260,41581,0.0,41581.0,0.0,0.0,0.0,41581.0,0.0,41581.0,0.0,0.0,0.0,41581.0,0.0,41581.0,0.0,0.0,0.0,41581.0
986,2012-01-01,1.0,Ethiopia,Oromia,Ilu Aba Bora,1.0,1.0,Oromia,Ilu Aba Bora,953178,788600,788600.0,0.0,0.0,0.0,0.0,788600.0,788600.0,0.0,0.0,0.0,0.0,788600.0,788600.0,0.0,0.0,0.0,0.0,788600.0
987,2012-01-01,3.0,Ethiopia,SNNP,Kefa,3.0,3.0,SNNP,Kefa,1053546,871638,0.0,0.0,871638.0,0.0,0.0,871638.0,0.0,0.0,871638.0,0.0,0.0,871638.0,0.0,0.0,871638.0,0.0,0.0,871638.0
988,2012-01-01,3.0,Ethiopia,SNNP,Konta Special,3.0,3.0,SNNP,Konta Special,119904,99201,0.0,0.0,99201.0,0.0,0.0,99201.0,0.0,0.0,99201.0,0.0,0.0,99201.0,0.0,0.0,99201.0,0.0,0.0,99201.0
989,2012-01-01,1.0,Ethiopia,Gambela,Mejenger,1.0,1.0,Gambela,Mejenger,81617,67524,67524.0,0.0,0.0,0.0,0.0,67524.0,67524.0,0.0,0.0,0.0,0.0,67524.0,67524.0,0.0,0.0,0.0,0.0,67524.0
990,2012-01-01,3.0,Ethiopia,Benishangul Gumz,Asosa,3.0,3.0,Benishangul Gumz,Asosa,402287,332827,0.0,0.0,332827.0,0.0,0.0,332827.0,0.0,0.0,332827.0,0.0,0.0,332827.0,0.0,0.0,332827.0,0.0,0.0,332827.0
991,2012-01-01,,Ethiopia,Dire Dawa,Dire Dawa urban,,,Dire Dawa,Dire Dawa urban,319985,264735,0.0,0.0,0.0,0.0,0.0,0.0,0.0,0.0,0.0,0.0,0.0,0.0,0.0,0.0,0.0,0.0,0.0,0.0
992,2012-01-01,1.0,Ethiopia,Oromia,Horo Gudru Wellega,1.0,1.0,Oromia,Horo Gudru Wellega,791731,655028,655028.0,0.0,0.0,0.0,0.0,655028.0,655028.0,0.0,0.0,0.0,0.0,655028.0,655028.0,0.0,0.0,0.0,0.0,655028.0
993,2012-01-01,1.0,Ethiopia,Oromia,Kelem Wellega,1.0,2.0,Oromia,Kelem Wellega,1141498,944404,944404.0,0.0,0.0,0.0,0.0,944404.0,944404.0,0.0,0.0,0.0,0.0,944404.0,0.0,944404.0,0.0,0.0,0.0,944404.0
994,2012-01-01,3.0,Ethiopia,Benishangul Gumz,Mao Komo Special,3.0,3.0,Benishangul Gumz,Mao Komo Special,70414,58256,0.0,0.0,58256.0,0.0,0.0,58256.0,0.0,0.0,58256.0,0.0,0.0,58256.0,0.0,0.0,58256.0,0.0,0.0,58256.0
995,2012-01-01,2.0,Ethiopia,Benishangul Gumz,Metekel,2.0,2.0,Benishangul Gumz,Metekel,479162,396428,0.0,396428.0,0.0,0.0,0.0,396428.0,0.0,396428.0,0.0,0.0,0.0,396428.0,0.0,396428.0,0.0,0.0,0.0,396428.0
996,2012-01-01,2.0,Ethiopia,Oromia,North Shewa,2.0,2.0,Oromia,North Shewa,1626893,1345990,0.0,1345990.0,0.0,0.0,0.0,1345990.0,0.0,1345990.0,0.0,0.0,0.0,1345990.0,0.0,1345990.0,0.0,0.0,0.0,1345990.0
997,2012-01-01,1.0,Ethiopia,SNNP,Sheka,1.0,1.0,SNNP,Sheka,274212,226865,226865.0,0.0,0.0,0.0,0.0,226865.0,226865.0,0.0,0.0,0.0,0.0,226865.0,226865.0,0.0,0.0,0.0,0.0,226865.0
998,2012-01-01,2.0,Ethiopia,Oromia,West Shewa,2.0,2.0,Oromia,West Shewa,2773901,2294953,0.0,2294953.0,0.0,0.0,0.0,2294953.0,0.0,2294953.0,0.0,0.0,0.0,2294953.0,0.0,2294953.0,0.0,0.0,0.0,2294953.0
999,2012-01-01,2.0,Ethiopia,Amhara,Awi,2.0,2.0,Amhara,Awi,1338704,1107560,0.0,1107560.0,0.0,0.0,0.0,1107560.0,0.0,1107560.0,0.0,0.0,0.0,1107560.0,0.0,1107560.0,0.0,0.0,0.0,1107560.0
1000,2012-01-01,2.0,Ethiopia,Amhara,West Gondar,2.0,2.0,Amhara,West Gondar,381393,315540,0.0,315540.0,0.0,0.0,0.0,315540.0,0.0,315540.0,0.0,0.0,0.0,315540.0,0.0,315540.0,0.0,0.0,0.0,315540.0
1001,2012-04-01,3.0,Ethiopia,Somali,Afder,3.0,3.0,Somali,Afder,654828,541763,0.0,0.0,541763.0,0.0,0.0,541763.0,0.0,0.0,541763.0,0.0,0.0,541763.0,0.0,0.0,541763.0,0.0,0.0,541763.0
1002,2012-04-01,3.0,Ethiopia,SNNP,Alle,3.0,3.0,SNNP,Alle,81190,67171,0.0,0.0,67171.0,0.0,0.0,67171.0,0.0,0.0,67171.0,0.0,0.0,67171.0,0.0,0.0,67171.0,0.0,0.0,67171.0
1003,2012-04-01,3.0,Ethiopia,SNNP,Amaro,3.0,3.0,SNNP,Amaro,195252,161539,0.0,0.0,161539.0,0.0,0.0,161539.0,0.0,0.0,161539.0,0.0,0.0,161539.0,0.0,0.0,161539.0,0.0,0.0,161539.0
1004,2012-04-01,3.0,Ethiopia,Oromia,Arsi,3.0,3.0,Oromia,Arsi,3645492,3016053,0.0,0.0,3016053.0,0.0,0.0,3016053.0,0.0,0.0,3016053.0,0.0,0.0,3016053.0,0.0,0.0,3016053.0,0.0,0.0,3016053.0
1005,2012-04-01,3.0,Ethiopia,Oromia,Bale,3.0,3.0,Oromia,Bale,1887498,1561598,0.0,0.0,1561598.0,0.0,0.0,1561598.0,0.0,0.0,1561598.0,0.0,0.0,1561598.0,0.0,0.0,1561598.0,0.0,0.0,1561598.0
1006,2012-04-01,3.0,Ethiopia,Oromia,Borena,3.0,3.0,Oromia,Borena,545493,451306,0.0,0.0,451306.0,0.0,0.0,451306.0,0.0,0.0,451306.0,0.0,0.0,451306.0,0.0,0.0,451306.0,0.0,0.0,451306.0
1007,2012-04-01,1.0,Ethiopia,Oromia,Buno Bedele,1.0,1.0,Oromia,Buno Bedele,809088,669389,669389.0,0.0,0.0,0.0,0.0,669389.0,669389.0,0.0,0.0,0.0,0.0,669389.0,669389.0,0.0,0.0,0.0,0.0,669389.0
1008,2012-04-01,3.0,Ethiopia,SNNP,Burji,3.0,3.0,SNNP,Burji,71728,59343,0.0,0.0,59343.0,0.0,0.0,59343.0,0.0,0.0,59343.0,0.0,0.0,59343.0,0.0,0.0,59343.0,0.0,0.0,59343.0
1009,2012-04-01,3.0,Ethiopia,Tigray,Central,3.0,3.0,Tigray,Central,1384454,1145411,0.0,0.0,1145411.0,0.0,0.0,1145411.0,0.0,0.0,1145411.0,0.0,0.0,1145411.0,0.0,0.0,1145411.0,0.0,0.0,1145411.0
1010,2012-04-01,3.0,Ethiopia,Amhara,Central Gondar,3.0,3.0,Amhara,Central Gondar,2719899,2250275,0.0,0.0,2250275.0,0.0,0.0,2250275.0,0.0,0.0,2250275.0,0.0,0.0,2250275.0,0.0,0.0,2250275.0,0.0,0.0,2250275.0
1011,2012-04-01,3.0,Ethiopia,Somali,Daawa,3.0,3.0,Somali,Daawa,457130,378200,0.0,0.0,378200.0,0.0,0.0,378200.0,0.0,0.0,378200.0,0.0,0.0,378200.0,0.0,0.0,378200.0,0.0,0.0,378200.0
1012,2012-04-01,3.0,Ethiopia,SNNP,Dawuro,3.0,2.0,SNNP,Dawuro,643931,532748,0.0,0.0,532748.0,0.0,0.0,532748.0,0.0,0.0,532748.0,0.0,0.0,532748.0,0.0,532748.0,0.0,0.0,0.0,532748.0
1013,2012-04-01,3.0,Ethiopia,SNNP,Derashe,3.0,3.0,SNNP,Derashe,107301,88774,0.0,0.0,88774.0,0.0,0.0,88774.0,0.0,0.0,88774.0,0.0,0.0,88774.0,0.0,0.0,88774.0,0.0,0.0,88774.0
1014,2012-04-01,3.0,Ethiopia,Dire Dawa,Dire Dawa rural,3.0,2.0,Dire Dawa,Dire Dawa rural,188933,156311,0.0,0.0,156311.0,0.0,0.0,156311.0,0.0,0.0,156311.0,0.0,0.0,156311.0,0.0,156311.0,0.0,0.0,0.0,156311.0
1015,2012-04-01,2.0,Ethiopia,Amhara,East Gojam,3.0,3.0,Amhara,East Gojam,2672621,2211160,0.0,2211160.0,0.0,0.0,0.0,2211160.0,0.0,0.0,2211160.0,0.0,0.0,2211160.0,0.0,0.0,2211160.0,0.0,0.0,2211160.0
1016,2012-04-01,3.0,Ethiopia,Oromia,East Hararge,3.0,3.0,Oromia,East Hararge,3739861,3094128,0.0,0.0,3094128.0,0.0,0.0,3094128.0,0.0,0.0,3094128.0,0.0,0.0,3094128.0,0.0,0.0,3094128.0,0.0,0.0,3094128.0
1017,2012-04-01,3.0,Ethiopia,Oromia,East Shewa,3.0,3.0,Oromia,East Shewa,2234419,1848619,0.0,0.0,1848619.0,0.0,0.0,1848619.0,0.0,0.0,1848619.0,0.0,0.0,1848619.0,0.0,0.0,1848619.0,0.0,0.0,1848619.0
1018,2012-04-01,1.0,Ethiopia,Oromia,East Wellega,1.0,1.0,Oromia,East Wellega,1693681,1401246,1401246.0,0.0,0.0,0.0,0.0,1401246.0,1401246.0,0.0,0.0,0.0,0.0,1401246.0,1401246.0,0.0,0.0,0.0,0.0,1401246.0
1019,2012-04-01,3.0,Ethiopia,Tigray,Eastern,3.0,3.0,Tigray,Eastern,940053,777741,0.0,0.0,777741.0,0.0,0.0,777741.0,0.0,0.0,777741.0,0.0,0.0,777741.0,0.0,0.0,777741.0,0.0,0.0,777741.0
1020,2012-04-01,3.0,Ethiopia,Somali,Erer,3.0,3.0,Somali,Erer,268901,222471,0.0,0.0,222471.0,0.0,0.0,222471.0,0.0,0.0,222471.0,0.0,0.0,222471.0,0.0,0.0,222471.0,0.0,0.0,222471.0
1021,2012-04-01,3.0,Ethiopia,Somali,Fafan,3.0,3.0,Somali,Fafan,1242707,1028138,0.0,0.0,1028138.0,0.0,0.0,1028138.0,0.0,0.0,1028138.0,0.0,0.0,1028138.0,0.0,0.0,1028138.0,0.0,0.0,1028138.0
1022,2012-04-01,3.0,Ethiopia,SNNP,Gamo,3.0,3.0,SNNP,Gamo,1462777,1210210,0.0,0.0,1210210.0,0.0,0.0,1210210.0,0.0,0.0,1210210.0,0.0,0.0,1210210.0,0.0,0.0,1210210.0,0.0,0.0,1210210.0
1023,2012-04-01,3.0,Ethiopia,SNNP,Gedeo,3.0,3.0,SNNP,Gedeo,1131834,936409,0.0,0.0,936409.0,0.0,0.0,936409.0,0.0,0.0,936409.0,0.0,0.0,936409.0,0.0,0.0,936409.0,0.0,0.0,936409.0
1024,2012-04-01,3.0,Ethiopia,SNNP,Gofa,3.0,2.0,SNNP,Gofa,623589,515918,0.0,0.0,515918.0,0.0,0.0,515918.0,0.0,0.0,515918.0,0.0,0.0,515918.0,0.0,515918.0,0.0,0.0,0.0,515918.0
1025,2012-04-01,3.0,Ethiopia,Oromia,Guji,3.0,3.0,Oromia,Guji,1482472,1226505,0.0,0.0,1226505.0,0.0,0.0,1226505.0,0.0,0.0,1226505.0,0.0,0.0,1226505.0,0.0,0.0,1226505.0,0.0,0.0,1226505.0
1026,2012-04-01,3.0,Ethiopia,SNNP,Guraghe,3.0,2.0,SNNP,Guraghe,1882107,1557138,0.0,0.0,1557138.0,0.0,0.0,1557138.0,0.0,0.0,1557138.0,0.0,0.0,1557138.0,0.0,1557138.0,0.0,0.0,0.0,1557138.0
1027,2012-04-01,3.0,Ethiopia,SNNP,Hadiya,3.0,3.0,SNNP,Hadiya,1700138,1406588,0.0,0.0,1406588.0,0.0,0.0,1406588.0,0.0,0.0,1406588.0,0.0,0.0,1406588.0,0.0,0.0,1406588.0,0.0,0.0,1406588.0
1028,2012-04-01,3.0,Ethiopia,SNNP,Halaba Special,3.0,3.0,SNNP,Halaba Special,658130,544495,0.0,0.0,544495.0,0.0,0.0,544495.0,0.0,0.0,544495.0,0.0,0.0,544495.0,0.0,0.0,544495.0,0.0,0.0,544495.0
1029,2012-04-01,2.0,Ethiopia,Harari,Harari,2.0,3.0,Harari,Harari,260022,215126,0.0,215126.0,0.0,0.0,0.0,215126.0,0.0,215126.0,0.0,0.0,0.0,215126.0,0.0,0.0,215126.0,0.0,0.0,215126.0
1030,2012-04-01,3.0,Ethiopia,Somali,Jarar,3.0,3.0,Somali,Jarar,641077,530387,0.0,0.0,530387.0,0.0,0.0,530387.0,0.0,0.0,530387.0,0.0,0.0,530387.0,0.0,0.0,530387.0,0.0,0.0,530387.0
1031,2012-04-01,3.0,Ethiopia,Oromia,Jimma,3.0,2.0,Oromia,Jimma,3672640,3038513,0.0,0.0,3038513.0,0.0,0.0,3038513.0,0.0,0.0,3038513.0,0.0,0.0,3038513.0,0.0,3038513.0,0.0,0.0,0.0,3038513.0
1032,2012-04-01,3.0,Ethiopia,Benishangul Gumz,Kemashi,3.0,3.0,Benishangul Gumz,Kemashi,150986,124916,0.0,0.0,124916.0,0.0,0.0,124916.0,0.0,0.0,124916.0,0.0,0.0,124916.0,0.0,0.0,124916.0,0.0,0.0,124916.0
1033,2012-04-01,3.0,Ethiopia,SNNP,Kembata Tibaro,3.0,3.0,SNNP,Kembata Tibaro,911347,753991,0.0,0.0,753991.0,0.0,0.0,753991.0,0.0,0.0,753991.0,0.0,0.0,753991.0,0.0,0.0,753991.0,0.0,0.0,753991.0
1034,2012-04-01,3.0,Ethiopia,SNNP,Konso,3.0,3.0,SNNP,Konso,284360,235261,0.0,0.0,235261.0,0.0,0.0,235261.0,0.0,0.0,235261.0,0.0,0.0,235261.0,0.0,0.0,235261.0,0.0,0.0,235261.0
1035,2012-04-01,3.0,Ethiopia,Somali,Liban,3.0,3.0,Somali,Liban,505190,417962,0.0,0.0,417962.0,0.0,0.0,417962.0,0.0,0.0,417962.0,0.0,0.0,417962.0,0.0,0.0,417962.0,0.0,0.0,417962.0
1036,2012-04-01,2.0,Ethiopia,Tigray,Mekele Special,2.0,2.0,Tigray,Mekele Special,418327,346097,0.0,346097.0,0.0,0.0,0.0,346097.0,0.0,346097.0,0.0,0.0,0.0,346097.0,0.0,346097.0,0.0,0.0,0.0,346097.0
1037,2012-04-01,3.0,Ethiopia,SNNP,Mirab Omo,3.0,3.0,SNNP,Mirab Omo,262515,217188,0.0,0.0,217188.0,0.0,0.0,217188.0,0.0,0.0,217188.0,0.0,0.0,217188.0,0.0,0.0,217188.0,0.0,0.0,217188.0
1038,2012-04-01,3.0,Ethiopia,Somali,Nogob,3.0,3.0,Somali,Nogob,217220,179714,0.0,0.0,179714.0,0.0,0.0,179714.0,0.0,0.0,179714.0,0.0,0.0,179714.0,0.0,0.0,179714.0,0.0,0.0,179714.0
1039,2012-04-01,3.0,Ethiopia,Amhara,North Gondar,3.0,3.0,Amhara,North Gondar,889977,736311,0.0,0.0,736311.0,0.0,0.0,736311.0,0.0,0.0,736311.0,0.0,0.0,736311.0,0.0,0.0,736311.0,0.0,0.0,736311.0
1040,2012-04-01,2.0,Ethiopia,Amhara,North Shewa,3.0,3.0,Amhara,North Shewa,2293091,1897160,0.0,1897160.0,0.0,0.0,0.0,1897160.0,0.0,0.0,1897160.0,0.0,0.0,1897160.0,0.0,0.0,1897160.0,0.0,0.0,1897160.0
1041,2012-04-01,3.0,Ethiopia,Amhara,North Wello,3.0,3.0,Amhara,North Wello,1740337,1439846,0.0,0.0,1439846.0,0.0,0.0,1439846.0,0.0,0.0,1439846.0,0.0,0.0,1439846.0,0.0,0.0,1439846.0,0.0,0.0,1439846.0
1042,2012-04-01,2.0,Ethiopia,Tigray,North Western,2.0,3.0,Tigray,North Western,893262,739029,0.0,739029.0,0.0,0.0,0.0,739029.0,0.0,739029.0,0.0,0.0,0.0,739029.0,0.0,0.0,739029.0,0.0,0.0,739029.0
1043,2012-04-01,3.0,Ethiopia,Gambela,Nuwer,3.0,3.0,Gambela,Nuwer,166901,138083,0.0,0.0,138083.0,0.0,0.0,138083.0,0.0,0.0,138083.0,0.0,0.0,138083.0,0.0,0.0,138083.0,0.0,0.0,138083.0
1044,2012-04-01,2.0,Ethiopia,Amhara,Oromia,3.0,2.0,Amhara,Oromia,569808,471423,0.0,471423.0,0.0,0.0,0.0,471423.0,0.0,0.0,471423.0,0.0,0.0,471423.0,0.0,471423.0,0.0,0.0,0.0,471423.0
1045,2012-04-01,3.0,Ethiopia,Somali,Shabelle,3.0,3.0,Somali,Shabelle,647430,535643,0.0,0.0,535643.0,0.0,0.0,535643.0,0.0,0.0,535643.0,0.0,0.0,535643.0,0.0,0.0,535643.0,0.0,0.0,535643.0
1046,2012-04-01,3.0,Ethiopia,SNNP,Sidama,3.0,3.0,SNNP,Sidama,4212331,3485020,0.0,0.0,3485020.0,0.0,0.0,3485020.0,0.0,0.0,3485020.0,0.0,0.0,3485020.0,0.0,0.0,3485020.0,0.0,0.0,3485020.0
1047,2012-04-01,3.0,Ethiopia,SNNP,Siltie,3.0,3.0,SNNP,Siltie,1051444,869899,0.0,0.0,869899.0,0.0,0.0,869899.0,0.0,0.0,869899.0,0.0,0.0,869899.0,0.0,0.0,869899.0,0.0,0.0,869899.0
1048,2012-04-01,3.0,Ethiopia,Somali,Siti,3.0,3.0,Somali,Siti,644214,532982,0.0,0.0,532982.0,0.0,0.0,532982.0,0.0,0.0,532982.0,0.0,0.0,532982.0,0.0,0.0,532982.0,0.0,0.0,532982.0
1049,2012-04-01,3.0,Ethiopia,Tigray,South Eastern,3.0,3.0,Tigray,South Eastern,528199,436999,0.0,0.0,436999.0,0.0,0.0,436999.0,0.0,0.0,436999.0,0.0,0.0,436999.0,0.0,0.0,436999.0,0.0,0.0,436999.0
1050,2012-04-01,3.0,Ethiopia,Amhara,South Gondar,3.0,3.0,Amhara,South Gondar,2526963,2090652,0.0,0.0,2090652.0,0.0,0.0,2090652.0,0.0,0.0,2090652.0,0.0,0.0,2090652.0,0.0,0.0,2090652.0,0.0,0.0,2090652.0
1051,2012-04-01,3.0,Ethiopia,SNNP,South Omo,3.0,3.0,SNNP,South Omo,754134,623923,0.0,0.0,623923.0,0.0,0.0,623923.0,0.0,0.0,623923.0,0.0,0.0,623923.0,0.0,0.0,623923.0,0.0,0.0,623923.0
1052,2012-04-01,3.0,Ethiopia,Amhara,South Wello,3.0,3.0,Amhara,South Wello,3246827,2686222,0.0,0.0,2686222.0,0.0,0.0,2686222.0,0.0,0.0,2686222.0,0.0,0.0,2686222.0,0.0,0.0,2686222.0,0.0,0.0,2686222.0
1053,2012-04-01,2.0,Ethiopia,Oromia,South West Shewa,2.0,2.0,Oromia,South West Shewa,1264234,1045948,0.0,1045948.0,0.0,0.0,0.0,1045948.0,0.0,1045948.0,0.0,0.0,0.0,1045948.0,0.0,1045948.0,0.0,0.0,0.0,1045948.0
1054,2012-04-01,3.0,Ethiopia,Tigray,Southern,3.0,3.0,Tigray,Southern,752344,622442,0.0,0.0,622442.0,0.0,0.0,622442.0,0.0,0.0,622442.0,0.0,0.0,622442.0,0.0,0.0,622442.0,0.0,0.0,622442.0
1055,2012-04-01,3.0,Ethiopia,Amhara,Wag Hamra,3.0,3.0,Amhara,Wag Hamra,516457,427284,0.0,0.0,427284.0,0.0,0.0,427284.0,0.0,0.0,427284.0,0.0,0.0,427284.0,0.0,0.0,427284.0,0.0,0.0,427284.0
1056,2012-04-01,3.0,Ethiopia,Oromia,West Arsi,3.0,3.0,Oromia,West Arsi,2868933,2373576,0.0,0.0,2373576.0,0.0,0.0,2373576.0,0.0,0.0,2373576.0,0.0,0.0,2373576.0,0.0,0.0,2373576.0,0.0,0.0,2373576.0
1057,2012-04-01,3.0,Ethiopia,Oromia,West Guji,3.0,3.0,Oromia,West Guji,1223292,1012075,0.0,0.0,1012075.0,0.0,0.0,1012075.0,0.0,0.0,1012075.0,0.0,0.0,1012075.0,0.0,0.0,1012075.0,0.0,0.0,1012075.0
1058,2012-04-01,3.0,Ethiopia,Oromia,West Hararge,3.0,3.0,Oromia,West Hararge,2568661,2125150,0.0,0.0,2125150.0,0.0,0.0,2125150.0,0.0,0.0,2125150.0,0.0,0.0,2125150.0,0.0,0.0,2125150.0,0.0,0.0,2125150.0
1059,2012-04-01,1.0,Ethiopia,Oromia,West Wellega,1.0,1.0,Oromia,West Wellega,1880222,1555578,1555578.0,0.0,0.0,0.0,0.0,1555578.0,1555578.0,0.0,0.0,0.0,0.0,1555578.0,1555578.0,0.0,0.0,0.0,0.0,1555578.0
1060,2012-04-01,2.0,Ethiopia,Tigray,Western,2.0,2.0,Tigray,Western,440553,364486,0.0,364486.0,0.0,0.0,0.0,364486.0,0.0,364486.0,0.0,0.0,0.0,364486.0,0.0,364486.0,0.0,0.0,0.0,364486.0
1061,2012-04-01,3.0,Ethiopia,SNNP,Wolayita,3.0,2.0,SNNP,Wolayita,1999292,1654089,0.0,0.0,1654089.0,0.0,0.0,1654089.0,0.0,0.0,1654089.0,0.0,0.0,1654089.0,0.0,1654089.0,0.0,0.0,0.0,1654089.0
1062,2012-04-01,3.0,Ethiopia,SNNP,Yem Special,3.0,2.0,SNNP,Yem Special,102526,84823,0.0,0.0,84823.0,0.0,0.0,84823.0,0.0,0.0,84823.0,0.0,0.0,84823.0,0.0,84823.0,0.0,0.0,0.0,84823.0
1063,2012-04-01,3.0,Ethiopia,Afar,Zone 1 (Awsi Rasu),3.0,2.0,Afar,Zone 1 (Awsi Rasu),643036,532007,0.0,0.0,532007.0,0.0,0.0,532007.0,0.0,0.0,532007.0,0.0,0.0,532007.0,0.0,532007.0,0.0,0.0,0.0,532007.0
1064,2012-04-01,3.0,Ethiopia,Afar,Zone 2 (Kilbet Rasu),3.0,3.0,Afar,Zone 2 (Kilbet Rasu),493764,408509,0.0,0.0,408509.0,0.0,0.0,408509.0,0.0,0.0,408509.0,0.0,0.0,408509.0,0.0,0.0,408509.0,0.0,0.0,408509.0
1065,2012-04-01,3.0,Ethiopia,Afar,Zone 3 (Gabi Rasu),3.0,3.0,Afar,Zone 3 (Gabi Rasu),281357,232777,0.0,0.0,232777.0,0.0,0.0,232777.0,0.0,0.0,232777.0,0.0,0.0,232777.0,0.0,0.0,232777.0,0.0,0.0,232777.0
1066,2012-04-01,3.0,Ethiopia,Afar,Zone 4 (Fantana Rasu),3.0,3.0,Afar,Zone 4 (Fantana Rasu),276855,229052,0.0,0.0,229052.0,0.0,0.0,229052.0,0.0,0.0,229052.0,0.0,0.0,229052.0,0.0,0.0,229052.0,0.0,0.0,229052.0
1067,2012-04-01,2.0,Ethiopia,Afar,Zone 5 (Hari Rasu),3.0,2.0,Afar,Zone 5 (Hari Rasu),209402,173246,0.0,173246.0,0.0,0.0,0.0,173246.0,0.0,0.0,173246.0,0.0,0.0,173246.0,0.0,173246.0,0.0,0.0,0.0,173246.0
1068,2012-04-01,3.0,Ethiopia,Gambela,Agnewak,3.0,3.0,Gambela,Agnewak,164054,135728,0.0,0.0,135728.0,0.0,0.0,135728.0,0.0,0.0,135728.0,0.0,0.0,135728.0,0.0,0.0,135728.0,0.0,0.0,135728.0
1069,2012-04-01,3.0,Ethiopia,Somali,Doolo,3.0,3.0,Somali,Doolo,425824,352300,0.0,0.0,352300.0,0.0,0.0,352300.0,0.0,0.0,352300.0,0.0,0.0,352300.0,0.0,0.0,352300.0,0.0,0.0,352300.0
1070,2012-04-01,3.0,Ethiopia,Somali,Korahe,3.0,3.0,Somali,Korahe,511890,423505,0.0,0.0,423505.0,0.0,0.0,423505.0,0.0,0.0,423505.0,0.0,0.0,423505.0,0.0,0.0,423505.0,0.0,0.0,423505.0
1071,2012-04-01,2.0,Ethiopia,Oromia,Finfine Special,2.0,2.0,Oromia,Finfine Special,1040106,860519,0.0,860519.0,0.0,0.0,0.0,860519.0,0.0,860519.0,0.0,0.0,0.0,860519.0,0.0,860519.0,0.0,0.0,0.0,860519.0
1072,2012-04-01,1.0,Ethiopia,Addis Ababa,Region 14,1.0,1.0,Addis Ababa,Region 14,3585647,2966541,2966541.0,0.0,0.0,0.0,0.0,2966541.0,2966541.0,0.0,0.0,0.0,0.0,2966541.0,2966541.0,0.0,0.0,0.0,0.0,2966541.0
1073,2012-04-01,1.0,Ethiopia,Amhara,West Gojam,1.0,1.0,Amhara,West Gojam,2894095,2394394,2394394.0,0.0,0.0,0.0,0.0,2394394.0,2394394.0,0.0,0.0,0.0,0.0,2394394.0,2394394.0,0.0,0.0,0.0,0.0,2394394.0
1074,2012-04-01,3.0,Ethiopia,SNNP,Basketo,3.0,2.0,SNNP,Basketo,75512,62473,0.0,0.0,62473.0,0.0,0.0,62473.0,0.0,0.0,62473.0,0.0,0.0,62473.0,0.0,62473.0,0.0,0.0,0.0,62473.0
1075,2012-04-01,1.0,Ethiopia,SNNP,Bench Maji,1.0,1.0,SNNP,Bench Maji,603595,499376,499376.0,0.0,0.0,0.0,0.0,499376.0,499376.0,0.0,0.0,0.0,0.0,499376.0,499376.0,0.0,0.0,0.0,0.0,499376.0
1076,2012-04-01,2.0,Ethiopia,Gambela,Etang Special woreda,2.0,2.0,Gambela,Etang Special woreda,50260,41581,0.0,41581.0,0.0,0.0,0.0,41581.0,0.0,41581.0,0.0,0.0,0.0,41581.0,0.0,41581.0,0.0,0.0,0.0,41581.0
1077,2012-04-01,1.0,Ethiopia,Oromia,Ilu Aba Bora,1.0,1.0,Oromia,Ilu Aba Bora,953178,788600,788600.0,0.0,0.0,0.0,0.0,788600.0,788600.0,0.0,0.0,0.0,0.0,788600.0,788600.0,0.0,0.0,0.0,0.0,788600.0
1078,2012-04-01,3.0,Ethiopia,SNNP,Kefa,3.0,2.0,SNNP,Kefa,1053546,871638,0.0,0.0,871638.0,0.0,0.0,871638.0,0.0,0.0,871638.0,0.0,0.0,871638.0,0.0,871638.0,0.0,0.0,0.0,871638.0
1079,2012-04-01,3.0,Ethiopia,SNNP,Konta Special,3.0,2.0,SNNP,Konta Special,119904,99201,0.0,0.0,99201.0,0.0,0.0,99201.0,0.0,0.0,99201.0,0.0,0.0,99201.0,0.0,99201.0,0.0,0.0,0.0,99201.0
1080,2012-04-01,1.0,Ethiopia,Gambela,Mejenger,1.0,1.0,Gambela,Mejenger,81617,67524,67524.0,0.0,0.0,0.0,0.0,67524.0,67524.0,0.0,0.0,0.0,0.0,67524.0,67524.0,0.0,0.0,0.0,0.0,67524.0
1081,2012-04-01,3.0,Ethiopia,Benishangul Gumz,Asosa,3.0,3.0,Benishangul Gumz,Asosa,402287,332827,0.0,0.0,332827.0,0.0,0.0,332827.0,0.0,0.0,332827.0,0.0,0.0,332827.0,0.0,0.0,332827.0,0.0,0.0,332827.0
1082,2012-04-01,,Ethiopia,Dire Dawa,Dire Dawa urban,,,Dire Dawa,Dire Dawa urban,319985,264735,0.0,0.0,0.0,0.0,0.0,0.0,0.0,0.0,0.0,0.0,0.0,0.0,0.0,0.0,0.0,0.0,0.0,0.0
1083,2012-04-01,2.0,Ethiopia,Oromia,Horo Gudru Wellega,2.0,2.0,Oromia,Horo Gudru Wellega,791731,655028,0.0,655028.0,0.0,0.0,0.0,655028.0,0.0,655028.0,0.0,0.0,0.0,655028.0,0.0,655028.0,0.0,0.0,0.0,655028.0
1084,2012-04-01,2.0,Ethiopia,Oromia,Kelem Wellega,2.0,2.0,Oromia,Kelem Wellega,1141498,944404,0.0,944404.0,0.0,0.0,0.0,944404.0,0.0,944404.0,0.0,0.0,0.0,944404.0,0.0,944404.0,0.0,0.0,0.0,944404.0
1085,2012-04-01,3.0,Ethiopia,Benishangul Gumz,Mao Komo Special,3.0,3.0,Benishangul Gumz,Mao Komo Special,70414,58256,0.0,0.0,58256.0,0.0,0.0,58256.0,0.0,0.0,58256.0,0.0,0.0,58256.0,0.0,0.0,58256.0,0.0,0.0,58256.0
1086,2012-04-01,2.0,Ethiopia,Benishangul Gumz,Metekel,2.0,2.0,Benishangul Gumz,Metekel,479162,396428,0.0,396428.0,0.0,0.0,0.0,396428.0,0.0,396428.0,0.0,0.0,0.0,396428.0,0.0,396428.0,0.0,0.0,0.0,396428.0
1087,2012-04-01,2.0,Ethiopia,Oromia,North Shewa,3.0,3.0,Oromia,North Shewa,1626893,1345990,0.0,1345990.0,0.0,0.0,0.0,1345990.0,0.0,0.0,1345990.0,0.0,0.0,1345990.0,0.0,0.0,1345990.0,0.0,0.0,1345990.0
1088,2012-04-01,1.0,Ethiopia,SNNP,Sheka,1.0,1.0,SNNP,Sheka,274212,226865,226865.0,0.0,0.0,0.0,0.0,226865.0,226865.0,0.0,0.0,0.0,0.0,226865.0,226865.0,0.0,0.0,0.0,0.0,226865.0
1089,2012-04-01,2.0,Ethiopia,Oromia,West Shewa,2.0,2.0,Oromia,West Shewa,2773901,2294953,0.0,2294953.0,0.0,0.0,0.0,2294953.0,0.0,2294953.0,0.0,0.0,0.0,2294953.0,0.0,2294953.0,0.0,0.0,0.0,2294953.0
1090,2012-04-01,2.0,Ethiopia,Amhara,Awi,2.0,2.0,Amhara,Awi,1338704,1107560,0.0,1107560.0,0.0,0.0,0.0,1107560.0,0.0,1107560.0,0.0,0.0,0.0,1107560.0,0.0,1107560.0,0.0,0.0,0.0,1107560.0
1091,2012-04-01,2.0,Ethiopia,Amhara,West Gondar,2.0,2.0,Amhara,West Gondar,381393,315540,0.0,315540.0,0.0,0.0,0.0,315540.0,0.0,315540.0,0.0,0.0,0.0,315540.0,0.0,315540.0,0.0,0.0,0.0,315540.0
1092,2012-07-01,3.0,Ethiopia,Somali,Afder,3.0,3.0,Somali,Afder,654828,541763,0.0,0.0,541763.0,0.0,0.0,541763.0,0.0,0.0,541763.0,0.0,0.0,541763.0,0.0,0.0,541763.0,0.0,0.0,541763.0
1093,2012-07-01,3.0,Ethiopia,SNNP,Alle,3.0,2.0,SNNP,Alle,81190,67171,0.0,0.0,67171.0,0.0,0.0,67171.0,0.0,0.0,67171.0,0.0,0.0,67171.0,0.0,67171.0,0.0,0.0,0.0,67171.0
1094,2012-07-01,3.0,Ethiopia,SNNP,Amaro,3.0,2.0,SNNP,Amaro,195252,161539,0.0,0.0,161539.0,0.0,0.0,161539.0,0.0,0.0,161539.0,0.0,0.0,161539.0,0.0,161539.0,0.0,0.0,0.0,161539.0
1095,2012-07-01,3.0,Ethiopia,Oromia,Arsi,3.0,3.0,Oromia,Arsi,3645492,3016053,0.0,0.0,3016053.0,0.0,0.0,3016053.0,0.0,0.0,3016053.0,0.0,0.0,3016053.0,0.0,0.0,3016053.0,0.0,0.0,3016053.0
1096,2012-07-01,3.0,Ethiopia,Oromia,Bale,3.0,3.0,Oromia,Bale,1887498,1561598,0.0,0.0,1561598.0,0.0,0.0,1561598.0,0.0,0.0,1561598.0,0.0,0.0,1561598.0,0.0,0.0,1561598.0,0.0,0.0,1561598.0
1097,2012-07-01,3.0,Ethiopia,Oromia,Borena,3.0,2.0,Oromia,Borena,545493,451306,0.0,0.0,451306.0,0.0,0.0,451306.0,0.0,0.0,451306.0,0.0,0.0,451306.0,0.0,451306.0,0.0,0.0,0.0,451306.0
1098,2012-07-01,1.0,Ethiopia,Oromia,Buno Bedele,1.0,1.0,Oromia,Buno Bedele,809088,669389,669389.0,0.0,0.0,0.0,0.0,669389.0,669389.0,0.0,0.0,0.0,0.0,669389.0,669389.0,0.0,0.0,0.0,0.0,669389.0
1099,2012-07-01,3.0,Ethiopia,SNNP,Burji,3.0,2.0,SNNP,Burji,71728,59343,0.0,0.0,59343.0,0.0,0.0,59343.0,0.0,0.0,59343.0,0.0,0.0,59343.0,0.0,59343.0,0.0,0.0,0.0,59343.0
1100,2012-07-01,3.0,Ethiopia,Tigray,Central,3.0,3.0,Tigray,Central,1384454,1145411,0.0,0.0,1145411.0,0.0,0.0,1145411.0,0.0,0.0,1145411.0,0.0,0.0,1145411.0,0.0,0.0,1145411.0,0.0,0.0,1145411.0
1101,2012-07-01,3.0,Ethiopia,Amhara,Central Gondar,3.0,3.0,Amhara,Central Gondar,2719899,2250275,0.0,0.0,2250275.0,0.0,0.0,2250275.0,0.0,0.0,2250275.0,0.0,0.0,2250275.0,0.0,0.0,2250275.0,0.0,0.0,2250275.0
1102,2012-07-01,3.0,Ethiopia,Somali,Daawa,3.0,3.0,Somali,Daawa,457130,378200,0.0,0.0,378200.0,0.0,0.0,378200.0,0.0,0.0,378200.0,0.0,0.0,378200.0,0.0,0.0,378200.0,0.0,0.0,378200.0
1103,2012-07-01,3.0,Ethiopia,SNNP,Dawuro,3.0,2.0,SNNP,Dawuro,643931,532748,0.0,0.0,532748.0,0.0,0.0,532748.0,0.0,0.0,532748.0,0.0,0.0,532748.0,0.0,532748.0,0.0,0.0,0.0,532748.0
1104,2012-07-01,3.0,Ethiopia,SNNP,Derashe,3.0,2.0,SNNP,Derashe,107301,88774,0.0,0.0,88774.0,0.0,0.0,88774.0,0.0,0.0,88774.0,0.0,0.0,88774.0,0.0,88774.0,0.0,0.0,0.0,88774.0
1105,2012-07-01,3.0,Ethiopia,Dire Dawa,Dire Dawa rural,3.0,3.0,Dire Dawa,Dire Dawa rural,188933,156311,0.0,0.0,156311.0,0.0,0.0,156311.0,0.0,0.0,156311.0,0.0,0.0,156311.0,0.0,0.0,156311.0,0.0,0.0,156311.0
1106,2012-07-01,3.0,Ethiopia,Amhara,East Gojam,3.0,2.0,Amhara,East Gojam,2672621,2211160,0.0,0.0,2211160.0,0.0,0.0,2211160.0,0.0,0.0,2211160.0,0.0,0.0,2211160.0,0.0,2211160.0,0.0,0.0,0.0,2211160.0
1107,2012-07-01,3.0,Ethiopia,Oromia,East Hararge,3.0,3.0,Oromia,East Hararge,3739861,3094128,0.0,0.0,3094128.0,0.0,0.0,3094128.0,0.0,0.0,3094128.0,0.0,0.0,3094128.0,0.0,0.0,3094128.0,0.0,0.0,3094128.0
1108,2012-07-01,3.0,Ethiopia,Oromia,East Shewa,3.0,2.0,Oromia,East Shewa,2234419,1848619,0.0,0.0,1848619.0,0.0,0.0,1848619.0,0.0,0.0,1848619.0,0.0,0.0,1848619.0,0.0,1848619.0,0.0,0.0,0.0,1848619.0
1109,2012-07-01,2.0,Ethiopia,Oromia,East Wellega,2.0,1.0,Oromia,East Wellega,1693681,1401246,0.0,1401246.0,0.0,0.0,0.0,1401246.0,0.0,1401246.0,0.0,0.0,0.0,1401246.0,1401246.0,0.0,0.0,0.0,0.0,1401246.0
1110,2012-07-01,3.0,Ethiopia,Tigray,Eastern,3.0,3.0,Tigray,Eastern,940053,777741,0.0,0.0,777741.0,0.0,0.0,777741.0,0.0,0.0,777741.0,0.0,0.0,777741.0,0.0,0.0,777741.0,0.0,0.0,777741.0
1111,2012-07-01,3.0,Ethiopia,Somali,Erer,3.0,2.0,Somali,Erer,268901,222471,0.0,0.0,222471.0,0.0,0.0,222471.0,0.0,0.0,222471.0,0.0,0.0,222471.0,0.0,222471.0,0.0,0.0,0.0,222471.0
1112,2012-07-01,3.0,Ethiopia,Somali,Fafan,3.0,3.0,Somali,Fafan,1242707,1028138,0.0,0.0,1028138.0,0.0,0.0,1028138.0,0.0,0.0,1028138.0,0.0,0.0,1028138.0,0.0,0.0,1028138.0,0.0,0.0,1028138.0
1113,2012-07-01,3.0,Ethiopia,SNNP,Gamo,3.0,2.0,SNNP,Gamo,1462777,1210210,0.0,0.0,1210210.0,0.0,0.0,1210210.0,0.0,0.0,1210210.0,0.0,0.0,1210210.0,0.0,1210210.0,0.0,0.0,0.0,1210210.0
1114,2012-07-01,3.0,Ethiopia,SNNP,Gedeo,3.0,2.0,SNNP,Gedeo,1131834,936409,0.0,0.0,936409.0,0.0,0.0,936409.0,0.0,0.0,936409.0,0.0,0.0,936409.0,0.0,936409.0,0.0,0.0,0.0,936409.0
1115,2012-07-01,3.0,Ethiopia,SNNP,Gofa,3.0,2.0,SNNP,Gofa,623589,515918,0.0,0.0,515918.0,0.0,0.0,515918.0,0.0,0.0,515918.0,0.0,0.0,515918.0,0.0,515918.0,0.0,0.0,0.0,515918.0
1116,2012-07-01,3.0,Ethiopia,Oromia,Guji,3.0,2.0,Oromia,Guji,1482472,1226505,0.0,0.0,1226505.0,0.0,0.0,1226505.0,0.0,0.0,1226505.0,0.0,0.0,1226505.0,0.0,1226505.0,0.0,0.0,0.0,1226505.0
1117,2012-07-01,3.0,Ethiopia,SNNP,Guraghe,3.0,2.0,SNNP,Guraghe,1882107,1557138,0.0,0.0,1557138.0,0.0,0.0,1557138.0,0.0,0.0,1557138.0,0.0,0.0,1557138.0,0.0,1557138.0,0.0,0.0,0.0,1557138.0
1118,2012-07-01,3.0,Ethiopia,SNNP,Hadiya,3.0,2.0,SNNP,Hadiya,1700138,1406588,0.0,0.0,1406588.0,0.0,0.0,1406588.0,0.0,0.0,1406588.0,0.0,0.0,1406588.0,0.0,1406588.0,0.0,0.0,0.0,1406588.0
1119,2012-07-01,3.0,Ethiopia,SNNP,Halaba Special,3.0,2.0,SNNP,Halaba Special,658130,544495,0.0,0.0,544495.0,0.0,0.0,544495.0,0.0,0.0,544495.0,0.0,0.0,544495.0,0.0,544495.0,0.0,0.0,0.0,544495.0
1120,2012-07-01,3.0,Ethiopia,Harari,Harari,3.0,3.0,Harari,Harari,260022,215126,0.0,0.0,215126.0,0.0,0.0,215126.0,0.0,0.0,215126.0,0.0,0.0,215126.0,0.0,0.0,215126.0,0.0,0.0,215126.0
1121,2012-07-01,3.0,Ethiopia,Somali,Jarar,3.0,2.0,Somali,Jarar,641077,530387,0.0,0.0,530387.0,0.0,0.0,530387.0,0.0,0.0,530387.0,0.0,0.0,530387.0,0.0,530387.0,0.0,0.0,0.0,530387.0
1122,2012-07-01,3.0,Ethiopia,Oromia,Jimma,3.0,2.0,Oromia,Jimma,3672640,3038513,0.0,0.0,3038513.0,0.0,0.0,3038513.0,0.0,0.0,3038513.0,0.0,0.0,3038513.0,0.0,3038513.0,0.0,0.0,0.0,3038513.0
1123,2012-07-01,3.0,Ethiopia,Benishangul Gumz,Kemashi,3.0,2.0,Benishangul Gumz,Kemashi,150986,124916,0.0,0.0,124916.0,0.0,0.0,124916.0,0.0,0.0,124916.0,0.0,0.0,124916.0,0.0,124916.0,0.0,0.0,0.0,124916.0
1124,2012-07-01,3.0,Ethiopia,SNNP,Kembata Tibaro,3.0,2.0,SNNP,Kembata Tibaro,911347,753991,0.0,0.0,753991.0,0.0,0.0,753991.0,0.0,0.0,753991.0,0.0,0.0,753991.0,0.0,753991.0,0.0,0.0,0.0,753991.0
1125,2012-07-01,3.0,Ethiopia,SNNP,Konso,3.0,2.0,SNNP,Konso,284360,235261,0.0,0.0,235261.0,0.0,0.0,235261.0,0.0,0.0,235261.0,0.0,0.0,235261.0,0.0,235261.0,0.0,0.0,0.0,235261.0
1126,2012-07-01,3.0,Ethiopia,Somali,Liban,3.0,3.0,Somali,Liban,505190,417962,0.0,0.0,417962.0,0.0,0.0,417962.0,0.0,0.0,417962.0,0.0,0.0,417962.0,0.0,0.0,417962.0,0.0,0.0,417962.0
1127,2012-07-01,2.0,Ethiopia,Tigray,Mekele Special,2.0,2.0,Tigray,Mekele Special,418327,346097,0.0,346097.0,0.0,0.0,0.0,346097.0,0.0,346097.0,0.0,0.0,0.0,346097.0,0.0,346097.0,0.0,0.0,0.0,346097.0
1128,2012-07-01,3.0,Ethiopia,SNNP,Mirab Omo,3.0,3.0,SNNP,Mirab Omo,262515,217188,0.0,0.0,217188.0,0.0,0.0,217188.0,0.0,0.0,217188.0,0.0,0.0,217188.0,0.0,0.0,217188.0,0.0,0.0,217188.0
1129,2012-07-01,3.0,Ethiopia,Somali,Nogob,3.0,2.0,Somali,Nogob,217220,179714,0.0,0.0,179714.0,0.0,0.0,179714.0,0.0,0.0,179714.0,0.0,0.0,179714.0,0.0,179714.0,0.0,0.0,0.0,179714.0
1130,2012-07-01,3.0,Ethiopia,Amhara,North Gondar,3.0,3.0,Amhara,North Gondar,889977,736311,0.0,0.0,736311.0,0.0,0.0,736311.0,0.0,0.0,736311.0,0.0,0.0,736311.0,0.0,0.0,736311.0,0.0,0.0,736311.0
1131,2012-07-01,3.0,Ethiopia,Amhara,North Shewa,3.0,2.0,Amhara,North Shewa,2293091,1897160,0.0,0.0,1897160.0,0.0,0.0,1897160.0,0.0,0.0,1897160.0,0.0,0.0,1897160.0,0.0,1897160.0,0.0,0.0,0.0,1897160.0
1132,2012-07-01,3.0,Ethiopia,Amhara,North Wello,3.0,3.0,Amhara,North Wello,1740337,1439846,0.0,0.0,1439846.0,0.0,0.0,1439846.0,0.0,0.0,1439846.0,0.0,0.0,1439846.0,0.0,0.0,1439846.0,0.0,0.0,1439846.0
1133,2012-07-01,3.0,Ethiopia,Tigray,North Western,3.0,2.0,Tigray,North Western,893262,739029,0.0,0.0,739029.0,0.0,0.0,739029.0,0.0,0.0,739029.0,0.0,0.0,739029.0,0.0,739029.0,0.0,0.0,0.0,739029.0
1134,2012-07-01,3.0,Ethiopia,Gambela,Nuwer,3.0,2.0,Gambela,Nuwer,166901,138083,0.0,0.0,138083.0,0.0,0.0,138083.0,0.0,0.0,138083.0,0.0,0.0,138083.0,0.0,138083.0,0.0,0.0,0.0,138083.0
1135,2012-07-01,3.0,Ethiopia,Amhara,Oromia,3.0,3.0,Amhara,Oromia,569808,471423,0.0,0.0,471423.0,0.0,0.0,471423.0,0.0,0.0,471423.0,0.0,0.0,471423.0,0.0,0.0,471423.0,0.0,0.0,471423.0
1136,2012-07-01,3.0,Ethiopia,Somali,Shabelle,3.0,3.0,Somali,Shabelle,647430,535643,0.0,0.0,535643.0,0.0,0.0,535643.0,0.0,0.0,535643.0,0.0,0.0,535643.0,0.0,0.0,535643.0,0.0,0.0,535643.0
1137,2012-07-01,3.0,Ethiopia,SNNP,Sidama,3.0,2.0,SNNP,Sidama,4212331,3485020,0.0,0.0,3485020.0,0.0,0.0,3485020.0,0.0,0.0,3485020.0,0.0,0.0,3485020.0,0.0,3485020.0,0.0,0.0,0.0,3485020.0
1138,2012-07-01,3.0,Ethiopia,SNNP,Siltie,3.0,2.0,SNNP,Siltie,1051444,869899,0.0,0.0,869899.0,0.0,0.0,869899.0,0.0,0.0,869899.0,0.0,0.0,869899.0,0.0,869899.0,0.0,0.0,0.0,869899.0
1139,2012-07-01,3.0,Ethiopia,Somali,Siti,3.0,3.0,Somali,Siti,644214,532982,0.0,0.0,532982.0,0.0,0.0,532982.0,0.0,0.0,532982.0,0.0,0.0,532982.0,0.0,0.0,532982.0,0.0,0.0,532982.0
1140,2012-07-01,3.0,Ethiopia,Tigray,South Eastern,3.0,3.0,Tigray,South Eastern,528199,436999,0.0,0.0,436999.0,0.0,0.0,436999.0,0.0,0.0,436999.0,0.0,0.0,436999.0,0.0,0.0,436999.0,0.0,0.0,436999.0
1141,2012-07-01,3.0,Ethiopia,Amhara,South Gondar,3.0,3.0,Amhara,South Gondar,2526963,2090652,0.0,0.0,2090652.0,0.0,0.0,2090652.0,0.0,0.0,2090652.0,0.0,0.0,2090652.0,0.0,0.0,2090652.0,0.0,0.0,2090652.0
1142,2012-07-01,3.0,Ethiopia,SNNP,South Omo,3.0,2.0,SNNP,South Omo,754134,623923,0.0,0.0,623923.0,0.0,0.0,623923.0,0.0,0.0,623923.0,0.0,0.0,623923.0,0.0,623923.0,0.0,0.0,0.0,623923.0
1143,2012-07-01,3.0,Ethiopia,Amhara,South Wello,3.0,3.0,Amhara,South Wello,3246827,2686222,0.0,0.0,2686222.0,0.0,0.0,2686222.0,0.0,0.0,2686222.0,0.0,0.0,2686222.0,0.0,0.0,2686222.0,0.0,0.0,2686222.0
1144,2012-07-01,3.0,Ethiopia,Oromia,South West Shewa,3.0,2.0,Oromia,South West Shewa,1264234,1045948,0.0,0.0,1045948.0,0.0,0.0,1045948.0,0.0,0.0,1045948.0,0.0,0.0,1045948.0,0.0,1045948.0,0.0,0.0,0.0,1045948.0
1145,2012-07-01,3.0,Ethiopia,Tigray,Southern,3.0,3.0,Tigray,Southern,752344,622442,0.0,0.0,622442.0,0.0,0.0,622442.0,0.0,0.0,622442.0,0.0,0.0,622442.0,0.0,0.0,622442.0,0.0,0.0,622442.0
1146,2012-07-01,3.0,Ethiopia,Amhara,Wag Hamra,3.0,3.0,Amhara,Wag Hamra,516457,427284,0.0,0.0,427284.0,0.0,0.0,427284.0,0.0,0.0,427284.0,0.0,0.0,427284.0,0.0,0.0,427284.0,0.0,0.0,427284.0
1147,2012-07-01,3.0,Ethiopia,Oromia,West Arsi,3.0,2.0,Oromia,West Arsi,2868933,2373576,0.0,0.0,2373576.0,0.0,0.0,2373576.0,0.0,0.0,2373576.0,0.0,0.0,2373576.0,0.0,2373576.0,0.0,0.0,0.0,2373576.0
1148,2012-07-01,3.0,Ethiopia,Oromia,West Guji,3.0,2.0,Oromia,West Guji,1223292,1012075,0.0,0.0,1012075.0,0.0,0.0,1012075.0,0.0,0.0,1012075.0,0.0,0.0,1012075.0,0.0,1012075.0,0.0,0.0,0.0,1012075.0
1149,2012-07-01,3.0,Ethiopia,Oromia,West Hararge,3.0,3.0,Oromia,West Hararge,2568661,2125150,0.0,0.0,2125150.0,0.0,0.0,2125150.0,0.0,0.0,2125150.0,0.0,0.0,2125150.0,0.0,0.0,2125150.0,0.0,0.0,2125150.0
1150,2012-07-01,1.0,Ethiopia,Oromia,West Wellega,1.0,1.0,Oromia,West Wellega,1880222,1555578,1555578.0,0.0,0.0,0.0,0.0,1555578.0,1555578.0,0.0,0.0,0.0,0.0,1555578.0,1555578.0,0.0,0.0,0.0,0.0,1555578.0
1151,2012-07-01,2.0,Ethiopia,Tigray,Western,2.0,2.0,Tigray,Western,440553,364486,0.0,364486.0,0.0,0.0,0.0,364486.0,0.0,364486.0,0.0,0.0,0.0,364486.0,0.0,364486.0,0.0,0.0,0.0,364486.0
1152,2012-07-01,3.0,Ethiopia,SNNP,Wolayita,3.0,2.0,SNNP,Wolayita,1999292,1654089,0.0,0.0,1654089.0,0.0,0.0,1654089.0,0.0,0.0,1654089.0,0.0,0.0,1654089.0,0.0,1654089.0,0.0,0.0,0.0,1654089.0
1153,2012-07-01,3.0,Ethiopia,SNNP,Yem Special,3.0,2.0,SNNP,Yem Special,102526,84823,0.0,0.0,84823.0,0.0,0.0,84823.0,0.0,0.0,84823.0,0.0,0.0,84823.0,0.0,84823.0,0.0,0.0,0.0,84823.0
1154,2012-07-01,3.0,Ethiopia,Afar,Zone 1 (Awsi Rasu),3.0,3.0,Afar,Zone 1 (Awsi Rasu),643036,532007,0.0,0.0,532007.0,0.0,0.0,532007.0,0.0,0.0,532007.0,0.0,0.0,532007.0,0.0,0.0,532007.0,0.0,0.0,532007.0
1155,2012-07-01,3.0,Ethiopia,Afar,Zone 2 (Kilbet Rasu),3.0,3.0,Afar,Zone 2 (Kilbet Rasu),493764,408509,0.0,0.0,408509.0,0.0,0.0,408509.0,0.0,0.0,408509.0,0.0,0.0,408509.0,0.0,0.0,408509.0,0.0,0.0,408509.0
1156,2012-07-01,3.0,Ethiopia,Afar,Zone 3 (Gabi Rasu),3.0,3.0,Afar,Zone 3 (Gabi Rasu),281357,232777,0.0,0.0,232777.0,0.0,0.0,232777.0,0.0,0.0,232777.0,0.0,0.0,232777.0,0.0,0.0,232777.0,0.0,0.0,232777.0
1157,2012-07-01,3.0,Ethiopia,Afar,Zone 4 (Fantana Rasu),3.0,3.0,Afar,Zone 4 (Fantana Rasu),276855,229052,0.0,0.0,229052.0,0.0,0.0,229052.0,0.0,0.0,229052.0,0.0,0.0,229052.0,0.0,0.0,229052.0,0.0,0.0,229052.0
1158,2012-07-01,2.0,Ethiopia,Afar,Zone 5 (Hari Rasu),2.0,2.0,Afar,Zone 5 (Hari Rasu),209402,173246,0.0,173246.0,0.0,0.0,0.0,173246.0,0.0,173246.0,0.0,0.0,0.0,173246.0,0.0,173246.0,0.0,0.0,0.0,173246.0
1159,2012-07-01,3.0,Ethiopia,Gambela,Agnewak,3.0,3.0,Gambela,Agnewak,164054,135728,0.0,0.0,135728.0,0.0,0.0,135728.0,0.0,0.0,135728.0,0.0,0.0,135728.0,0.0,0.0,135728.0,0.0,0.0,135728.0
1160,2012-07-01,3.0,Ethiopia,Somali,Doolo,3.0,2.0,Somali,Doolo,425824,352300,0.0,0.0,352300.0,0.0,0.0,352300.0,0.0,0.0,352300.0,0.0,0.0,352300.0,0.0,352300.0,0.0,0.0,0.0,352300.0
1161,2012-07-01,3.0,Ethiopia,Somali,Korahe,3.0,2.0,Somali,Korahe,511890,423505,0.0,0.0,423505.0,0.0,0.0,423505.0,0.0,0.0,423505.0,0.0,0.0,423505.0,0.0,423505.0,0.0,0.0,0.0,423505.0
1162,2012-07-01,3.0,Ethiopia,Oromia,Finfine Special,3.0,2.0,Oromia,Finfine Special,1040106,860519,0.0,0.0,860519.0,0.0,0.0,860519.0,0.0,0.0,860519.0,0.0,0.0,860519.0,0.0,860519.0,0.0,0.0,0.0,860519.0
1163,2012-07-01,1.0,Ethiopia,Addis Ababa,Region 14,1.0,1.0,Addis Ababa,Region 14,3585647,2966541,2966541.0,0.0,0.0,0.0,0.0,2966541.0,2966541.0,0.0,0.0,0.0,0.0,2966541.0,2966541.0,0.0,0.0,0.0,0.0,2966541.0
1164,2012-07-01,2.0,Ethiopia,Amhara,West Gojam,2.0,1.0,Amhara,West Gojam,2894095,2394394,0.0,2394394.0,0.0,0.0,0.0,2394394.0,0.0,2394394.0,0.0,0.0,0.0,2394394.0,2394394.0,0.0,0.0,0.0,0.0,2394394.0
1165,2012-07-01,3.0,Ethiopia,SNNP,Basketo,3.0,2.0,SNNP,Basketo,75512,62473,0.0,0.0,62473.0,0.0,0.0,62473.0,0.0,0.0,62473.0,0.0,0.0,62473.0,0.0,62473.0,0.0,0.0,0.0,62473.0
1166,2012-07-01,1.0,Ethiopia,SNNP,Bench Maji,1.0,1.0,SNNP,Bench Maji,603595,499376,499376.0,0.0,0.0,0.0,0.0,499376.0,499376.0,0.0,0.0,0.0,0.0,499376.0,499376.0,0.0,0.0,0.0,0.0,499376.0
1167,2012-07-01,2.0,Ethiopia,Gambela,Etang Special woreda,2.0,2.0,Gambela,Etang Special woreda,50260,41581,0.0,41581.0,0.0,0.0,0.0,41581.0,0.0,41581.0,0.0,0.0,0.0,41581.0,0.0,41581.0,0.0,0.0,0.0,41581.0
1168,2012-07-01,1.0,Ethiopia,Oromia,Ilu Aba Bora,1.0,1.0,Oromia,Ilu Aba Bora,953178,788600,788600.0,0.0,0.0,0.0,0.0,788600.0,788600.0,0.0,0.0,0.0,0.0,788600.0,788600.0,0.0,0.0,0.0,0.0,788600.0
1169,2012-07-01,3.0,Ethiopia,SNNP,Kefa,3.0,2.0,SNNP,Kefa,1053546,871638,0.0,0.0,871638.0,0.0,0.0,871638.0,0.0,0.0,871638.0,0.0,0.0,871638.0,0.0,871638.0,0.0,0.0,0.0,871638.0
1170,2012-07-01,3.0,Ethiopia,SNNP,Konta Special,3.0,2.0,SNNP,Konta Special,119904,99201,0.0,0.0,99201.0,0.0,0.0,99201.0,0.0,0.0,99201.0,0.0,0.0,99201.0,0.0,99201.0,0.0,0.0,0.0,99201.0
1171,2012-07-01,1.0,Ethiopia,Gambela,Mejenger,1.0,1.0,Gambela,Mejenger,81617,67524,67524.0,0.0,0.0,0.0,0.0,67524.0,67524.0,0.0,0.0,0.0,0.0,67524.0,67524.0,0.0,0.0,0.0,0.0,67524.0
1172,2012-07-01,3.0,Ethiopia,Benishangul Gumz,Asosa,3.0,2.0,Benishangul Gumz,Asosa,402287,332827,0.0,0.0,332827.0,0.0,0.0,332827.0,0.0,0.0,332827.0,0.0,0.0,332827.0,0.0,332827.0,0.0,0.0,0.0,332827.0
1173,2012-07-01,,Ethiopia,Dire Dawa,Dire Dawa urban,,,Dire Dawa,Dire Dawa urban,319985,264735,0.0,0.0,0.0,0.0,0.0,0.0,0.0,0.0,0.0,0.0,0.0,0.0,0.0,0.0,0.0,0.0,0.0,0.0
1174,2012-07-01,2.0,Ethiopia,Oromia,Horo Gudru Wellega,2.0,1.0,Oromia,Horo Gudru Wellega,791731,655028,0.0,655028.0,0.0,0.0,0.0,655028.0,0.0,655028.0,0.0,0.0,0.0,655028.0,655028.0,0.0,0.0,0.0,0.0,655028.0
1175,2012-07-01,2.0,Ethiopia,Oromia,Kelem Wellega,2.0,2.0,Oromia,Kelem Wellega,1141498,944404,0.0,944404.0,0.0,0.0,0.0,944404.0,0.0,944404.0,0.0,0.0,0.0,944404.0,0.0,944404.0,0.0,0.0,0.0,944404.0
1176,2012-07-01,3.0,Ethiopia,Benishangul Gumz,Mao Komo Special,3.0,2.0,Benishangul Gumz,Mao Komo Special,70414,58256,0.0,0.0,58256.0,0.0,0.0,58256.0,0.0,0.0,58256.0,0.0,0.0,58256.0,0.0,58256.0,0.0,0.0,0.0,58256.0
1177,2012-07-01,1.0,Ethiopia,Benishangul Gumz,Metekel,1.0,1.0,Benishangul Gumz,Metekel,479162,396428,396428.0,0.0,0.0,0.0,0.0,396428.0,396428.0,0.0,0.0,0.0,0.0,396428.0,396428.0,0.0,0.0,0.0,0.0,396428.0
1178,2012-07-01,3.0,Ethiopia,Oromia,North Shewa,3.0,2.0,Oromia,North Shewa,1626893,1345990,0.0,0.0,1345990.0,0.0,0.0,1345990.0,0.0,0.0,1345990.0,0.0,0.0,1345990.0,0.0,1345990.0,0.0,0.0,0.0,1345990.0
1179,2012-07-01,1.0,Ethiopia,SNNP,Sheka,1.0,1.0,SNNP,Sheka,274212,226865,226865.0,0.0,0.0,0.0,0.0,226865.0,226865.0,0.0,0.0,0.0,0.0,226865.0,226865.0,0.0,0.0,0.0,0.0,226865.0
1180,2012-07-01,3.0,Ethiopia,Oromia,West Shewa,3.0,2.0,Oromia,West Shewa,2773901,2294953,0.0,0.0,2294953.0,0.0,0.0,2294953.0,0.0,0.0,2294953.0,0.0,0.0,2294953.0,0.0,2294953.0,0.0,0.0,0.0,2294953.0
1181,2012-07-01,2.0,Ethiopia,Amhara,Awi,2.0,1.0,Amhara,Awi,1338704,1107560,0.0,1107560.0,0.0,0.0,0.0,1107560.0,0.0,1107560.0,0.0,0.0,0.0,1107560.0,1107560.0,0.0,0.0,0.0,0.0,1107560.0
1182,2012-07-01,1.0,Ethiopia,Amhara,West Gondar,1.0,1.0,Amhara,West Gondar,381393,315540,315540.0,0.0,0.0,0.0,0.0,315540.0,315540.0,0.0,0.0,0.0,0.0,315540.0,315540.0,0.0,0.0,0.0,0.0,315540.0
1183,2012-10-01,3.0,Ethiopia,Somali,Afder,3.0,3.0,Somali,Afder,654828,541763,0.0,0.0,541763.0,0.0,0.0,541763.0,0.0,0.0,541763.0,0.0,0.0,541763.0,0.0,0.0,541763.0,0.0,0.0,541763.0
1184,2012-10-01,2.0,Ethiopia,SNNP,Alle,2.0,3.0,SNNP,Alle,81190,67171,0.0,67171.0,0.0,0.0,0.0,67171.0,0.0,67171.0,0.0,0.0,0.0,67171.0,0.0,0.0,67171.0,0.0,0.0,67171.0
1185,2012-10-01,2.0,Ethiopia,SNNP,Amaro,2.0,3.0,SNNP,Amaro,195252,161539,0.0,161539.0,0.0,0.0,0.0,161539.0,0.0,161539.0,0.0,0.0,0.0,161539.0,0.0,0.0,161539.0,0.0,0.0,161539.0
1186,2012-10-01,3.0,Ethiopia,Oromia,Arsi,3.0,3.0,Oromia,Arsi,3645492,3016053,0.0,0.0,3016053.0,0.0,0.0,3016053.0,0.0,0.0,3016053.0,0.0,0.0,3016053.0,0.0,0.0,3016053.0,0.0,0.0,3016053.0
1187,2012-10-01,3.0,Ethiopia,Oromia,Bale,3.0,3.0,Oromia,Bale,1887498,1561598,0.0,0.0,1561598.0,0.0,0.0,1561598.0,0.0,0.0,1561598.0,0.0,0.0,1561598.0,0.0,0.0,1561598.0,0.0,0.0,1561598.0
1188,2012-10-01,2.0,Ethiopia,Oromia,Borena,2.0,3.0,Oromia,Borena,545493,451306,0.0,451306.0,0.0,0.0,0.0,451306.0,0.0,451306.0,0.0,0.0,0.0,451306.0,0.0,0.0,451306.0,0.0,0.0,451306.0
1189,2012-10-01,1.0,Ethiopia,Oromia,Buno Bedele,1.0,1.0,Oromia,Buno Bedele,809088,669389,669389.0,0.0,0.0,0.0,0.0,669389.0,669389.0,0.0,0.0,0.0,0.0,669389.0,669389.0,0.0,0.0,0.0,0.0,669389.0
1190,2012-10-01,2.0,Ethiopia,SNNP,Burji,2.0,3.0,SNNP,Burji,71728,59343,0.0,59343.0,0.0,0.0,0.0,59343.0,0.0,59343.0,0.0,0.0,0.0,59343.0,0.0,0.0,59343.0,0.0,0.0,59343.0
1191,2012-10-01,3.0,Ethiopia,Tigray,Central,3.0,3.0,Tigray,Central,1384454,1145411,0.0,0.0,1145411.0,0.0,0.0,1145411.0,0.0,0.0,1145411.0,0.0,0.0,1145411.0,0.0,0.0,1145411.0,0.0,0.0,1145411.0
1192,2012-10-01,3.0,Ethiopia,Amhara,Central Gondar,3.0,3.0,Amhara,Central Gondar,2719899,2250275,0.0,0.0,2250275.0,0.0,0.0,2250275.0,0.0,0.0,2250275.0,0.0,0.0,2250275.0,0.0,0.0,2250275.0,0.0,0.0,2250275.0
1193,2012-10-01,3.0,Ethiopia,Somali,Daawa,3.0,3.0,Somali,Daawa,457130,378200,0.0,0.0,378200.0,0.0,0.0,378200.0,0.0,0.0,378200.0,0.0,0.0,378200.0,0.0,0.0,378200.0,0.0,0.0,378200.0
1194,2012-10-01,2.0,Ethiopia,SNNP,Dawuro,2.0,3.0,SNNP,Dawuro,643931,532748,0.0,532748.0,0.0,0.0,0.0,532748.0,0.0,532748.0,0.0,0.0,0.0,532748.0,0.0,0.0,532748.0,0.0,0.0,532748.0
1195,2012-10-01,2.0,Ethiopia,SNNP,Derashe,2.0,3.0,SNNP,Derashe,107301,88774,0.0,88774.0,0.0,0.0,0.0,88774.0,0.0,88774.0,0.0,0.0,0.0,88774.0,0.0,0.0,88774.0,0.0,0.0,88774.0
1196,2012-10-01,3.0,Ethiopia,Dire Dawa,Dire Dawa rural,3.0,3.0,Dire Dawa,Dire Dawa rural,188933,156311,0.0,0.0,156311.0,0.0,0.0,156311.0,0.0,0.0,156311.0,0.0,0.0,156311.0,0.0,0.0,156311.0,0.0,0.0,156311.0
1197,2012-10-01,2.0,Ethiopia,Amhara,East Gojam,2.0,2.0,Amhara,East Gojam,2672621,2211160,0.0,2211160.0,0.0,0.0,0.0,2211160.0,0.0,2211160.0,0.0,0.0,0.0,2211160.0,0.0,2211160.0,0.0,0.0,0.0,2211160.0
1198,2012-10-01,3.0,Ethiopia,Oromia,East Hararge,3.0,3.0,Oromia,East Hararge,3739861,3094128,0.0,0.0,3094128.0,0.0,0.0,3094128.0,0.0,0.0,3094128.0,0.0,0.0,3094128.0,0.0,0.0,3094128.0,0.0,0.0,3094128.0
1199,2012-10-01,2.0,Ethiopia,Oromia,East Shewa,2.0,3.0,Oromia,East Shewa,2234419,1848619,0.0,1848619.0,0.0,0.0,0.0,1848619.0,0.0,1848619.0,0.0,0.0,0.0,1848619.0,0.0,0.0,1848619.0,0.0,0.0,1848619.0
1200,2012-10-01,1.0,Ethiopia,Oromia,East Wellega,1.0,1.0,Oromia,East Wellega,1693681,1401246,1401246.0,0.0,0.0,0.0,0.0,1401246.0,1401246.0,0.0,0.0,0.0,0.0,1401246.0,1401246.0,0.0,0.0,0.0,0.0,1401246.0
1201,2012-10-01,3.0,Ethiopia,Tigray,Eastern,3.0,3.0,Tigray,Eastern,940053,777741,0.0,0.0,777741.0,0.0,0.0,777741.0,0.0,0.0,777741.0,0.0,0.0,777741.0,0.0,0.0,777741.0,0.0,0.0,777741.0
1202,2012-10-01,2.0,Ethiopia,Somali,Erer,2.0,3.0,Somali,Erer,268901,222471,0.0,222471.0,0.0,0.0,0.0,222471.0,0.0,222471.0,0.0,0.0,0.0,222471.0,0.0,0.0,222471.0,0.0,0.0,222471.0
1203,2012-10-01,3.0,Ethiopia,Somali,Fafan,3.0,3.0,Somali,Fafan,1242707,1028138,0.0,0.0,1028138.0,0.0,0.0,1028138.0,0.0,0.0,1028138.0,0.0,0.0,1028138.0,0.0,0.0,1028138.0,0.0,0.0,1028138.0
1204,2012-10-01,2.0,Ethiopia,SNNP,Gamo,2.0,3.0,SNNP,Gamo,1462777,1210210,0.0,1210210.0,0.0,0.0,0.0,1210210.0,0.0,1210210.0,0.0,0.0,0.0,1210210.0,0.0,0.0,1210210.0,0.0,0.0,1210210.0
1205,2012-10-01,2.0,Ethiopia,SNNP,Gedeo,2.0,3.0,SNNP,Gedeo,1131834,936409,0.0,936409.0,0.0,0.0,0.0,936409.0,0.0,936409.0,0.0,0.0,0.0,936409.0,0.0,0.0,936409.0,0.0,0.0,936409.0
1206,2012-10-01,2.0,Ethiopia,SNNP,Gofa,2.0,3.0,SNNP,Gofa,623589,515918,0.0,515918.0,0.0,0.0,0.0,515918.0,0.0,515918.0,0.0,0.0,0.0,515918.0,0.0,0.0,515918.0,0.0,0.0,515918.0
1207,2012-10-01,2.0,Ethiopia,Oromia,Guji,2.0,3.0,Oromia,Guji,1482472,1226505,0.0,1226505.0,0.0,0.0,0.0,1226505.0,0.0,1226505.0,0.0,0.0,0.0,1226505.0,0.0,0.0,1226505.0,0.0,0.0,1226505.0
1208,2012-10-01,2.0,Ethiopia,SNNP,Guraghe,2.0,3.0,SNNP,Guraghe,1882107,1557138,0.0,1557138.0,0.0,0.0,0.0,1557138.0,0.0,1557138.0,0.0,0.0,0.0,1557138.0,0.0,0.0,1557138.0,0.0,0.0,1557138.0
1209,2012-10-01,2.0,Ethiopia,SNNP,Hadiya,2.0,3.0,SNNP,Hadiya,1700138,1406588,0.0,1406588.0,0.0,0.0,0.0,1406588.0,0.0,1406588.0,0.0,0.0,0.0,1406588.0,0.0,0.0,1406588.0,0.0,0.0,1406588.0
1210,2012-10-01,2.0,Ethiopia,SNNP,Halaba Special,2.0,3.0,SNNP,Halaba Special,658130,544495,0.0,544495.0,0.0,0.0,0.0,544495.0,0.0,544495.0,0.0,0.0,0.0,544495.0,0.0,0.0,544495.0,0.0,0.0,544495.0
1211,2012-10-01,3.0,Ethiopia,Harari,Harari,3.0,3.0,Harari,Harari,260022,215126,0.0,0.0,215126.0,0.0,0.0,215126.0,0.0,0.0,215126.0,0.0,0.0,215126.0,0.0,0.0,215126.0,0.0,0.0,215126.0
1212,2012-10-01,2.0,Ethiopia,Somali,Jarar,2.0,2.0,Somali,Jarar,641077,530387,0.0,530387.0,0.0,0.0,0.0,530387.0,0.0,530387.0,0.0,0.0,0.0,530387.0,0.0,530387.0,0.0,0.0,0.0,530387.0
1213,2012-10-01,2.0,Ethiopia,Oromia,Jimma,2.0,2.0,Oromia,Jimma,3672640,3038513,0.0,3038513.0,0.0,0.0,0.0,3038513.0,0.0,3038513.0,0.0,0.0,0.0,3038513.0,0.0,3038513.0,0.0,0.0,0.0,3038513.0
1214,2012-10-01,2.0,Ethiopia,Benishangul Gumz,Kemashi,2.0,2.0,Benishangul Gumz,Kemashi,150986,124916,0.0,124916.0,0.0,0.0,0.0,124916.0,0.0,124916.0,0.0,0.0,0.0,124916.0,0.0,124916.0,0.0,0.0,0.0,124916.0
1215,2012-10-01,2.0,Ethiopia,SNNP,Kembata Tibaro,2.0,3.0,SNNP,Kembata Tibaro,911347,753991,0.0,753991.0,0.0,0.0,0.0,753991.0,0.0,753991.0,0.0,0.0,0.0,753991.0,0.0,0.0,753991.0,0.0,0.0,753991.0
1216,2012-10-01,2.0,Ethiopia,SNNP,Konso,2.0,3.0,SNNP,Konso,284360,235261,0.0,235261.0,0.0,0.0,0.0,235261.0,0.0,235261.0,0.0,0.0,0.0,235261.0,0.0,0.0,235261.0,0.0,0.0,235261.0
1217,2012-10-01,3.0,Ethiopia,Somali,Liban,3.0,3.0,Somali,Liban,505190,417962,0.0,0.0,417962.0,0.0,0.0,417962.0,0.0,0.0,417962.0,0.0,0.0,417962.0,0.0,0.0,417962.0,0.0,0.0,417962.0
1218,2012-10-01,2.0,Ethiopia,Tigray,Mekele Special,2.0,3.0,Tigray,Mekele Special,418327,346097,0.0,346097.0,0.0,0.0,0.0,346097.0,0.0,346097.0,0.0,0.0,0.0,346097.0,0.0,0.0,346097.0,0.0,0.0,346097.0
1219,2012-10-01,3.0,Ethiopia,SNNP,Mirab Omo,3.0,3.0,SNNP,Mirab Omo,262515,217188,0.0,0.0,217188.0,0.0,0.0,217188.0,0.0,0.0,217188.0,0.0,0.0,217188.0,0.0,0.0,217188.0,0.0,0.0,217188.0
1220,2012-10-01,2.0,Ethiopia,Somali,Nogob,2.0,2.0,Somali,Nogob,217220,179714,0.0,179714.0,0.0,0.0,0.0,179714.0,0.0,179714.0,0.0,0.0,0.0,179714.0,0.0,179714.0,0.0,0.0,0.0,179714.0
1221,2012-10-01,3.0,Ethiopia,Amhara,North Gondar,3.0,3.0,Amhara,North Gondar,889977,736311,0.0,0.0,736311.0,0.0,0.0,736311.0,0.0,0.0,736311.0,0.0,0.0,736311.0,0.0,0.0,736311.0,0.0,0.0,736311.0
1222,2012-10-01,2.0,Ethiopia,Amhara,North Shewa,2.0,2.0,Amhara,North Shewa,2293091,1897160,0.0,1897160.0,0.0,0.0,0.0,1897160.0,0.0,1897160.0,0.0,0.0,0.0,1897160.0,0.0,1897160.0,0.0,0.0,0.0,1897160.0
1223,2012-10-01,3.0,Ethiopia,Amhara,North Wello,3.0,3.0,Amhara,North Wello,1740337,1439846,0.0,0.0,1439846.0,0.0,0.0,1439846.0,0.0,0.0,1439846.0,0.0,0.0,1439846.0,0.0,0.0,1439846.0,0.0,0.0,1439846.0
1224,2012-10-01,2.0,Ethiopia,Tigray,North Western,2.0,3.0,Tigray,North Western,893262,739029,0.0,739029.0,0.0,0.0,0.0,739029.0,0.0,739029.0,0.0,0.0,0.0,739029.0,0.0,0.0,739029.0,0.0,0.0,739029.0
1225,2012-10-01,2.0,Ethiopia,Gambela,Nuwer,2.0,2.0,Gambela,Nuwer,166901,138083,0.0,138083.0,0.0,0.0,0.0,138083.0,0.0,138083.0,0.0,0.0,0.0,138083.0,0.0,138083.0,0.0,0.0,0.0,138083.0
1226,2012-10-01,3.0,Ethiopia,Amhara,Oromia,3.0,3.0,Amhara,Oromia,569808,471423,0.0,0.0,471423.0,0.0,0.0,471423.0,0.0,0.0,471423.0,0.0,0.0,471423.0,0.0,0.0,471423.0,0.0,0.0,471423.0
1227,2012-10-01,3.0,Ethiopia,Somali,Shabelle,3.0,3.0,Somali,Shabelle,647430,535643,0.0,0.0,535643.0,0.0,0.0,535643.0,0.0,0.0,535643.0,0.0,0.0,535643.0,0.0,0.0,535643.0,0.0,0.0,535643.0
1228,2012-10-01,2.0,Ethiopia,SNNP,Sidama,2.0,3.0,SNNP,Sidama,4212331,3485020,0.0,3485020.0,0.0,0.0,0.0,3485020.0,0.0,3485020.0,0.0,0.0,0.0,3485020.0,0.0,0.0,3485020.0,0.0,0.0,3485020.0
1229,2012-10-01,2.0,Ethiopia,SNNP,Siltie,2.0,3.0,SNNP,Siltie,1051444,869899,0.0,869899.0,0.0,0.0,0.0,869899.0,0.0,869899.0,0.0,0.0,0.0,869899.0,0.0,0.0,869899.0,0.0,0.0,869899.0
1230,2012-10-01,3.0,Ethiopia,Somali,Siti,3.0,3.0,Somali,Siti,644214,532982,0.0,0.0,532982.0,0.0,0.0,532982.0,0.0,0.0,532982.0,0.0,0.0,532982.0,0.0,0.0,532982.0,0.0,0.0,532982.0
1231,2012-10-01,3.0,Ethiopia,Tigray,South Eastern,3.0,3.0,Tigray,South Eastern,528199,436999,0.0,0.0,436999.0,0.0,0.0,436999.0,0.0,0.0,436999.0,0.0,0.0,436999.0,0.0,0.0,436999.0,0.0,0.0,436999.0
1232,2012-10-01,3.0,Ethiopia,Amhara,South Gondar,3.0,3.0,Amhara,South Gondar,2526963,2090652,0.0,0.0,2090652.0,0.0,0.0,2090652.0,0.0,0.0,2090652.0,0.0,0.0,2090652.0,0.0,0.0,2090652.0,0.0,0.0,2090652.0
1233,2012-10-01,2.0,Ethiopia,SNNP,South Omo,2.0,3.0,SNNP,South Omo,754134,623923,0.0,623923.0,0.0,0.0,0.0,623923.0,0.0,623923.0,0.0,0.0,0.0,623923.0,0.0,0.0,623923.0,0.0,0.0,623923.0
1234,2012-10-01,3.0,Ethiopia,Amhara,South Wello,3.0,3.0,Amhara,South Wello,3246827,2686222,0.0,0.0,2686222.0,0.0,0.0,2686222.0,0.0,0.0,2686222.0,0.0,0.0,2686222.0,0.0,0.0,2686222.0,0.0,0.0,2686222.0
1235,2012-10-01,2.0,Ethiopia,Oromia,South West Shewa,2.0,3.0,Oromia,South West Shewa,1264234,1045948,0.0,1045948.0,0.0,0.0,0.0,1045948.0,0.0,1045948.0,0.0,0.0,0.0,1045948.0,0.0,0.0,1045948.0,0.0,0.0,1045948.0
1236,2012-10-01,3.0,Ethiopia,Tigray,Southern,3.0,3.0,Tigray,Southern,752344,622442,0.0,0.0,622442.0,0.0,0.0,622442.0,0.0,0.0,622442.0,0.0,0.0,622442.0,0.0,0.0,622442.0,0.0,0.0,622442.0
1237,2012-10-01,3.0,Ethiopia,Amhara,Wag Hamra,3.0,3.0,Amhara,Wag Hamra,516457,427284,0.0,0.0,427284.0,0.0,0.0,427284.0,0.0,0.0,427284.0,0.0,0.0,427284.0,0.0,0.0,427284.0,0.0,0.0,427284.0
1238,2012-10-01,2.0,Ethiopia,Oromia,West Arsi,2.0,3.0,Oromia,West Arsi,2868933,2373576,0.0,2373576.0,0.0,0.0,0.0,2373576.0,0.0,2373576.0,0.0,0.0,0.0,2373576.0,0.0,0.0,2373576.0,0.0,0.0,2373576.0
1239,2012-10-01,2.0,Ethiopia,Oromia,West Guji,2.0,3.0,Oromia,West Guji,1223292,1012075,0.0,1012075.0,0.0,0.0,0.0,1012075.0,0.0,1012075.0,0.0,0.0,0.0,1012075.0,0.0,0.0,1012075.0,0.0,0.0,1012075.0
1240,2012-10-01,3.0,Ethiopia,Oromia,West Hararge,3.0,3.0,Oromia,West Hararge,2568661,2125150,0.0,0.0,2125150.0,0.0,0.0,2125150.0,0.0,0.0,2125150.0,0.0,0.0,2125150.0,0.0,0.0,2125150.0,0.0,0.0,2125150.0
1241,2012-10-01,1.0,Ethiopia,Oromia,West Wellega,1.0,1.0,Oromia,West Wellega,1880222,1555578,1555578.0,0.0,0.0,0.0,0.0,1555578.0,1555578.0,0.0,0.0,0.0,0.0,1555578.0,1555578.0,0.0,0.0,0.0,0.0,1555578.0
1242,2012-10-01,2.0,Ethiopia,Tigray,Western,2.0,3.0,Tigray,Western,440553,364486,0.0,364486.0,0.0,0.0,0.0,364486.0,0.0,364486.0,0.0,0.0,0.0,364486.0,0.0,0.0,364486.0,0.0,0.0,364486.0
1243,2012-10-01,2.0,Ethiopia,SNNP,Wolayita,2.0,3.0,SNNP,Wolayita,1999292,1654089,0.0,1654089.0,0.0,0.0,0.0,1654089.0,0.0,1654089.0,0.0,0.0,0.0,1654089.0,0.0,0.0,1654089.0,0.0,0.0,1654089.0
1244,2012-10-01,2.0,Ethiopia,SNNP,Yem Special,2.0,2.0,SNNP,Yem Special,102526,84823,0.0,84823.0,0.0,0.0,0.0,84823.0,0.0,84823.0,0.0,0.0,0.0,84823.0,0.0,84823.0,0.0,0.0,0.0,84823.0
1245,2012-10-01,3.0,Ethiopia,Afar,Zone 1 (Awsi Rasu),3.0,3.0,Afar,Zone 1 (Awsi Rasu),643036,532007,0.0,0.0,532007.0,0.0,0.0,532007.0,0.0,0.0,532007.0,0.0,0.0,532007.0,0.0,0.0,532007.0,0.0,0.0,532007.0
1246,2012-10-01,3.0,Ethiopia,Afar,Zone 2 (Kilbet Rasu),3.0,3.0,Afar,Zone 2 (Kilbet Rasu),493764,408509,0.0,0.0,408509.0,0.0,0.0,408509.0,0.0,0.0,408509.0,0.0,0.0,408509.0,0.0,0.0,408509.0,0.0,0.0,408509.0
1247,2012-10-01,3.0,Ethiopia,Afar,Zone 3 (Gabi Rasu),3.0,3.0,Afar,Zone 3 (Gabi Rasu),281357,232777,0.0,0.0,232777.0,0.0,0.0,232777.0,0.0,0.0,232777.0,0.0,0.0,232777.0,0.0,0.0,232777.0,0.0,0.0,232777.0
1248,2012-10-01,3.0,Ethiopia,Afar,Zone 4 (Fantana Rasu),3.0,3.0,Afar,Zone 4 (Fantana Rasu),276855,229052,0.0,0.0,229052.0,0.0,0.0,229052.0,0.0,0.0,229052.0,0.0,0.0,229052.0,0.0,0.0,229052.0,0.0,0.0,229052.0
1249,2012-10-01,2.0,Ethiopia,Afar,Zone 5 (Hari Rasu),2.0,3.0,Afar,Zone 5 (Hari Rasu),209402,173246,0.0,173246.0,0.0,0.0,0.0,173246.0,0.0,173246.0,0.0,0.0,0.0,173246.0,0.0,0.0,173246.0,0.0,0.0,173246.0
1250,2012-10-01,3.0,Ethiopia,Gambela,Agnewak,3.0,3.0,Gambela,Agnewak,164054,135728,0.0,0.0,135728.0,0.0,0.0,135728.0,0.0,0.0,135728.0,0.0,0.0,135728.0,0.0,0.0,135728.0,0.0,0.0,135728.0
1251,2012-10-01,2.0,Ethiopia,Somali,Doolo,2.0,3.0,Somali,Doolo,425824,352300,0.0,352300.0,0.0,0.0,0.0,352300.0,0.0,352300.0,0.0,0.0,0.0,352300.0,0.0,0.0,352300.0,0.0,0.0,352300.0
1252,2012-10-01,2.0,Ethiopia,Somali,Korahe,2.0,3.0,Somali,Korahe,511890,423505,0.0,423505.0,0.0,0.0,0.0,423505.0,0.0,423505.0,0.0,0.0,0.0,423505.0,0.0,0.0,423505.0,0.0,0.0,423505.0
1253,2012-10-01,2.0,Ethiopia,Oromia,Finfine Special,2.0,2.0,Oromia,Finfine Special,1040106,860519,0.0,860519.0,0.0,0.0,0.0,860519.0,0.0,860519.0,0.0,0.0,0.0,860519.0,0.0,860519.0,0.0,0.0,0.0,860519.0
1254,2012-10-01,1.0,Ethiopia,Addis Ababa,Region 14,1.0,1.0,Addis Ababa,Region 14,3585647,2966541,2966541.0,0.0,0.0,0.0,0.0,2966541.0,2966541.0,0.0,0.0,0.0,0.0,2966541.0,2966541.0,0.0,0.0,0.0,0.0,2966541.0
1255,2012-10-01,1.0,Ethiopia,Amhara,West Gojam,1.0,1.0,Amhara,West Gojam,2894095,2394394,2394394.0,0.0,0.0,0.0,0.0,2394394.0,2394394.0,0.0,0.0,0.0,0.0,2394394.0,2394394.0,0.0,0.0,0.0,0.0,2394394.0
1256,2012-10-01,2.0,Ethiopia,SNNP,Basketo,2.0,2.0,SNNP,Basketo,75512,62473,0.0,62473.0,0.0,0.0,0.0,62473.0,0.0,62473.0,0.0,0.0,0.0,62473.0,0.0,62473.0,0.0,0.0,0.0,62473.0
1257,2012-10-01,1.0,Ethiopia,SNNP,Bench Maji,1.0,1.0,SNNP,Bench Maji,603595,499376,499376.0,0.0,0.0,0.0,0.0,499376.0,499376.0,0.0,0.0,0.0,0.0,499376.0,499376.0,0.0,0.0,0.0,0.0,499376.0
1258,2012-10-01,2.0,Ethiopia,Gambela,Etang Special woreda,2.0,2.0,Gambela,Etang Special woreda,50260,41581,0.0,41581.0,0.0,0.0,0.0,41581.0,0.0,41581.0,0.0,0.0,0.0,41581.0,0.0,41581.0,0.0,0.0,0.0,41581.0
1259,2012-10-01,1.0,Ethiopia,Oromia,Ilu Aba Bora,1.0,1.0,Oromia,Ilu Aba Bora,953178,788600,788600.0,0.0,0.0,0.0,0.0,788600.0,788600.0,0.0,0.0,0.0,0.0,788600.0,788600.0,0.0,0.0,0.0,0.0,788600.0
1260,2012-10-01,2.0,Ethiopia,SNNP,Kefa,2.0,2.0,SNNP,Kefa,1053546,871638,0.0,871638.0,0.0,0.0,0.0,871638.0,0.0,871638.0,0.0,0.0,0.0,871638.0,0.0,871638.0,0.0,0.0,0.0,871638.0
1261,2012-10-01,2.0,Ethiopia,SNNP,Konta Special,2.0,2.0,SNNP,Konta Special,119904,99201,0.0,99201.0,0.0,0.0,0.0,99201.0,0.0,99201.0,0.0,0.0,0.0,99201.0,0.0,99201.0,0.0,0.0,0.0,99201.0
1262,2012-10-01,1.0,Ethiopia,Gambela,Mejenger,1.0,1.0,Gambela,Mejenger,81617,67524,67524.0,0.0,0.0,0.0,0.0,67524.0,67524.0,0.0,0.0,0.0,0.0,67524.0,67524.0,0.0,0.0,0.0,0.0,67524.0
1263,2012-10-01,2.0,Ethiopia,Benishangul Gumz,Asosa,2.0,2.0,Benishangul Gumz,Asosa,402287,332827,0.0,332827.0,0.0,0.0,0.0,332827.0,0.0,332827.0,0.0,0.0,0.0,332827.0,0.0,332827.0,0.0,0.0,0.0,332827.0
1264,2012-10-01,2.0,Ethiopia,Dire Dawa,Dire Dawa urban,2.0,3.0,Dire Dawa,Dire Dawa urban,319985,264735,0.0,264735.0,0.0,0.0,0.0,264735.0,0.0,264735.0,0.0,0.0,0.0,264735.0,0.0,0.0,264735.0,0.0,0.0,264735.0
1265,2012-10-01,1.0,Ethiopia,Oromia,Horo Gudru Wellega,1.0,1.0,Oromia,Horo Gudru Wellega,791731,655028,655028.0,0.0,0.0,0.0,0.0,655028.0,655028.0,0.0,0.0,0.0,0.0,655028.0,655028.0,0.0,0.0,0.0,0.0,655028.0
1266,2012-10-01,2.0,Ethiopia,Oromia,Kelem Wellega,2.0,2.0,Oromia,Kelem Wellega,1141498,944404,0.0,944404.0,0.0,0.0,0.0,944404.0,0.0,944404.0,0.0,0.0,0.0,944404.0,0.0,944404.0,0.0,0.0,0.0,944404.0
1267,2012-10-01,2.0,Ethiopia,Benishangul Gumz,Mao Komo Special,2.0,2.0,Benishangul Gumz,Mao Komo Special,70414,58256,0.0,58256.0,0.0,0.0,0.0,58256.0,0.0,58256.0,0.0,0.0,0.0,58256.0,0.0,58256.0,0.0,0.0,0.0,58256.0
1268,2012-10-01,1.0,Ethiopia,Benishangul Gumz,Metekel,1.0,1.0,Benishangul Gumz,Metekel,479162,396428,396428.0,0.0,0.0,0.0,0.0,396428.0,396428.0,0.0,0.0,0.0,0.0,396428.0,396428.0,0.0,0.0,0.0,0.0,396428.0
1269,2012-10-01,2.0,Ethiopia,Oromia,North Shewa,2.0,2.0,Oromia,North Shewa,1626893,1345990,0.0,1345990.0,0.0,0.0,0.0,1345990.0,0.0,1345990.0,0.0,0.0,0.0,1345990.0,0.0,1345990.0,0.0,0.0,0.0,1345990.0
1270,2012-10-01,1.0,Ethiopia,SNNP,Sheka,1.0,1.0,SNNP,Sheka,274212,226865,226865.0,0.0,0.0,0.0,0.0,226865.0,226865.0,0.0,0.0,0.0,0.0,226865.0,226865.0,0.0,0.0,0.0,0.0,226865.0
1271,2012-10-01,2.0,Ethiopia,Oromia,West Shewa,2.0,2.0,Oromia,West Shewa,2773901,2294953,0.0,2294953.0,0.0,0.0,0.0,2294953.0,0.0,2294953.0,0.0,0.0,0.0,2294953.0,0.0,2294953.0,0.0,0.0,0.0,2294953.0
1272,2012-10-01,1.0,Ethiopia,Amhara,Awi,1.0,1.0,Amhara,Awi,1338704,1107560,1107560.0,0.0,0.0,0.0,0.0,1107560.0,1107560.0,0.0,0.0,0.0,0.0,1107560.0,1107560.0,0.0,0.0,0.0,0.0,1107560.0
1273,2012-10-01,1.0,Ethiopia,Amhara,West Gondar,1.0,1.0,Amhara,West Gondar,381393,315540,315540.0,0.0,0.0,0.0,0.0,315540.0,315540.0,0.0,0.0,0.0,0.0,315540.0,315540.0,0.0,0.0,0.0,0.0,315540.0
1274,2013-01-01,3.0,Ethiopia,Somali,Afder,3.0,3.0,Somali,Afder,654828,557298,0.0,0.0,557298.0,0.0,0.0,557298.0,0.0,0.0,557298.0,0.0,0.0,557298.0,0.0,0.0,557298.0,0.0,0.0,557298.0
1275,2013-01-01,2.0,Ethiopia,SNNP,Alle,3.0,3.0,SNNP,Alle,81190,69097,0.0,69097.0,0.0,0.0,0.0,69097.0,0.0,0.0,69097.0,0.0,0.0,69097.0,0.0,0.0,69097.0,0.0,0.0,69097.0
1276,2013-01-01,2.0,Ethiopia,SNNP,Amaro,3.0,3.0,SNNP,Amaro,195252,166171,0.0,166171.0,0.0,0.0,0.0,166171.0,0.0,0.0,166171.0,0.0,0.0,166171.0,0.0,0.0,166171.0,0.0,0.0,166171.0
1277,2013-01-01,3.0,Ethiopia,Oromia,Arsi,3.0,3.0,Oromia,Arsi,3645492,3102534,0.0,0.0,3102534.0,0.0,0.0,3102534.0,0.0,0.0,3102534.0,0.0,0.0,3102534.0,0.0,0.0,3102534.0,0.0,0.0,3102534.0
1278,2013-01-01,3.0,Ethiopia,Oromia,Bale,3.0,3.0,Oromia,Bale,1887498,1606375,0.0,0.0,1606375.0,0.0,0.0,1606375.0,0.0,0.0,1606375.0,0.0,0.0,1606375.0,0.0,0.0,1606375.0,0.0,0.0,1606375.0
1279,2013-01-01,3.0,Ethiopia,Oromia,Borena,3.0,3.0,Oromia,Borena,545493,464247,0.0,0.0,464247.0,0.0,0.0,464247.0,0.0,0.0,464247.0,0.0,0.0,464247.0,0.0,0.0,464247.0,0.0,0.0,464247.0
1280,2013-01-01,1.0,Ethiopia,Oromia,Buno Bedele,2.0,2.0,Oromia,Buno Bedele,809088,688582,688582.0,0.0,0.0,0.0,0.0,688582.0,0.0,688582.0,0.0,0.0,0.0,688582.0,0.0,688582.0,0.0,0.0,0.0,688582.0
1281,2013-01-01,2.0,Ethiopia,SNNP,Burji,3.0,3.0,SNNP,Burji,71728,61044,0.0,61044.0,0.0,0.0,0.0,61044.0,0.0,0.0,61044.0,0.0,0.0,61044.0,0.0,0.0,61044.0,0.0,0.0,61044.0
1282,2013-01-01,2.0,Ethiopia,Tigray,Central,3.0,3.0,Tigray,Central,1384454,1178254,0.0,1178254.0,0.0,0.0,0.0,1178254.0,0.0,0.0,1178254.0,0.0,0.0,1178254.0,0.0,0.0,1178254.0,0.0,0.0,1178254.0
1283,2013-01-01,3.0,Ethiopia,Amhara,Central Gondar,3.0,3.0,Amhara,Central Gondar,2719899,2314798,0.0,0.0,2314798.0,0.0,0.0,2314798.0,0.0,0.0,2314798.0,0.0,0.0,2314798.0,0.0,0.0,2314798.0,0.0,0.0,2314798.0
1284,2013-01-01,3.0,Ethiopia,Somali,Daawa,3.0,3.0,Somali,Daawa,457130,389045,0.0,0.0,389045.0,0.0,0.0,389045.0,0.0,0.0,389045.0,0.0,0.0,389045.0,0.0,0.0,389045.0,0.0,0.0,389045.0
1285,2013-01-01,2.0,Ethiopia,SNNP,Dawuro,3.0,3.0,SNNP,Dawuro,643931,548024,0.0,548024.0,0.0,0.0,0.0,548024.0,0.0,0.0,548024.0,0.0,0.0,548024.0,0.0,0.0,548024.0,0.0,0.0,548024.0
1286,2013-01-01,2.0,Ethiopia,SNNP,Derashe,3.0,3.0,SNNP,Derashe,107301,91319,0.0,91319.0,0.0,0.0,0.0,91319.0,0.0,0.0,91319.0,0.0,0.0,91319.0,0.0,0.0,91319.0,0.0,0.0,91319.0
1287,2013-01-01,3.0,Ethiopia,Dire Dawa,Dire Dawa rural,3.0,3.0,Dire Dawa,Dire Dawa rural,188933,160793,0.0,0.0,160793.0,0.0,0.0,160793.0,0.0,0.0,160793.0,0.0,0.0,160793.0,0.0,0.0,160793.0,0.0,0.0,160793.0
1288,2013-01-01,2.0,Ethiopia,Amhara,East Gojam,3.0,3.0,Amhara,East Gojam,2672621,2274562,0.0,2274562.0,0.0,0.0,0.0,2274562.0,0.0,0.0,2274562.0,0.0,0.0,2274562.0,0.0,0.0,2274562.0,0.0,0.0,2274562.0
1289,2013-01-01,3.0,Ethiopia,Oromia,East Hararge,3.0,3.0,Oromia,East Hararge,3739861,3182848,0.0,0.0,3182848.0,0.0,0.0,3182848.0,0.0,0.0,3182848.0,0.0,0.0,3182848.0,0.0,0.0,3182848.0,0.0,0.0,3182848.0
1290,2013-01-01,3.0,Ethiopia,Oromia,East Shewa,3.0,3.0,Oromia,East Shewa,2234419,1901625,0.0,0.0,1901625.0,0.0,0.0,1901625.0,0.0,0.0,1901625.0,0.0,0.0,1901625.0,0.0,0.0,1901625.0,0.0,0.0,1901625.0
1291,2013-01-01,2.0,Ethiopia,Oromia,East Wellega,2.0,2.0,Oromia,East Wellega,1693681,1441425,0.0,1441425.0,0.0,0.0,0.0,1441425.0,0.0,1441425.0,0.0,0.0,0.0,1441425.0,0.0,1441425.0,0.0,0.0,0.0,1441425.0
1292,2013-01-01,3.0,Ethiopia,Tigray,Eastern,3.0,3.0,Tigray,Eastern,940053,800042,0.0,0.0,800042.0,0.0,0.0,800042.0,0.0,0.0,800042.0,0.0,0.0,800042.0,0.0,0.0,800042.0,0.0,0.0,800042.0
1293,2013-01-01,3.0,Ethiopia,Somali,Erer,3.0,3.0,Somali,Erer,268901,228851,0.0,0.0,228851.0,0.0,0.0,228851.0,0.0,0.0,228851.0,0.0,0.0,228851.0,0.0,0.0,228851.0,0.0,0.0,228851.0
1294,2013-01-01,3.0,Ethiopia,Somali,Fafan,3.0,3.0,Somali,Fafan,1242707,1057618,0.0,0.0,1057618.0,0.0,0.0,1057618.0,0.0,0.0,1057618.0,0.0,0.0,1057618.0,0.0,0.0,1057618.0,0.0,0.0,1057618.0
1295,2013-01-01,2.0,Ethiopia,SNNP,Gamo,3.0,3.0,SNNP,Gamo,1462777,1244911,0.0,1244911.0,0.0,0.0,0.0,1244911.0,0.0,0.0,1244911.0,0.0,0.0,1244911.0,0.0,0.0,1244911.0,0.0,0.0,1244911.0
1296,2013-01-01,2.0,Ethiopia,SNNP,Gedeo,3.0,3.0,SNNP,Gedeo,1131834,963259,0.0,963259.0,0.0,0.0,0.0,963259.0,0.0,0.0,963259.0,0.0,0.0,963259.0,0.0,0.0,963259.0,0.0,0.0,963259.0
1297,2013-01-01,2.0,Ethiopia,SNNP,Gofa,3.0,3.0,SNNP,Gofa,623589,530711,0.0,530711.0,0.0,0.0,0.0,530711.0,0.0,0.0,530711.0,0.0,0.0,530711.0,0.0,0.0,530711.0,0.0,0.0,530711.0
1298,2013-01-01,2.0,Ethiopia,Oromia,Guji,3.0,3.0,Oromia,Guji,1482472,1261673,0.0,1261673.0,0.0,0.0,0.0,1261673.0,0.0,0.0,1261673.0,0.0,0.0,1261673.0,0.0,0.0,1261673.0,0.0,0.0,1261673.0
1299,2013-01-01,2.0,Ethiopia,SNNP,Guraghe,3.0,3.0,SNNP,Guraghe,1882107,1601787,0.0,1601787.0,0.0,0.0,0.0,1601787.0,0.0,0.0,1601787.0,0.0,0.0,1601787.0,0.0,0.0,1601787.0,0.0,0.0,1601787.0
1300,2013-01-01,2.0,Ethiopia,SNNP,Hadiya,3.0,3.0,SNNP,Hadiya,1700138,1446920,0.0,1446920.0,0.0,0.0,0.0,1446920.0,0.0,0.0,1446920.0,0.0,0.0,1446920.0,0.0,0.0,1446920.0,0.0,0.0,1446920.0
1301,2013-01-01,2.0,Ethiopia,SNNP,Halaba Special,3.0,3.0,SNNP,Halaba Special,658130,560108,0.0,560108.0,0.0,0.0,0.0,560108.0,0.0,0.0,560108.0,0.0,0.0,560108.0,0.0,0.0,560108.0,0.0,0.0,560108.0
1302,2013-01-01,3.0,Ethiopia,Harari,Harari,3.0,3.0,Harari,Harari,260022,221294,0.0,0.0,221294.0,0.0,0.0,221294.0,0.0,0.0,221294.0,0.0,0.0,221294.0,0.0,0.0,221294.0,0.0,0.0,221294.0
1303,2013-01-01,2.0,Ethiopia,Somali,Jarar,3.0,2.0,Somali,Jarar,641077,545595,0.0,545595.0,0.0,0.0,0.0,545595.0,0.0,0.0,545595.0,0.0,0.0,545595.0,0.0,545595.0,0.0,0.0,0.0,545595.0
1304,2013-01-01,2.0,Ethiopia,Oromia,Jimma,2.0,2.0,Oromia,Jimma,3672640,3125638,0.0,3125638.0,0.0,0.0,0.0,3125638.0,0.0,3125638.0,0.0,0.0,0.0,3125638.0,0.0,3125638.0,0.0,0.0,0.0,3125638.0
1305,2013-01-01,2.0,Ethiopia,Benishangul Gumz,Kemashi,2.0,2.0,Benishangul Gumz,Kemashi,150986,128498,0.0,128498.0,0.0,0.0,0.0,128498.0,0.0,128498.0,0.0,0.0,0.0,128498.0,0.0,128498.0,0.0,0.0,0.0,128498.0
1306,2013-01-01,2.0,Ethiopia,SNNP,Kembata Tibaro,3.0,3.0,SNNP,Kembata Tibaro,911347,775611,0.0,775611.0,0.0,0.0,0.0,775611.0,0.0,0.0,775611.0,0.0,0.0,775611.0,0.0,0.0,775611.0,0.0,0.0,775611.0
1307,2013-01-01,2.0,Ethiopia,SNNP,Konso,3.0,3.0,SNNP,Konso,284360,242007,0.0,242007.0,0.0,0.0,0.0,242007.0,0.0,0.0,242007.0,0.0,0.0,242007.0,0.0,0.0,242007.0,0.0,0.0,242007.0
1308,2013-01-01,3.0,Ethiopia,Somali,Liban,3.0,3.0,Somali,Liban,505190,429947,0.0,0.0,429947.0,0.0,0.0,429947.0,0.0,0.0,429947.0,0.0,0.0,429947.0,0.0,0.0,429947.0,0.0,0.0,429947.0
1309,2013-01-01,2.0,Ethiopia,Tigray,Mekele Special,2.0,3.0,Tigray,Mekele Special,418327,356021,0.0,356021.0,0.0,0.0,0.0,356021.0,0.0,356021.0,0.0,0.0,0.0,356021.0,0.0,0.0,356021.0,0.0,0.0,356021.0
1310,2013-01-01,3.0,Ethiopia,SNNP,Mirab Omo,3.0,3.0,SNNP,Mirab Omo,262515,223416,0.0,0.0,223416.0,0.0,0.0,223416.0,0.0,0.0,223416.0,0.0,0.0,223416.0,0.0,0.0,223416.0,0.0,0.0,223416.0
1311,2013-01-01,3.0,Ethiopia,Somali,Nogob,3.0,3.0,Somali,Nogob,217220,184867,0.0,0.0,184867.0,0.0,0.0,184867.0,0.0,0.0,184867.0,0.0,0.0,184867.0,0.0,0.0,184867.0,0.0,0.0,184867.0
1312,2013-01-01,3.0,Ethiopia,Amhara,North Gondar,3.0,3.0,Amhara,North Gondar,889977,757424,0.0,0.0,757424.0,0.0,0.0,757424.0,0.0,0.0,757424.0,0.0,0.0,757424.0,0.0,0.0,757424.0,0.0,0.0,757424.0
1313,2013-01-01,2.0,Ethiopia,Amhara,North Shewa,3.0,3.0,Amhara,North Shewa,2293091,1951559,0.0,1951559.0,0.0,0.0,0.0,1951559.0,0.0,0.0,1951559.0,0.0,0.0,1951559.0,0.0,0.0,1951559.0,0.0,0.0,1951559.0
1314,2013-01-01,3.0,Ethiopia,Amhara,North Wello,3.0,3.0,Amhara,North Wello,1740337,1481132,0.0,0.0,1481132.0,0.0,0.0,1481132.0,0.0,0.0,1481132.0,0.0,0.0,1481132.0,0.0,0.0,1481132.0,0.0,0.0,1481132.0
1315,2013-01-01,2.0,Ethiopia,Tigray,North Western,3.0,3.0,Tigray,North Western,893262,760220,0.0,760220.0,0.0,0.0,0.0,760220.0,0.0,0.0,760220.0,0.0,0.0,760220.0,0.0,0.0,760220.0,0.0,0.0,760220.0
1316,2013-01-01,2.0,Ethiopia,Gambela,Nuwer,2.0,3.0,Gambela,Nuwer,166901,142042,0.0,142042.0,0.0,0.0,0.0,142042.0,0.0,142042.0,0.0,0.0,0.0,142042.0,0.0,0.0,142042.0,0.0,0.0,142042.0
1317,2013-01-01,2.0,Ethiopia,Amhara,Oromia,3.0,3.0,Amhara,Oromia,569808,484941,0.0,484941.0,0.0,0.0,0.0,484941.0,0.0,0.0,484941.0,0.0,0.0,484941.0,0.0,0.0,484941.0,0.0,0.0,484941.0
1318,2013-01-01,3.0,Ethiopia,Somali,Shabelle,3.0,3.0,Somali,Shabelle,647430,551002,0.0,0.0,551002.0,0.0,0.0,551002.0,0.0,0.0,551002.0,0.0,0.0,551002.0,0.0,0.0,551002.0,0.0,0.0,551002.0
1319,2013-01-01,2.0,Ethiopia,SNNP,Sidama,3.0,3.0,SNNP,Sidama,4212331,3584948,0.0,3584948.0,0.0,0.0,0.0,3584948.0,0.0,0.0,3584948.0,0.0,0.0,3584948.0,0.0,0.0,3584948.0,0.0,0.0,3584948.0
1320,2013-01-01,2.0,Ethiopia,SNNP,Siltie,3.0,3.0,SNNP,Siltie,1051444,894842,0.0,894842.0,0.0,0.0,0.0,894842.0,0.0,0.0,894842.0,0.0,0.0,894842.0,0.0,0.0,894842.0,0.0,0.0,894842.0
1321,2013-01-01,3.0,Ethiopia,Somali,Siti,3.0,3.0,Somali,Siti,644214,548265,0.0,0.0,548265.0,0.0,0.0,548265.0,0.0,0.0,548265.0,0.0,0.0,548265.0,0.0,0.0,548265.0,0.0,0.0,548265.0
1322,2013-01-01,3.0,Ethiopia,Tigray,South Eastern,3.0,3.0,Tigray,South Eastern,528199,449529,0.0,0.0,449529.0,0.0,0.0,449529.0,0.0,0.0,449529.0,0.0,0.0,449529.0,0.0,0.0,449529.0,0.0,0.0,449529.0
1323,2013-01-01,2.0,Ethiopia,Amhara,South Gondar,3.0,3.0,Amhara,South Gondar,2526963,2150598,0.0,2150598.0,0.0,0.0,0.0,2150598.0,0.0,0.0,2150598.0,0.0,0.0,2150598.0,0.0,0.0,2150598.0,0.0,0.0,2150598.0
1324,2013-01-01,2.0,Ethiopia,SNNP,South Omo,3.0,3.0,SNNP,South Omo,754134,641813,0.0,641813.0,0.0,0.0,0.0,641813.0,0.0,0.0,641813.0,0.0,0.0,641813.0,0.0,0.0,641813.0,0.0,0.0,641813.0
1325,2013-01-01,2.0,Ethiopia,Amhara,South Wello,3.0,3.0,Amhara,South Wello,3246827,2763246,0.0,2763246.0,0.0,0.0,0.0,2763246.0,0.0,0.0,2763246.0,0.0,0.0,2763246.0,0.0,0.0,2763246.0,0.0,0.0,2763246.0
1326,2013-01-01,2.0,Ethiopia,Oromia,South West Shewa,3.0,3.0,Oromia,South West Shewa,1264234,1075939,0.0,1075939.0,0.0,0.0,0.0,1075939.0,0.0,0.0,1075939.0,0.0,0.0,1075939.0,0.0,0.0,1075939.0,0.0,0.0,1075939.0
1327,2013-01-01,3.0,Ethiopia,Tigray,Southern,3.0,3.0,Tigray,Southern,752344,640290,0.0,0.0,640290.0,0.0,0.0,640290.0,0.0,0.0,640290.0,0.0,0.0,640290.0,0.0,0.0,640290.0,0.0,0.0,640290.0
1328,2013-01-01,3.0,Ethiopia,Amhara,Wag Hamra,3.0,3.0,Amhara,Wag Hamra,516457,439536,0.0,0.0,439536.0,0.0,0.0,439536.0,0.0,0.0,439536.0,0.0,0.0,439536.0,0.0,0.0,439536.0,0.0,0.0,439536.0
1329,2013-01-01,2.0,Ethiopia,Oromia,West Arsi,3.0,3.0,Oromia,West Arsi,2868933,2441635,0.0,2441635.0,0.0,0.0,0.0,2441635.0,0.0,0.0,2441635.0,0.0,0.0,2441635.0,0.0,0.0,2441635.0,0.0,0.0,2441635.0
1330,2013-01-01,2.0,Ethiopia,Oromia,West Guji,3.0,3.0,Oromia,West Guji,1223292,1041095,0.0,1041095.0,0.0,0.0,0.0,1041095.0,0.0,0.0,1041095.0,0.0,0.0,1041095.0,0.0,0.0,1041095.0,0.0,0.0,1041095.0
1331,2013-01-01,3.0,Ethiopia,Oromia,West Hararge,3.0,3.0,Oromia,West Hararge,2568661,2186086,0.0,0.0,2186086.0,0.0,0.0,2186086.0,0.0,0.0,2186086.0,0.0,0.0,2186086.0,0.0,0.0,2186086.0,0.0,0.0,2186086.0
1332,2013-01-01,1.0,Ethiopia,Oromia,West Wellega,1.0,1.0,Oromia,West Wellega,1880222,1600182,1600182.0,0.0,0.0,0.0,0.0,1600182.0,1600182.0,0.0,0.0,0.0,0.0,1600182.0,1600182.0,0.0,0.0,0.0,0.0,1600182.0
1333,2013-01-01,2.0,Ethiopia,Tigray,Western,2.0,2.0,Tigray,Western,440553,374937,0.0,374937.0,0.0,0.0,0.0,374937.0,0.0,374937.0,0.0,0.0,0.0,374937.0,0.0,374937.0,0.0,0.0,0.0,374937.0
1334,2013-01-01,2.0,Ethiopia,SNNP,Wolayita,3.0,3.0,SNNP,Wolayita,1999292,1701518,0.0,1701518.0,0.0,0.0,0.0,1701518.0,0.0,0.0,1701518.0,0.0,0.0,1701518.0,0.0,0.0,1701518.0,0.0,0.0,1701518.0
1335,2013-01-01,2.0,Ethiopia,SNNP,Yem Special,2.0,2.0,SNNP,Yem Special,102526,87255,0.0,87255.0,0.0,0.0,0.0,87255.0,0.0,87255.0,0.0,0.0,0.0,87255.0,0.0,87255.0,0.0,0.0,0.0,87255.0
1336,2013-01-01,3.0,Ethiopia,Afar,Zone 1 (Awsi Rasu),3.0,3.0,Afar,Zone 1 (Awsi Rasu),643036,547262,0.0,0.0,547262.0,0.0,0.0,547262.0,0.0,0.0,547262.0,0.0,0.0,547262.0,0.0,0.0,547262.0,0.0,0.0,547262.0
1337,2013-01-01,3.0,Ethiopia,Afar,Zone 2 (Kilbet Rasu),3.0,3.0,Afar,Zone 2 (Kilbet Rasu),493764,420223,0.0,0.0,420223.0,0.0,0.0,420223.0,0.0,0.0,420223.0,0.0,0.0,420223.0,0.0,0.0,420223.0,0.0,0.0,420223.0
1338,2013-01-01,3.0,Ethiopia,Afar,Zone 3 (Gabi Rasu),3.0,3.0,Afar,Zone 3 (Gabi Rasu),281357,239451,0.0,0.0,239451.0,0.0,0.0,239451.0,0.0,0.0,239451.0,0.0,0.0,239451.0,0.0,0.0,239451.0,0.0,0.0,239451.0
1339,2013-01-01,3.0,Ethiopia,Afar,Zone 4 (Fantana Rasu),3.0,3.0,Afar,Zone 4 (Fantana Rasu),276855,235620,0.0,0.0,235620.0,0.0,0.0,235620.0,0.0,0.0,235620.0,0.0,0.0,235620.0,0.0,0.0,235620.0,0.0,0.0,235620.0
1340,2013-01-01,2.0,Ethiopia,Afar,Zone 5 (Hari Rasu),3.0,3.0,Afar,Zone 5 (Hari Rasu),209402,178213,0.0,178213.0,0.0,0.0,0.0,178213.0,0.0,0.0,178213.0,0.0,0.0,178213.0,0.0,0.0,178213.0,0.0,0.0,178213.0
1341,2013-01-01,3.0,Ethiopia,Gambela,Agnewak,3.0,3.0,Gambela,Agnewak,164054,139619,0.0,0.0,139619.0,0.0,0.0,139619.0,0.0,0.0,139619.0,0.0,0.0,139619.0,0.0,0.0,139619.0,0.0,0.0,139619.0
1342,2013-01-01,2.0,Ethiopia,Somali,Doolo,3.0,2.0,Somali,Doolo,425824,362402,0.0,362402.0,0.0,0.0,0.0,362402.0,0.0,0.0,362402.0,0.0,0.0,362402.0,0.0,362402.0,0.0,0.0,0.0,362402.0
1343,2013-01-01,3.0,Ethiopia,Somali,Korahe,3.0,2.0,Somali,Korahe,511890,435649,0.0,0.0,435649.0,0.0,0.0,435649.0,0.0,0.0,435649.0,0.0,0.0,435649.0,0.0,435649.0,0.0,0.0,0.0,435649.0
1344,2013-01-01,2.0,Ethiopia,Oromia,Finfine Special,2.0,2.0,Oromia,Finfine Special,1040106,885193,0.0,885193.0,0.0,0.0,0.0,885193.0,0.0,885193.0,0.0,0.0,0.0,885193.0,0.0,885193.0,0.0,0.0,0.0,885193.0
1345,2013-01-01,1.0,Ethiopia,Addis Ababa,Region 14,1.0,1.0,Addis Ababa,Region 14,3585647,3051602,3051602.0,0.0,0.0,0.0,0.0,3051602.0,3051602.0,0.0,0.0,0.0,0.0,3051602.0,3051602.0,0.0,0.0,0.0,0.0,3051602.0
1346,2013-01-01,2.0,Ethiopia,Amhara,West Gojam,2.0,2.0,Amhara,West Gojam,2894095,2463050,0.0,2463050.0,0.0,0.0,0.0,2463050.0,0.0,2463050.0,0.0,0.0,0.0,2463050.0,0.0,2463050.0,0.0,0.0,0.0,2463050.0
1347,2013-01-01,2.0,Ethiopia,SNNP,Basketo,2.0,2.0,SNNP,Basketo,75512,64265,0.0,64265.0,0.0,0.0,0.0,64265.0,0.0,64265.0,0.0,0.0,0.0,64265.0,0.0,64265.0,0.0,0.0,0.0,64265.0
1348,2013-01-01,1.0,Ethiopia,SNNP,Bench Maji,1.0,1.0,SNNP,Bench Maji,603595,513695,513695.0,0.0,0.0,0.0,0.0,513695.0,513695.0,0.0,0.0,0.0,0.0,513695.0,513695.0,0.0,0.0,0.0,0.0,513695.0
1349,2013-01-01,2.0,Ethiopia,Gambela,Etang Special woreda,2.0,3.0,Gambela,Etang Special woreda,50260,42774,0.0,42774.0,0.0,0.0,0.0,42774.0,0.0,42774.0,0.0,0.0,0.0,42774.0,0.0,0.0,42774.0,0.0,0.0,42774.0
1350,2013-01-01,1.0,Ethiopia,Oromia,Ilu Aba Bora,1.0,1.0,Oromia,Ilu Aba Bora,953178,811212,811212.0,0.0,0.0,0.0,0.0,811212.0,811212.0,0.0,0.0,0.0,0.0,811212.0,811212.0,0.0,0.0,0.0,0.0,811212.0
1351,2013-01-01,2.0,Ethiopia,SNNP,Kefa,2.0,2.0,SNNP,Kefa,1053546,896631,0.0,896631.0,0.0,0.0,0.0,896631.0,0.0,896631.0,0.0,0.0,0.0,896631.0,0.0,896631.0,0.0,0.0,0.0,896631.0
1352,2013-01-01,2.0,Ethiopia,SNNP,Konta Special,2.0,2.0,SNNP,Konta Special,119904,102045,0.0,102045.0,0.0,0.0,0.0,102045.0,0.0,102045.0,0.0,0.0,0.0,102045.0,0.0,102045.0,0.0,0.0,0.0,102045.0
1353,2013-01-01,2.0,Ethiopia,Gambela,Mejenger,2.0,2.0,Gambela,Mejenger,81617,69461,0.0,69461.0,0.0,0.0,0.0,69461.0,0.0,69461.0,0.0,0.0,0.0,69461.0,0.0,69461.0,0.0,0.0,0.0,69461.0
1354,2013-01-01,3.0,Ethiopia,Benishangul Gumz,Asosa,3.0,3.0,Benishangul Gumz,Asosa,402287,342370,0.0,0.0,342370.0,0.0,0.0,342370.0,0.0,0.0,342370.0,0.0,0.0,342370.0,0.0,0.0,342370.0,0.0,0.0,342370.0
1355,2013-01-01,3.0,Ethiopia,Dire Dawa,Dire Dawa urban,3.0,3.0,Dire Dawa,Dire Dawa urban,319985,272326,0.0,0.0,272326.0,0.0,0.0,272326.0,0.0,0.0,272326.0,0.0,0.0,272326.0,0.0,0.0,272326.0,0.0,0.0,272326.0
1356,2013-01-01,2.0,Ethiopia,Oromia,Horo Gudru Wellega,2.0,2.0,Oromia,Horo Gudru Wellega,791731,673811,0.0,673811.0,0.0,0.0,0.0,673811.0,0.0,673811.0,0.0,0.0,0.0,673811.0,0.0,673811.0,0.0,0.0,0.0,673811.0
1357,2013-01-01,2.0,Ethiopia,Oromia,Kelem Wellega,2.0,3.0,Oromia,Kelem Wellega,1141498,971483,0.0,971483.0,0.0,0.0,0.0,971483.0,0.0,971483.0,0.0,0.0,0.0,971483.0,0.0,0.0,971483.0,0.0,0.0,971483.0
1358,2013-01-01,3.0,Ethiopia,Benishangul Gumz,Mao Komo Special,3.0,3.0,Benishangul Gumz,Mao Komo Special,70414,59926,0.0,0.0,59926.0,0.0,0.0,59926.0,0.0,0.0,59926.0,0.0,0.0,59926.0,0.0,0.0,59926.0,0.0,0.0,59926.0
1359,2013-01-01,1.0,Ethiopia,Benishangul Gumz,Metekel,1.0,1.0,Benishangul Gumz,Metekel,479162,407795,407795.0,0.0,0.0,0.0,0.0,407795.0,407795.0,0.0,0.0,0.0,0.0,407795.0,407795.0,0.0,0.0,0.0,0.0,407795.0
1360,2013-01-01,2.0,Ethiopia,Oromia,North Shewa,3.0,3.0,Oromia,North Shewa,1626893,1384584,0.0,1384584.0,0.0,0.0,0.0,1384584.0,0.0,0.0,1384584.0,0.0,0.0,1384584.0,0.0,0.0,1384584.0,0.0,0.0,1384584.0
1361,2013-01-01,1.0,Ethiopia,SNNP,Sheka,1.0,1.0,SNNP,Sheka,274212,233371,233371.0,0.0,0.0,0.0,0.0,233371.0,233371.0,0.0,0.0,0.0,0.0,233371.0,233371.0,0.0,0.0,0.0,0.0,233371.0
1362,2013-01-01,2.0,Ethiopia,Oromia,West Shewa,2.0,2.0,Oromia,West Shewa,2773901,2360757,0.0,2360757.0,0.0,0.0,0.0,2360757.0,0.0,2360757.0,0.0,0.0,0.0,2360757.0,0.0,2360757.0,0.0,0.0,0.0,2360757.0
1363,2013-01-01,1.0,Ethiopia,Amhara,Awi,1.0,1.0,Amhara,Awi,1338704,1139318,1139318.0,0.0,0.0,0.0,0.0,1139318.0,1139318.0,0.0,0.0,0.0,0.0,1139318.0,1139318.0,0.0,0.0,0.0,0.0,1139318.0
1364,2013-01-01,1.0,Ethiopia,Amhara,West Gondar,1.0,1.0,Amhara,West Gondar,381393,324588,324588.0,0.0,0.0,0.0,0.0,324588.0,324588.0,0.0,0.0,0.0,0.0,324588.0,324588.0,0.0,0.0,0.0,0.0,324588.0
1365,2013-04-01,3.0,Ethiopia,Somali,Afder,3.0,3.0,Somali,Afder,654828,557298,0.0,0.0,557298.0,0.0,0.0,557298.0,0.0,0.0,557298.0,0.0,0.0,557298.0,0.0,0.0,557298.0,0.0,0.0,557298.0
1366,2013-04-01,3.0,Ethiopia,SNNP,Alle,3.0,2.0,SNNP,Alle,81190,69097,0.0,0.0,69097.0,0.0,0.0,69097.0,0.0,0.0,69097.0,0.0,0.0,69097.0,0.0,69097.0,0.0,0.0,0.0,69097.0
1367,2013-04-01,3.0,Ethiopia,SNNP,Amaro,3.0,2.0,SNNP,Amaro,195252,166171,0.0,0.0,166171.0,0.0,0.0,166171.0,0.0,0.0,166171.0,0.0,0.0,166171.0,0.0,166171.0,0.0,0.0,0.0,166171.0
1368,2013-04-01,3.0,Ethiopia,Oromia,Arsi,3.0,3.0,Oromia,Arsi,3645492,3102534,0.0,0.0,3102534.0,0.0,0.0,3102534.0,0.0,0.0,3102534.0,0.0,0.0,3102534.0,0.0,0.0,3102534.0,0.0,0.0,3102534.0
1369,2013-04-01,3.0,Ethiopia,Oromia,Bale,3.0,3.0,Oromia,Bale,1887498,1606375,0.0,0.0,1606375.0,0.0,0.0,1606375.0,0.0,0.0,1606375.0,0.0,0.0,1606375.0,0.0,0.0,1606375.0,0.0,0.0,1606375.0
1370,2013-04-01,3.0,Ethiopia,Oromia,Borena,3.0,3.0,Oromia,Borena,545493,464247,0.0,0.0,464247.0,0.0,0.0,464247.0,0.0,0.0,464247.0,0.0,0.0,464247.0,0.0,0.0,464247.0,0.0,0.0,464247.0
1371,2013-04-01,2.0,Ethiopia,Oromia,Buno Bedele,2.0,2.0,Oromia,Buno Bedele,809088,688582,0.0,688582.0,0.0,0.0,0.0,688582.0,0.0,688582.0,0.0,0.0,0.0,688582.0,0.0,688582.0,0.0,0.0,0.0,688582.0
1372,2013-04-01,3.0,Ethiopia,SNNP,Burji,3.0,2.0,SNNP,Burji,71728,61044,0.0,0.0,61044.0,0.0,0.0,61044.0,0.0,0.0,61044.0,0.0,0.0,61044.0,0.0,61044.0,0.0,0.0,0.0,61044.0
1373,2013-04-01,3.0,Ethiopia,Tigray,Central,3.0,3.0,Tigray,Central,1384454,1178254,0.0,0.0,1178254.0,0.0,0.0,1178254.0,0.0,0.0,1178254.0,0.0,0.0,1178254.0,0.0,0.0,1178254.0,0.0,0.0,1178254.0
1374,2013-04-01,3.0,Ethiopia,Amhara,Central Gondar,3.0,3.0,Amhara,Central Gondar,2719899,2314798,0.0,0.0,2314798.0,0.0,0.0,2314798.0,0.0,0.0,2314798.0,0.0,0.0,2314798.0,0.0,0.0,2314798.0,0.0,0.0,2314798.0
1375,2013-04-01,3.0,Ethiopia,Somali,Daawa,3.0,3.0,Somali,Daawa,457130,389045,0.0,0.0,389045.0,0.0,0.0,389045.0,0.0,0.0,389045.0,0.0,0.0,389045.0,0.0,0.0,389045.0,0.0,0.0,389045.0
1376,2013-04-01,3.0,Ethiopia,SNNP,Dawuro,3.0,2.0,SNNP,Dawuro,643931,548024,0.0,0.0,548024.0,0.0,0.0,548024.0,0.0,0.0,548024.0,0.0,0.0,548024.0,0.0,548024.0,0.0,0.0,0.0,548024.0
1377,2013-04-01,3.0,Ethiopia,SNNP,Derashe,3.0,2.0,SNNP,Derashe,107301,91319,0.0,0.0,91319.0,0.0,0.0,91319.0,0.0,0.0,91319.0,0.0,0.0,91319.0,0.0,91319.0,0.0,0.0,0.0,91319.0
1378,2013-04-01,3.0,Ethiopia,Dire Dawa,Dire Dawa rural,3.0,3.0,Dire Dawa,Dire Dawa rural,188933,160793,0.0,0.0,160793.0,0.0,0.0,160793.0,0.0,0.0,160793.0,0.0,0.0,160793.0,0.0,0.0,160793.0,0.0,0.0,160793.0
1379,2013-04-01,3.0,Ethiopia,Amhara,East Gojam,3.0,3.0,Amhara,East Gojam,2672621,2274562,0.0,0.0,2274562.0,0.0,0.0,2274562.0,0.0,0.0,2274562.0,0.0,0.0,2274562.0,0.0,0.0,2274562.0,0.0,0.0,2274562.0
1380,2013-04-01,3.0,Ethiopia,Oromia,East Hararge,3.0,3.0,Oromia,East Hararge,3739861,3182848,0.0,0.0,3182848.0,0.0,0.0,3182848.0,0.0,0.0,3182848.0,0.0,0.0,3182848.0,0.0,0.0,3182848.0,0.0,0.0,3182848.0
1381,2013-04-01,3.0,Ethiopia,Oromia,East Shewa,3.0,3.0,Oromia,East Shewa,2234419,1901625,0.0,0.0,1901625.0,0.0,0.0,1901625.0,0.0,0.0,1901625.0,0.0,0.0,1901625.0,0.0,0.0,1901625.0,0.0,0.0,1901625.0
1382,2013-04-01,2.0,Ethiopia,Oromia,East Wellega,2.0,2.0,Oromia,East Wellega,1693681,1441425,0.0,1441425.0,0.0,0.0,0.0,1441425.0,0.0,1441425.0,0.0,0.0,0.0,1441425.0,0.0,1441425.0,0.0,0.0,0.0,1441425.0
1383,2013-04-01,3.0,Ethiopia,Tigray,Eastern,3.0,3.0,Tigray,Eastern,940053,800042,0.0,0.0,800042.0,0.0,0.0,800042.0,0.0,0.0,800042.0,0.0,0.0,800042.0,0.0,0.0,800042.0,0.0,0.0,800042.0
1384,2013-04-01,3.0,Ethiopia,Somali,Erer,3.0,3.0,Somali,Erer,268901,228851,0.0,0.0,228851.0,0.0,0.0,228851.0,0.0,0.0,228851.0,0.0,0.0,228851.0,0.0,0.0,228851.0,0.0,0.0,228851.0
1385,2013-04-01,3.0,Ethiopia,Somali,Fafan,3.0,3.0,Somali,Fafan,1242707,1057618,0.0,0.0,1057618.0,0.0,0.0,1057618.0,0.0,0.0,1057618.0,0.0,0.0,1057618.0,0.0,0.0,1057618.0,0.0,0.0,1057618.0
1386,2013-04-01,3.0,Ethiopia,SNNP,Gamo,3.0,2.0,SNNP,Gamo,1462777,1244911,0.0,0.0,1244911.0,0.0,0.0,1244911.0,0.0,0.0,1244911.0,0.0,0.0,1244911.0,0.0,1244911.0,0.0,0.0,0.0,1244911.0
1387,2013-04-01,3.0,Ethiopia,SNNP,Gedeo,3.0,2.0,SNNP,Gedeo,1131834,963259,0.0,0.0,963259.0,0.0,0.0,963259.0,0.0,0.0,963259.0,0.0,0.0,963259.0,0.0,963259.0,0.0,0.0,0.0,963259.0
1388,2013-04-01,3.0,Ethiopia,SNNP,Gofa,3.0,2.0,SNNP,Gofa,623589,530711,0.0,0.0,530711.0,0.0,0.0,530711.0,0.0,0.0,530711.0,0.0,0.0,530711.0,0.0,530711.0,0.0,0.0,0.0,530711.0
1389,2013-04-01,3.0,Ethiopia,Oromia,Guji,3.0,2.0,Oromia,Guji,1482472,1261673,0.0,0.0,1261673.0,0.0,0.0,1261673.0,0.0,0.0,1261673.0,0.0,0.0,1261673.0,0.0,1261673.0,0.0,0.0,0.0,1261673.0
1390,2013-04-01,3.0,Ethiopia,SNNP,Guraghe,3.0,3.0,SNNP,Guraghe,1882107,1601787,0.0,0.0,1601787.0,0.0,0.0,1601787.0,0.0,0.0,1601787.0,0.0,0.0,1601787.0,0.0,0.0,1601787.0,0.0,0.0,1601787.0
1391,2013-04-01,3.0,Ethiopia,SNNP,Hadiya,3.0,3.0,SNNP,Hadiya,1700138,1446920,0.0,0.0,1446920.0,0.0,0.0,1446920.0,0.0,0.0,1446920.0,0.0,0.0,1446920.0,0.0,0.0,1446920.0,0.0,0.0,1446920.0
1392,2013-04-01,3.0,Ethiopia,SNNP,Halaba Special,3.0,3.0,SNNP,Halaba Special,658130,560108,0.0,0.0,560108.0,0.0,0.0,560108.0,0.0,0.0,560108.0,0.0,0.0,560108.0,0.0,0.0,560108.0,0.0,0.0,560108.0
1393,2013-04-01,3.0,Ethiopia,Harari,Harari,3.0,3.0,Harari,Harari,260022,221294,0.0,0.0,221294.0,0.0,0.0,221294.0,0.0,0.0,221294.0,0.0,0.0,221294.0,0.0,0.0,221294.0,0.0,0.0,221294.0
1394,2013-04-01,2.0,Ethiopia,Somali,Jarar,2.0,2.0,Somali,Jarar,641077,545595,0.0,545595.0,0.0,0.0,0.0,545595.0,0.0,545595.0,0.0,0.0,0.0,545595.0,0.0,545595.0,0.0,0.0,0.0,545595.0
1395,2013-04-01,2.0,Ethiopia,Oromia,Jimma,2.0,2.0,Oromia,Jimma,3672640,3125638,0.0,3125638.0,0.0,0.0,0.0,3125638.0,0.0,3125638.0,0.0,0.0,0.0,3125638.0,0.0,3125638.0,0.0,0.0,0.0,3125638.0
1396,2013-04-01,2.0,Ethiopia,Benishangul Gumz,Kemashi,2.0,2.0,Benishangul Gumz,Kemashi,150986,128498,0.0,128498.0,0.0,0.0,0.0,128498.0,0.0,128498.0,0.0,0.0,0.0,128498.0,0.0,128498.0,0.0,0.0,0.0,128498.0
1397,2013-04-01,3.0,Ethiopia,SNNP,Kembata Tibaro,3.0,3.0,SNNP,Kembata Tibaro,911347,775611,0.0,0.0,775611.0,0.0,0.0,775611.0,0.0,0.0,775611.0,0.0,0.0,775611.0,0.0,0.0,775611.0,0.0,0.0,775611.0
1398,2013-04-01,3.0,Ethiopia,SNNP,Konso,3.0,2.0,SNNP,Konso,284360,242007,0.0,0.0,242007.0,0.0,0.0,242007.0,0.0,0.0,242007.0,0.0,0.0,242007.0,0.0,242007.0,0.0,0.0,0.0,242007.0
1399,2013-04-01,3.0,Ethiopia,Somali,Liban,3.0,3.0,Somali,Liban,505190,429947,0.0,0.0,429947.0,0.0,0.0,429947.0,0.0,0.0,429947.0,0.0,0.0,429947.0,0.0,0.0,429947.0,0.0,0.0,429947.0
1400,2013-04-01,3.0,Ethiopia,Tigray,Mekele Special,3.0,3.0,Tigray,Mekele Special,418327,356021,0.0,0.0,356021.0,0.0,0.0,356021.0,0.0,0.0,356021.0,0.0,0.0,356021.0,0.0,0.0,356021.0,0.0,0.0,356021.0
1401,2013-04-01,3.0,Ethiopia,SNNP,Mirab Omo,3.0,3.0,SNNP,Mirab Omo,262515,223416,0.0,0.0,223416.0,0.0,0.0,223416.0,0.0,0.0,223416.0,0.0,0.0,223416.0,0.0,0.0,223416.0,0.0,0.0,223416.0
1402,2013-04-01,3.0,Ethiopia,Somali,Nogob,3.0,3.0,Somali,Nogob,217220,184867,0.0,0.0,184867.0,0.0,0.0,184867.0,0.0,0.0,184867.0,0.0,0.0,184867.0,0.0,0.0,184867.0,0.0,0.0,184867.0
1403,2013-04-01,3.0,Ethiopia,Amhara,North Gondar,3.0,3.0,Amhara,North Gondar,889977,757424,0.0,0.0,757424.0,0.0,0.0,757424.0,0.0,0.0,757424.0,0.0,0.0,757424.0,0.0,0.0,757424.0,0.0,0.0,757424.0
1404,2013-04-01,3.0,Ethiopia,Amhara,North Shewa,3.0,3.0,Amhara,North Shewa,2293091,1951559,0.0,0.0,1951559.0,0.0,0.0,1951559.0,0.0,0.0,1951559.0,0.0,0.0,1951559.0,0.0,0.0,1951559.0,0.0,0.0,1951559.0
1405,2013-04-01,3.0,Ethiopia,Amhara,North Wello,3.0,3.0,Amhara,North Wello,1740337,1481132,0.0,0.0,1481132.0,0.0,0.0,1481132.0,0.0,0.0,1481132.0,0.0,0.0,1481132.0,0.0,0.0,1481132.0,0.0,0.0,1481132.0
1406,2013-04-01,3.0,Ethiopia,Tigray,North Western,3.0,3.0,Tigray,North Western,893262,760220,0.0,0.0,760220.0,0.0,0.0,760220.0,0.0,0.0,760220.0,0.0,0.0,760220.0,0.0,0.0,760220.0,0.0,0.0,760220.0
1407,2013-04-01,2.0,Ethiopia,Gambela,Nuwer,3.0,3.0,Gambela,Nuwer,166901,142042,0.0,142042.0,0.0,0.0,0.0,142042.0,0.0,0.0,142042.0,0.0,0.0,142042.0,0.0,0.0,142042.0,0.0,0.0,142042.0
1408,2013-04-01,3.0,Ethiopia,Amhara,Oromia,3.0,3.0,Amhara,Oromia,569808,484941,0.0,0.0,484941.0,0.0,0.0,484941.0,0.0,0.0,484941.0,0.0,0.0,484941.0,0.0,0.0,484941.0,0.0,0.0,484941.0
1409,2013-04-01,3.0,Ethiopia,Somali,Shabelle,3.0,3.0,Somali,Shabelle,647430,551002,0.0,0.0,551002.0,0.0,0.0,551002.0,0.0,0.0,551002.0,0.0,0.0,551002.0,0.0,0.0,551002.0,0.0,0.0,551002.0
1410,2013-04-01,3.0,Ethiopia,SNNP,Sidama,3.0,3.0,SNNP,Sidama,4212331,3584948,0.0,0.0,3584948.0,0.0,0.0,3584948.0,0.0,0.0,3584948.0,0.0,0.0,3584948.0,0.0,0.0,3584948.0,0.0,0.0,3584948.0
1411,2013-04-01,3.0,Ethiopia,SNNP,Siltie,3.0,3.0,SNNP,Siltie,1051444,894842,0.0,0.0,894842.0,0.0,0.0,894842.0,0.0,0.0,894842.0,0.0,0.0,894842.0,0.0,0.0,894842.0,0.0,0.0,894842.0
1412,2013-04-01,3.0,Ethiopia,Somali,Siti,3.0,3.0,Somali,Siti,644214,548265,0.0,0.0,548265.0,0.0,0.0,548265.0,0.0,0.0,548265.0,0.0,0.0,548265.0,0.0,0.0,548265.0,0.0,0.0,548265.0
1413,2013-04-01,3.0,Ethiopia,Tigray,South Eastern,3.0,3.0,Tigray,South Eastern,528199,449529,0.0,0.0,449529.0,0.0,0.0,449529.0,0.0,0.0,449529.0,0.0,0.0,449529.0,0.0,0.0,449529.0,0.0,0.0,449529.0
1414,2013-04-01,3.0,Ethiopia,Amhara,South Gondar,3.0,3.0,Amhara,South Gondar,2526963,2150598,0.0,0.0,2150598.0,0.0,0.0,2150598.0,0.0,0.0,2150598.0,0.0,0.0,2150598.0,0.0,0.0,2150598.0,0.0,0.0,2150598.0
1415,2013-04-01,3.0,Ethiopia,SNNP,South Omo,3.0,2.0,SNNP,South Omo,754134,641813,0.0,0.0,641813.0,0.0,0.0,641813.0,0.0,0.0,641813.0,0.0,0.0,641813.0,0.0,641813.0,0.0,0.0,0.0,641813.0
1416,2013-04-01,3.0,Ethiopia,Amhara,South Wello,3.0,3.0,Amhara,South Wello,3246827,2763246,0.0,0.0,2763246.0,0.0,0.0,2763246.0,0.0,0.0,2763246.0,0.0,0.0,2763246.0,0.0,0.0,2763246.0,0.0,0.0,2763246.0
1417,2013-04-01,3.0,Ethiopia,Oromia,South West Shewa,3.0,3.0,Oromia,South West Shewa,1264234,1075939,0.0,0.0,1075939.0,0.0,0.0,1075939.0,0.0,0.0,1075939.0,0.0,0.0,1075939.0,0.0,0.0,1075939.0,0.0,0.0,1075939.0
1418,2013-04-01,3.0,Ethiopia,Tigray,Southern,3.0,3.0,Tigray,Southern,752344,640290,0.0,0.0,640290.0,0.0,0.0,640290.0,0.0,0.0,640290.0,0.0,0.0,640290.0,0.0,0.0,640290.0,0.0,0.0,640290.0
1419,2013-04-01,3.0,Ethiopia,Amhara,Wag Hamra,3.0,3.0,Amhara,Wag Hamra,516457,439536,0.0,0.0,439536.0,0.0,0.0,439536.0,0.0,0.0,439536.0,0.0,0.0,439536.0,0.0,0.0,439536.0,0.0,0.0,439536.0
1420,2013-04-01,3.0,Ethiopia,Oromia,West Arsi,3.0,3.0,Oromia,West Arsi,2868933,2441635,0.0,0.0,2441635.0,0.0,0.0,2441635.0,0.0,0.0,2441635.0,0.0,0.0,2441635.0,0.0,0.0,2441635.0,0.0,0.0,2441635.0
1421,2013-04-01,3.0,Ethiopia,Oromia,West Guji,3.0,2.0,Oromia,West Guji,1223292,1041095,0.0,0.0,1041095.0,0.0,0.0,1041095.0,0.0,0.0,1041095.0,0.0,0.0,1041095.0,0.0,1041095.0,0.0,0.0,0.0,1041095.0
1422,2013-04-01,3.0,Ethiopia,Oromia,West Hararge,3.0,3.0,Oromia,West Hararge,2568661,2186086,0.0,0.0,2186086.0,0.0,0.0,2186086.0,0.0,0.0,2186086.0,0.0,0.0,2186086.0,0.0,0.0,2186086.0,0.0,0.0,2186086.0
1423,2013-04-01,1.0,Ethiopia,Oromia,West Wellega,1.0,1.0,Oromia,West Wellega,1880222,1600182,1600182.0,0.0,0.0,0.0,0.0,1600182.0,1600182.0,0.0,0.0,0.0,0.0,1600182.0,1600182.0,0.0,0.0,0.0,0.0,1600182.0
1424,2013-04-01,2.0,Ethiopia,Tigray,Western,2.0,2.0,Tigray,Western,440553,374937,0.0,374937.0,0.0,0.0,0.0,374937.0,0.0,374937.0,0.0,0.0,0.0,374937.0,0.0,374937.0,0.0,0.0,0.0,374937.0
1425,2013-04-01,3.0,Ethiopia,SNNP,Wolayita,3.0,2.0,SNNP,Wolayita,1999292,1701518,0.0,0.0,1701518.0,0.0,0.0,1701518.0,0.0,0.0,1701518.0,0.0,0.0,1701518.0,0.0,1701518.0,0.0,0.0,0.0,1701518.0
1426,2013-04-01,2.0,Ethiopia,SNNP,Yem Special,2.0,2.0,SNNP,Yem Special,102526,87255,0.0,87255.0,0.0,0.0,0.0,87255.0,0.0,87255.0,0.0,0.0,0.0,87255.0,0.0,87255.0,0.0,0.0,0.0,87255.0
1427,2013-04-01,3.0,Ethiopia,Afar,Zone 1 (Awsi Rasu),3.0,3.0,Afar,Zone 1 (Awsi Rasu),643036,547262,0.0,0.0,547262.0,0.0,0.0,547262.0,0.0,0.0,547262.0,0.0,0.0,547262.0,0.0,0.0,547262.0,0.0,0.0,547262.0
1428,2013-04-01,3.0,Ethiopia,Afar,Zone 2 (Kilbet Rasu),3.0,3.0,Afar,Zone 2 (Kilbet Rasu),493764,420223,0.0,0.0,420223.0,0.0,0.0,420223.0,0.0,0.0,420223.0,0.0,0.0,420223.0,0.0,0.0,420223.0,0.0,0.0,420223.0
1429,2013-04-01,3.0,Ethiopia,Afar,Zone 3 (Gabi Rasu),3.0,3.0,Afar,Zone 3 (Gabi Rasu),281357,239451,0.0,0.0,239451.0,0.0,0.0,239451.0,0.0,0.0,239451.0,0.0,0.0,239451.0,0.0,0.0,239451.0,0.0,0.0,239451.0
1430,2013-04-01,3.0,Ethiopia,Afar,Zone 4 (Fantana Rasu),3.0,3.0,Afar,Zone 4 (Fantana Rasu),276855,235620,0.0,0.0,235620.0,0.0,0.0,235620.0,0.0,0.0,235620.0,0.0,0.0,235620.0,0.0,0.0,235620.0,0.0,0.0,235620.0
1431,2013-04-01,3.0,Ethiopia,Afar,Zone 5 (Hari Rasu),3.0,3.0,Afar,Zone 5 (Hari Rasu),209402,178213,0.0,0.0,178213.0,0.0,0.0,178213.0,0.0,0.0,178213.0,0.0,0.0,178213.0,0.0,0.0,178213.0,0.0,0.0,178213.0
1432,2013-04-01,3.0,Ethiopia,Gambela,Agnewak,3.0,3.0,Gambela,Agnewak,164054,139619,0.0,0.0,139619.0,0.0,0.0,139619.0,0.0,0.0,139619.0,0.0,0.0,139619.0,0.0,0.0,139619.0,0.0,0.0,139619.0
1433,2013-04-01,2.0,Ethiopia,Somali,Doolo,2.0,2.0,Somali,Doolo,425824,362402,0.0,362402.0,0.0,0.0,0.0,362402.0,0.0,362402.0,0.0,0.0,0.0,362402.0,0.0,362402.0,0.0,0.0,0.0,362402.0
1434,2013-04-01,3.0,Ethiopia,Somali,Korahe,3.0,3.0,Somali,Korahe,511890,435649,0.0,0.0,435649.0,0.0,0.0,435649.0,0.0,0.0,435649.0,0.0,0.0,435649.0,0.0,0.0,435649.0,0.0,0.0,435649.0
1435,2013-04-01,2.0,Ethiopia,Oromia,Finfine Special,2.0,2.0,Oromia,Finfine Special,1040106,885193,0.0,885193.0,0.0,0.0,0.0,885193.0,0.0,885193.0,0.0,0.0,0.0,885193.0,0.0,885193.0,0.0,0.0,0.0,885193.0
1436,2013-04-01,1.0,Ethiopia,Addis Ababa,Region 14,1.0,1.0,Addis Ababa,Region 14,3585647,3051602,3051602.0,0.0,0.0,0.0,0.0,3051602.0,3051602.0,0.0,0.0,0.0,0.0,3051602.0,3051602.0,0.0,0.0,0.0,0.0,3051602.0
1437,2013-04-01,1.0,Ethiopia,Amhara,West Gojam,1.0,1.0,Amhara,West Gojam,2894095,2463050,2463050.0,0.0,0.0,0.0,0.0,2463050.0,2463050.0,0.0,0.0,0.0,0.0,2463050.0,2463050.0,0.0,0.0,0.0,0.0,2463050.0
1438,2013-04-01,2.0,Ethiopia,SNNP,Basketo,2.0,2.0,SNNP,Basketo,75512,64265,0.0,64265.0,0.0,0.0,0.0,64265.0,0.0,64265.0,0.0,0.0,0.0,64265.0,0.0,64265.0,0.0,0.0,0.0,64265.0
1439,2013-04-01,1.0,Ethiopia,SNNP,Bench Maji,1.0,1.0,SNNP,Bench Maji,603595,513695,513695.0,0.0,0.0,0.0,0.0,513695.0,513695.0,0.0,0.0,0.0,0.0,513695.0,513695.0,0.0,0.0,0.0,0.0,513695.0
1440,2013-04-01,2.0,Ethiopia,Gambela,Etang Special woreda,3.0,2.0,Gambela,Etang Special woreda,50260,42774,0.0,42774.0,0.0,0.0,0.0,42774.0,0.0,0.0,42774.0,0.0,0.0,42774.0,0.0,42774.0,0.0,0.0,0.0,42774.0
1441,2013-04-01,2.0,Ethiopia,Oromia,Ilu Aba Bora,2.0,2.0,Oromia,Ilu Aba Bora,953178,811212,0.0,811212.0,0.0,0.0,0.0,811212.0,0.0,811212.0,0.0,0.0,0.0,811212.0,0.0,811212.0,0.0,0.0,0.0,811212.0
1442,2013-04-01,2.0,Ethiopia,SNNP,Kefa,2.0,2.0,SNNP,Kefa,1053546,896631,0.0,896631.0,0.0,0.0,0.0,896631.0,0.0,896631.0,0.0,0.0,0.0,896631.0,0.0,896631.0,0.0,0.0,0.0,896631.0
1443,2013-04-01,2.0,Ethiopia,SNNP,Konta Special,2.0,2.0,SNNP,Konta Special,119904,102045,0.0,102045.0,0.0,0.0,0.0,102045.0,0.0,102045.0,0.0,0.0,0.0,102045.0,0.0,102045.0,0.0,0.0,0.0,102045.0
1444,2013-04-01,1.0,Ethiopia,Gambela,Mejenger,1.0,1.0,Gambela,Mejenger,81617,69461,69461.0,0.0,0.0,0.0,0.0,69461.0,69461.0,0.0,0.0,0.0,0.0,69461.0,69461.0,0.0,0.0,0.0,0.0,69461.0
1445,2013-04-01,3.0,Ethiopia,Benishangul Gumz,Asosa,3.0,4.0,Benishangul Gumz,Asosa,402287,342370,0.0,0.0,342370.0,0.0,0.0,342370.0,0.0,0.0,342370.0,0.0,0.0,342370.0,0.0,0.0,0.0,342370.0,0.0,342370.0
1446,2013-04-01,3.0,Ethiopia,Dire Dawa,Dire Dawa urban,3.0,3.0,Dire Dawa,Dire Dawa urban,319985,272326,0.0,0.0,272326.0,0.0,0.0,272326.0,0.0,0.0,272326.0,0.0,0.0,272326.0,0.0,0.0,272326.0,0.0,0.0,272326.0
1447,2013-04-01,2.0,Ethiopia,Oromia,Horo Gudru Wellega,2.0,2.0,Oromia,Horo Gudru Wellega,791731,673811,0.0,673811.0,0.0,0.0,0.0,673811.0,0.0,673811.0,0.0,0.0,0.0,673811.0,0.0,673811.0,0.0,0.0,0.0,673811.0
1448,2013-04-01,2.0,Ethiopia,Oromia,Kelem Wellega,3.0,2.0,Oromia,Kelem Wellega,1141498,971483,0.0,971483.0,0.0,0.0,0.0,971483.0,0.0,0.0,971483.0,0.0,0.0,971483.0,0.0,971483.0,0.0,0.0,0.0,971483.0
1449,2013-04-01,3.0,Ethiopia,Benishangul Gumz,Mao Komo Special,3.0,4.0,Benishangul Gumz,Mao Komo Special,70414,59926,0.0,0.0,59926.0,0.0,0.0,59926.0,0.0,0.0,59926.0,0.0,0.0,59926.0,0.0,0.0,0.0,59926.0,0.0,59926.0
1450,2013-04-01,1.0,Ethiopia,Benishangul Gumz,Metekel,1.0,1.0,Benishangul Gumz,Metekel,479162,407795,407795.0,0.0,0.0,0.0,0.0,407795.0,407795.0,0.0,0.0,0.0,0.0,407795.0,407795.0,0.0,0.0,0.0,0.0,407795.0
1451,2013-04-01,2.0,Ethiopia,Oromia,North Shewa,2.0,2.0,Oromia,North Shewa,1626893,1384584,0.0,1384584.0,0.0,0.0,0.0,1384584.0,0.0,1384584.0,0.0,0.0,0.0,1384584.0,0.0,1384584.0,0.0,0.0,0.0,1384584.0
1452,2013-04-01,1.0,Ethiopia,SNNP,Sheka,1.0,1.0,SNNP,Sheka,274212,233371,233371.0,0.0,0.0,0.0,0.0,233371.0,233371.0,0.0,0.0,0.0,0.0,233371.0,233371.0,0.0,0.0,0.0,0.0,233371.0
1453,2013-04-01,2.0,Ethiopia,Oromia,West Shewa,2.0,2.0,Oromia,West Shewa,2773901,2360757,0.0,2360757.0,0.0,0.0,0.0,2360757.0,0.0,2360757.0,0.0,0.0,0.0,2360757.0,0.0,2360757.0,0.0,0.0,0.0,2360757.0
1454,2013-04-01,1.0,Ethiopia,Amhara,Awi,1.0,1.0,Amhara,Awi,1338704,1139318,1139318.0,0.0,0.0,0.0,0.0,1139318.0,1139318.0,0.0,0.0,0.0,0.0,1139318.0,1139318.0,0.0,0.0,0.0,0.0,1139318.0
1455,2013-04-01,1.0,Ethiopia,Amhara,West Gondar,1.0,1.0,Amhara,West Gondar,381393,324588,324588.0,0.0,0.0,0.0,0.0,324588.0,324588.0,0.0,0.0,0.0,0.0,324588.0,324588.0,0.0,0.0,0.0,0.0,324588.0
1456,2013-07-01,3.0,Ethiopia,Somali,Afder,3.0,3.0,Somali,Afder,654828,557298,0.0,0.0,557298.0,0.0,0.0,557298.0,0.0,0.0,557298.0,0.0,0.0,557298.0,0.0,0.0,557298.0,0.0,0.0,557298.0
1457,2013-07-01,2.0,Ethiopia,SNNP,Alle,2.0,2.0,SNNP,Alle,81190,69097,0.0,69097.0,0.0,0.0,0.0,69097.0,0.0,69097.0,0.0,0.0,0.0,69097.0,0.0,69097.0,0.0,0.0,0.0,69097.0
1458,2013-07-01,2.0,Ethiopia,SNNP,Amaro,2.0,2.0,SNNP,Amaro,195252,166171,0.0,166171.0,0.0,0.0,0.0,166171.0,0.0,166171.0,0.0,0.0,0.0,166171.0,0.0,166171.0,0.0,0.0,0.0,166171.0
1459,2013-07-01,3.0,Ethiopia,Oromia,Arsi,3.0,2.0,Oromia,Arsi,3645492,3102534,0.0,0.0,3102534.0,0.0,0.0,3102534.0,0.0,0.0,3102534.0,0.0,0.0,3102534.0,0.0,3102534.0,0.0,0.0,0.0,3102534.0
1460,2013-07-01,3.0,Ethiopia,Oromia,Bale,3.0,2.0,Oromia,Bale,1887498,1606375,0.0,0.0,1606375.0,0.0,0.0,1606375.0,0.0,0.0,1606375.0,0.0,0.0,1606375.0,0.0,1606375.0,0.0,0.0,0.0,1606375.0
1461,2013-07-01,2.0,Ethiopia,Oromia,Borena,2.0,2.0,Oromia,Borena,545493,464247,0.0,464247.0,0.0,0.0,0.0,464247.0,0.0,464247.0,0.0,0.0,0.0,464247.0,0.0,464247.0,0.0,0.0,0.0,464247.0
1462,2013-07-01,2.0,Ethiopia,Oromia,Buno Bedele,2.0,1.0,Oromia,Buno Bedele,809088,688582,0.0,688582.0,0.0,0.0,0.0,688582.0,0.0,688582.0,0.0,0.0,0.0,688582.0,688582.0,0.0,0.0,0.0,0.0,688582.0
1463,2013-07-01,2.0,Ethiopia,SNNP,Burji,2.0,2.0,SNNP,Burji,71728,61044,0.0,61044.0,0.0,0.0,0.0,61044.0,0.0,61044.0,0.0,0.0,0.0,61044.0,0.0,61044.0,0.0,0.0,0.0,61044.0
1464,2013-07-01,3.0,Ethiopia,Tigray,Central,3.0,2.0,Tigray,Central,1384454,1178254,0.0,0.0,1178254.0,0.0,0.0,1178254.0,0.0,0.0,1178254.0,0.0,0.0,1178254.0,0.0,1178254.0,0.0,0.0,0.0,1178254.0
1465,2013-07-01,3.0,Ethiopia,Amhara,Central Gondar,3.0,2.0,Amhara,Central Gondar,2719899,2314798,0.0,0.0,2314798.0,0.0,0.0,2314798.0,0.0,0.0,2314798.0,0.0,0.0,2314798.0,0.0,2314798.0,0.0,0.0,0.0,2314798.0
1466,2013-07-01,3.0,Ethiopia,Somali,Daawa,3.0,3.0,Somali,Daawa,457130,389045,0.0,0.0,389045.0,0.0,0.0,389045.0,0.0,0.0,389045.0,0.0,0.0,389045.0,0.0,0.0,389045.0,0.0,0.0,389045.0
1467,2013-07-01,2.0,Ethiopia,SNNP,Dawuro,2.0,2.0,SNNP,Dawuro,643931,548024,0.0,548024.0,0.0,0.0,0.0,548024.0,0.0,548024.0,0.0,0.0,0.0,548024.0,0.0,548024.0,0.0,0.0,0.0,548024.0
1468,2013-07-01,2.0,Ethiopia,SNNP,Derashe,2.0,2.0,SNNP,Derashe,107301,91319,0.0,91319.0,0.0,0.0,0.0,91319.0,0.0,91319.0,0.0,0.0,0.0,91319.0,0.0,91319.0,0.0,0.0,0.0,91319.0
1469,2013-07-01,3.0,Ethiopia,Dire Dawa,Dire Dawa rural,3.0,3.0,Dire Dawa,Dire Dawa rural,188933,160793,0.0,0.0,160793.0,0.0,0.0,160793.0,0.0,0.0,160793.0,0.0,0.0,160793.0,0.0,0.0,160793.0,0.0,0.0,160793.0
1470,2013-07-01,3.0,Ethiopia,Amhara,East Gojam,3.0,2.0,Amhara,East Gojam,2672621,2274562,0.0,0.0,2274562.0,0.0,0.0,2274562.0,0.0,0.0,2274562.0,0.0,0.0,2274562.0,0.0,2274562.0,0.0,0.0,0.0,2274562.0
1471,2013-07-01,3.0,Ethiopia,Oromia,East Hararge,3.0,3.0,Oromia,East Hararge,3739861,3182848,0.0,0.0,3182848.0,0.0,0.0,3182848.0,0.0,0.0,3182848.0,0.0,0.0,3182848.0,0.0,0.0,3182848.0,0.0,0.0,3182848.0
1472,2013-07-01,3.0,Ethiopia,Oromia,East Shewa,3.0,2.0,Oromia,East Shewa,2234419,1901625,0.0,0.0,1901625.0,0.0,0.0,1901625.0,0.0,0.0,1901625.0,0.0,0.0,1901625.0,0.0,1901625.0,0.0,0.0,0.0,1901625.0
1473,2013-07-01,2.0,Ethiopia,Oromia,East Wellega,2.0,1.0,Oromia,East Wellega,1693681,1441425,0.0,1441425.0,0.0,0.0,0.0,1441425.0,0.0,1441425.0,0.0,0.0,0.0,1441425.0,1441425.0,0.0,0.0,0.0,0.0,1441425.0
1474,2013-07-01,3.0,Ethiopia,Tigray,Eastern,3.0,3.0,Tigray,Eastern,940053,800042,0.0,0.0,800042.0,0.0,0.0,800042.0,0.0,0.0,800042.0,0.0,0.0,800042.0,0.0,0.0,800042.0,0.0,0.0,800042.0
1475,2013-07-01,3.0,Ethiopia,Somali,Erer,3.0,2.0,Somali,Erer,268901,228851,0.0,0.0,228851.0,0.0,0.0,228851.0,0.0,0.0,228851.0,0.0,0.0,228851.0,0.0,228851.0,0.0,0.0,0.0,228851.0
1476,2013-07-01,3.0,Ethiopia,Somali,Fafan,3.0,3.0,Somali,Fafan,1242707,1057618,0.0,0.0,1057618.0,0.0,0.0,1057618.0,0.0,0.0,1057618.0,0.0,0.0,1057618.0,0.0,0.0,1057618.0,0.0,0.0,1057618.0
1477,2013-07-01,2.0,Ethiopia,SNNP,Gamo,2.0,2.0,SNNP,Gamo,1462777,1244911,0.0,1244911.0,0.0,0.0,0.0,1244911.0,0.0,1244911.0,0.0,0.0,0.0,1244911.0,0.0,1244911.0,0.0,0.0,0.0,1244911.0
1478,2013-07-01,2.0,Ethiopia,SNNP,Gedeo,2.0,2.0,SNNP,Gedeo,1131834,963259,0.0,963259.0,0.0,0.0,0.0,963259.0,0.0,963259.0,0.0,0.0,0.0,963259.0,0.0,963259.0,0.0,0.0,0.0,963259.0
1479,2013-07-01,2.0,Ethiopia,SNNP,Gofa,2.0,2.0,SNNP,Gofa,623589,530711,0.0,530711.0,0.0,0.0,0.0,530711.0,0.0,530711.0,0.0,0.0,0.0,530711.0,0.0,530711.0,0.0,0.0,0.0,530711.0
1480,2013-07-01,3.0,Ethiopia,Oromia,Guji,3.0,2.0,Oromia,Guji,1482472,1261673,0.0,0.0,1261673.0,0.0,0.0,1261673.0,0.0,0.0,1261673.0,0.0,0.0,1261673.0,0.0,1261673.0,0.0,0.0,0.0,1261673.0
1481,2013-07-01,3.0,Ethiopia,SNNP,Guraghe,3.0,2.0,SNNP,Guraghe,1882107,1601787,0.0,0.0,1601787.0,0.0,0.0,1601787.0,0.0,0.0,1601787.0,0.0,0.0,1601787.0,0.0,1601787.0,0.0,0.0,0.0,1601787.0
1482,2013-07-01,3.0,Ethiopia,SNNP,Hadiya,3.0,2.0,SNNP,Hadiya,1700138,1446920,0.0,0.0,1446920.0,0.0,0.0,1446920.0,0.0,0.0,1446920.0,0.0,0.0,1446920.0,0.0,1446920.0,0.0,0.0,0.0,1446920.0
1483,2013-07-01,3.0,Ethiopia,SNNP,Halaba Special,3.0,2.0,SNNP,Halaba Special,658130,560108,0.0,0.0,560108.0,0.0,0.0,560108.0,0.0,0.0,560108.0,0.0,0.0,560108.0,0.0,560108.0,0.0,0.0,0.0,560108.0
1484,2013-07-01,3.0,Ethiopia,Harari,Harari,3.0,2.0,Harari,Harari,260022,221294,0.0,0.0,221294.0,0.0,0.0,221294.0,0.0,0.0,221294.0,0.0,0.0,221294.0,0.0,221294.0,0.0,0.0,0.0,221294.0
1485,2013-07-01,2.0,Ethiopia,Somali,Jarar,2.0,2.0,Somali,Jarar,641077,545595,0.0,545595.0,0.0,0.0,0.0,545595.0,0.0,545595.0,0.0,0.0,0.0,545595.0,0.0,545595.0,0.0,0.0,0.0,545595.0
1486,2013-07-01,2.0,Ethiopia,Oromia,Jimma,2.0,2.0,Oromia,Jimma,3672640,3125638,0.0,3125638.0,0.0,0.0,0.0,3125638.0,0.0,3125638.0,0.0,0.0,0.0,3125638.0,0.0,3125638.0,0.0,0.0,0.0,3125638.0
1487,2013-07-01,2.0,Ethiopia,Benishangul Gumz,Kemashi,2.0,2.0,Benishangul Gumz,Kemashi,150986,128498,0.0,128498.0,0.0,0.0,0.0,128498.0,0.0,128498.0,0.0,0.0,0.0,128498.0,0.0,128498.0,0.0,0.0,0.0,128498.0
1488,2013-07-01,3.0,Ethiopia,SNNP,Kembata Tibaro,3.0,2.0,SNNP,Kembata Tibaro,911347,775611,0.0,0.0,775611.0,0.0,0.0,775611.0,0.0,0.0,775611.0,0.0,0.0,775611.0,0.0,775611.0,0.0,0.0,0.0,775611.0
1489,2013-07-01,2.0,Ethiopia,SNNP,Konso,2.0,2.0,SNNP,Konso,284360,242007,0.0,242007.0,0.0,0.0,0.0,242007.0,0.0,242007.0,0.0,0.0,0.0,242007.0,0.0,242007.0,0.0,0.0,0.0,242007.0
1490,2013-07-01,3.0,Ethiopia,Somali,Liban,3.0,3.0,Somali,Liban,505190,429947,0.0,0.0,429947.0,0.0,0.0,429947.0,0.0,0.0,429947.0,0.0,0.0,429947.0,0.0,0.0,429947.0,0.0,0.0,429947.0
1491,2013-07-01,3.0,Ethiopia,Tigray,Mekele Special,3.0,2.0,Tigray,Mekele Special,418327,356021,0.0,0.0,356021.0,0.0,0.0,356021.0,0.0,0.0,356021.0,0.0,0.0,356021.0,0.0,356021.0,0.0,0.0,0.0,356021.0
1492,2013-07-01,3.0,Ethiopia,SNNP,Mirab Omo,3.0,3.0,SNNP,Mirab Omo,262515,223416,0.0,0.0,223416.0,0.0,0.0,223416.0,0.0,0.0,223416.0,0.0,0.0,223416.0,0.0,0.0,223416.0,0.0,0.0,223416.0
1493,2013-07-01,2.0,Ethiopia,Somali,Nogob,2.0,2.0,Somali,Nogob,217220,184867,0.0,184867.0,0.0,0.0,0.0,184867.0,0.0,184867.0,0.0,0.0,0.0,184867.0,0.0,184867.0,0.0,0.0,0.0,184867.0
1494,2013-07-01,3.0,Ethiopia,Amhara,North Gondar,3.0,2.0,Amhara,North Gondar,889977,757424,0.0,0.0,757424.0,0.0,0.0,757424.0,0.0,0.0,757424.0,0.0,0.0,757424.0,0.0,757424.0,0.0,0.0,0.0,757424.0
1495,2013-07-01,3.0,Ethiopia,Amhara,North Shewa,3.0,3.0,Amhara,North Shewa,2293091,1951559,0.0,0.0,1951559.0,0.0,0.0,1951559.0,0.0,0.0,1951559.0,0.0,0.0,1951559.0,0.0,0.0,1951559.0,0.0,0.0,1951559.0
1496,2013-07-01,3.0,Ethiopia,Amhara,North Wello,3.0,3.0,Amhara,North Wello,1740337,1481132,0.0,0.0,1481132.0,0.0,0.0,1481132.0,0.0,0.0,1481132.0,0.0,0.0,1481132.0,0.0,0.0,1481132.0,0.0,0.0,1481132.0
1497,2013-07-01,3.0,Ethiopia,Tigray,North Western,3.0,2.0,Tigray,North Western,893262,760220,0.0,0.0,760220.0,0.0,0.0,760220.0,0.0,0.0,760220.0,0.0,0.0,760220.0,0.0,760220.0,0.0,0.0,0.0,760220.0
1498,2013-07-01,3.0,Ethiopia,Gambela,Nuwer,2.0,2.0,Gambela,Nuwer,166901,142042,0.0,0.0,142042.0,0.0,0.0,142042.0,0.0,142042.0,0.0,0.0,0.0,142042.0,0.0,142042.0,0.0,0.0,0.0,142042.0
1499,2013-07-01,3.0,Ethiopia,Amhara,Oromia,3.0,3.0,Amhara,Oromia,569808,484941,0.0,0.0,484941.0,0.0,0.0,484941.0,0.0,0.0,484941.0,0.0,0.0,484941.0,0.0,0.0,484941.0,0.0,0.0,484941.0
1500,2013-07-01,3.0,Ethiopia,Somali,Shabelle,3.0,3.0,Somali,Shabelle,647430,551002,0.0,0.0,551002.0,0.0,0.0,551002.0,0.0,0.0,551002.0,0.0,0.0,551002.0,0.0,0.0,551002.0,0.0,0.0,551002.0
1501,2013-07-01,3.0,Ethiopia,SNNP,Sidama,3.0,2.0,SNNP,Sidama,4212331,3584948,0.0,0.0,3584948.0,0.0,0.0,3584948.0,0.0,0.0,3584948.0,0.0,0.0,3584948.0,0.0,3584948.0,0.0,0.0,0.0,3584948.0
1502,2013-07-01,3.0,Ethiopia,SNNP,Siltie,3.0,2.0,SNNP,Siltie,1051444,894842,0.0,0.0,894842.0,0.0,0.0,894842.0,0.0,0.0,894842.0,0.0,0.0,894842.0,0.0,894842.0,0.0,0.0,0.0,894842.0
1503,2013-07-01,3.0,Ethiopia,Somali,Siti,3.0,3.0,Somali,Siti,644214,548265,0.0,0.0,548265.0,0.0,0.0,548265.0,0.0,0.0,548265.0,0.0,0.0,548265.0,0.0,0.0,548265.0,0.0,0.0,548265.0
1504,2013-07-01,3.0,Ethiopia,Tigray,South Eastern,3.0,3.0,Tigray,South Eastern,528199,449529,0.0,0.0,449529.0,0.0,0.0,449529.0,0.0,0.0,449529.0,0.0,0.0,449529.0,0.0,0.0,449529.0,0.0,0.0,449529.0
1505,2013-07-01,3.0,Ethiopia,Amhara,South Gondar,3.0,2.0,Amhara,South Gondar,2526963,2150598,0.0,0.0,2150598.0,0.0,0.0,2150598.0,0.0,0.0,2150598.0,0.0,0.0,2150598.0,0.0,2150598.0,0.0,0.0,0.0,2150598.0
1506,2013-07-01,2.0,Ethiopia,SNNP,South Omo,2.0,2.0,SNNP,South Omo,754134,641813,0.0,641813.0,0.0,0.0,0.0,641813.0,0.0,641813.0,0.0,0.0,0.0,641813.0,0.0,641813.0,0.0,0.0,0.0,641813.0
1507,2013-07-01,3.0,Ethiopia,Amhara,South Wello,3.0,3.0,Amhara,South Wello,3246827,2763246,0.0,0.0,2763246.0,0.0,0.0,2763246.0,0.0,0.0,2763246.0,0.0,0.0,2763246.0,0.0,0.0,2763246.0,0.0,0.0,2763246.0
1508,2013-07-01,3.0,Ethiopia,Oromia,South West Shewa,3.0,2.0,Oromia,South West Shewa,1264234,1075939,0.0,0.0,1075939.0,0.0,0.0,1075939.0,0.0,0.0,1075939.0,0.0,0.0,1075939.0,0.0,1075939.0,0.0,0.0,0.0,1075939.0
1509,2013-07-01,3.0,Ethiopia,Tigray,Southern,3.0,2.0,Tigray,Southern,752344,640290,0.0,0.0,640290.0,0.0,0.0,640290.0,0.0,0.0,640290.0,0.0,0.0,640290.0,0.0,640290.0,0.0,0.0,0.0,640290.0
1510,2013-07-01,3.0,Ethiopia,Amhara,Wag Hamra,3.0,2.0,Amhara,Wag Hamra,516457,439536,0.0,0.0,439536.0,0.0,0.0,439536.0,0.0,0.0,439536.0,0.0,0.0,439536.0,0.0,439536.0,0.0,0.0,0.0,439536.0
1511,2013-07-01,3.0,Ethiopia,Oromia,West Arsi,3.0,2.0,Oromia,West Arsi,2868933,2441635,0.0,0.0,2441635.0,0.0,0.0,2441635.0,0.0,0.0,2441635.0,0.0,0.0,2441635.0,0.0,2441635.0,0.0,0.0,0.0,2441635.0
1512,2013-07-01,2.0,Ethiopia,Oromia,West Guji,2.0,2.0,Oromia,West Guji,1223292,1041095,0.0,1041095.0,0.0,0.0,0.0,1041095.0,0.0,1041095.0,0.0,0.0,0.0,1041095.0,0.0,1041095.0,0.0,0.0,0.0,1041095.0
1513,2013-07-01,3.0,Ethiopia,Oromia,West Hararge,3.0,2.0,Oromia,West Hararge,2568661,2186086,0.0,0.0,2186086.0,0.0,0.0,2186086.0,0.0,0.0,2186086.0,0.0,0.0,2186086.0,0.0,2186086.0,0.0,0.0,0.0,2186086.0
1514,2013-07-01,1.0,Ethiopia,Oromia,West Wellega,1.0,1.0,Oromia,West Wellega,1880222,1600182,1600182.0,0.0,0.0,0.0,0.0,1600182.0,1600182.0,0.0,0.0,0.0,0.0,1600182.0,1600182.0,0.0,0.0,0.0,0.0,1600182.0
1515,2013-07-01,2.0,Ethiopia,Tigray,Western,2.0,2.0,Tigray,Western,440553,374937,0.0,374937.0,0.0,0.0,0.0,374937.0,0.0,374937.0,0.0,0.0,0.0,374937.0,0.0,374937.0,0.0,0.0,0.0,374937.0
1516,2013-07-01,2.0,Ethiopia,SNNP,Wolayita,2.0,2.0,SNNP,Wolayita,1999292,1701518,0.0,1701518.0,0.0,0.0,0.0,1701518.0,0.0,1701518.0,0.0,0.0,0.0,1701518.0,0.0,1701518.0,0.0,0.0,0.0,1701518.0
1517,2013-07-01,2.0,Ethiopia,SNNP,Yem Special,2.0,2.0,SNNP,Yem Special,102526,87255,0.0,87255.0,0.0,0.0,0.0,87255.0,0.0,87255.0,0.0,0.0,0.0,87255.0,0.0,87255.0,0.0,0.0,0.0,87255.0
1518,2013-07-01,3.0,Ethiopia,Afar,Zone 1 (Awsi Rasu),3.0,3.0,Afar,Zone 1 (Awsi Rasu),643036,547262,0.0,0.0,547262.0,0.0,0.0,547262.0,0.0,0.0,547262.0,0.0,0.0,547262.0,0.0,0.0,547262.0,0.0,0.0,547262.0
1519,2013-07-01,3.0,Ethiopia,Afar,Zone 2 (Kilbet Rasu),3.0,3.0,Afar,Zone 2 (Kilbet Rasu),493764,420223,0.0,0.0,420223.0,0.0,0.0,420223.0,0.0,0.0,420223.0,0.0,0.0,420223.0,0.0,0.0,420223.0,0.0,0.0,420223.0
1520,2013-07-01,3.0,Ethiopia,Afar,Zone 3 (Gabi Rasu),3.0,2.0,Afar,Zone 3 (Gabi Rasu),281357,239451,0.0,0.0,239451.0,0.0,0.0,239451.0,0.0,0.0,239451.0,0.0,0.0,239451.0,0.0,239451.0,0.0,0.0,0.0,239451.0
1521,2013-07-01,3.0,Ethiopia,Afar,Zone 4 (Fantana Rasu),3.0,3.0,Afar,Zone 4 (Fantana Rasu),276855,235620,0.0,0.0,235620.0,0.0,0.0,235620.0,0.0,0.0,235620.0,0.0,0.0,235620.0,0.0,0.0,235620.0,0.0,0.0,235620.0
1522,2013-07-01,3.0,Ethiopia,Afar,Zone 5 (Hari Rasu),3.0,2.0,Afar,Zone 5 (Hari Rasu),209402,178213,0.0,0.0,178213.0,0.0,0.0,178213.0,0.0,0.0,178213.0,0.0,0.0,178213.0,0.0,178213.0,0.0,0.0,0.0,178213.0
1523,2013-07-01,3.0,Ethiopia,Gambela,Agnewak,3.0,3.0,Gambela,Agnewak,164054,139619,0.0,0.0,139619.0,0.0,0.0,139619.0,0.0,0.0,139619.0,0.0,0.0,139619.0,0.0,0.0,139619.0,0.0,0.0,139619.0
1524,2013-07-01,2.0,Ethiopia,Somali,Doolo,2.0,2.0,Somali,Doolo,425824,362402,0.0,362402.0,0.0,0.0,0.0,362402.0,0.0,362402.0,0.0,0.0,0.0,362402.0,0.0,362402.0,0.0,0.0,0.0,362402.0
1525,2013-07-01,2.0,Ethiopia,Somali,Korahe,2.0,2.0,Somali,Korahe,511890,435649,0.0,435649.0,0.0,0.0,0.0,435649.0,0.0,435649.0,0.0,0.0,0.0,435649.0,0.0,435649.0,0.0,0.0,0.0,435649.0
1526,2013-07-01,3.0,Ethiopia,Oromia,Finfine Special,3.0,2.0,Oromia,Finfine Special,1040106,885193,0.0,0.0,885193.0,0.0,0.0,885193.0,0.0,0.0,885193.0,0.0,0.0,885193.0,0.0,885193.0,0.0,0.0,0.0,885193.0
1527,2013-07-01,1.0,Ethiopia,Addis Ababa,Region 14,1.0,1.0,Addis Ababa,Region 14,3585647,3051602,3051602.0,0.0,0.0,0.0,0.0,3051602.0,3051602.0,0.0,0.0,0.0,0.0,3051602.0,3051602.0,0.0,0.0,0.0,0.0,3051602.0
1528,2013-07-01,1.0,Ethiopia,Amhara,West Gojam,1.0,1.0,Amhara,West Gojam,2894095,2463050,2463050.0,0.0,0.0,0.0,0.0,2463050.0,2463050.0,0.0,0.0,0.0,0.0,2463050.0,2463050.0,0.0,0.0,0.0,0.0,2463050.0
1529,2013-07-01,2.0,Ethiopia,SNNP,Basketo,2.0,2.0,SNNP,Basketo,75512,64265,0.0,64265.0,0.0,0.0,0.0,64265.0,0.0,64265.0,0.0,0.0,0.0,64265.0,0.0,64265.0,0.0,0.0,0.0,64265.0
1530,2013-07-01,1.0,Ethiopia,SNNP,Bench Maji,1.0,1.0,SNNP,Bench Maji,603595,513695,513695.0,0.0,0.0,0.0,0.0,513695.0,513695.0,0.0,0.0,0.0,0.0,513695.0,513695.0,0.0,0.0,0.0,0.0,513695.0
1531,2013-07-01,2.0,Ethiopia,Gambela,Etang Special woreda,2.0,1.0,Gambela,Etang Special woreda,50260,42774,0.0,42774.0,0.0,0.0,0.0,42774.0,0.0,42774.0,0.0,0.0,0.0,42774.0,42774.0,0.0,0.0,0.0,0.0,42774.0
1532,2013-07-01,1.0,Ethiopia,Oromia,Ilu Aba Bora,1.0,1.0,Oromia,Ilu Aba Bora,953178,811212,811212.0,0.0,0.0,0.0,0.0,811212.0,811212.0,0.0,0.0,0.0,0.0,811212.0,811212.0,0.0,0.0,0.0,0.0,811212.0
1533,2013-07-01,2.0,Ethiopia,SNNP,Kefa,2.0,2.0,SNNP,Kefa,1053546,896631,0.0,896631.0,0.0,0.0,0.0,896631.0,0.0,896631.0,0.0,0.0,0.0,896631.0,0.0,896631.0,0.0,0.0,0.0,896631.0
1534,2013-07-01,2.0,Ethiopia,SNNP,Konta Special,2.0,2.0,SNNP,Konta Special,119904,102045,0.0,102045.0,0.0,0.0,0.0,102045.0,0.0,102045.0,0.0,0.0,0.0,102045.0,0.0,102045.0,0.0,0.0,0.0,102045.0
1535,2013-07-01,1.0,Ethiopia,Gambela,Mejenger,1.0,1.0,Gambela,Mejenger,81617,69461,69461.0,0.0,0.0,0.0,0.0,69461.0,69461.0,0.0,0.0,0.0,0.0,69461.0,69461.0,0.0,0.0,0.0,0.0,69461.0
1536,2013-07-01,3.0,Ethiopia,Benishangul Gumz,Asosa,3.0,2.0,Benishangul Gumz,Asosa,402287,342370,0.0,0.0,342370.0,0.0,0.0,342370.0,0.0,0.0,342370.0,0.0,0.0,342370.0,0.0,342370.0,0.0,0.0,0.0,342370.0
1537,2013-07-01,3.0,Ethiopia,Dire Dawa,Dire Dawa urban,3.0,3.0,Dire Dawa,Dire Dawa urban,319985,272326,0.0,0.0,272326.0,0.0,0.0,272326.0,0.0,0.0,272326.0,0.0,0.0,272326.0,0.0,0.0,272326.0,0.0,0.0,272326.0
1538,2013-07-01,2.0,Ethiopia,Oromia,Horo Gudru Wellega,2.0,1.0,Oromia,Horo Gudru Wellega,791731,673811,0.0,673811.0,0.0,0.0,0.0,673811.0,0.0,673811.0,0.0,0.0,0.0,673811.0,673811.0,0.0,0.0,0.0,0.0,673811.0
1539,2013-07-01,2.0,Ethiopia,Oromia,Kelem Wellega,2.0,1.0,Oromia,Kelem Wellega,1141498,971483,0.0,971483.0,0.0,0.0,0.0,971483.0,0.0,971483.0,0.0,0.0,0.0,971483.0,971483.0,0.0,0.0,0.0,0.0,971483.0
1540,2013-07-01,3.0,Ethiopia,Benishangul Gumz,Mao Komo Special,3.0,2.0,Benishangul Gumz,Mao Komo Special,70414,59926,0.0,0.0,59926.0,0.0,0.0,59926.0,0.0,0.0,59926.0,0.0,0.0,59926.0,0.0,59926.0,0.0,0.0,0.0,59926.0
1541,2013-07-01,1.0,Ethiopia,Benishangul Gumz,Metekel,1.0,1.0,Benishangul Gumz,Metekel,479162,407795,407795.0,0.0,0.0,0.0,0.0,407795.0,407795.0,0.0,0.0,0.0,0.0,407795.0,407795.0,0.0,0.0,0.0,0.0,407795.0
1542,2013-07-01,3.0,Ethiopia,Oromia,North Shewa,3.0,2.0,Oromia,North Shewa,1626893,1384584,0.0,0.0,1384584.0,0.0,0.0,1384584.0,0.0,0.0,1384584.0,0.0,0.0,1384584.0,0.0,1384584.0,0.0,0.0,0.0,1384584.0
1543,2013-07-01,1.0,Ethiopia,SNNP,Sheka,1.0,1.0,SNNP,Sheka,274212,233371,233371.0,0.0,0.0,0.0,0.0,233371.0,233371.0,0.0,0.0,0.0,0.0,233371.0,233371.0,0.0,0.0,0.0,0.0,233371.0
1544,2013-07-01,3.0,Ethiopia,Oromia,West Shewa,3.0,2.0,Oromia,West Shewa,2773901,2360757,0.0,0.0,2360757.0,0.0,0.0,2360757.0,0.0,0.0,2360757.0,0.0,0.0,2360757.0,0.0,2360757.0,0.0,0.0,0.0,2360757.0
1545,2013-07-01,1.0,Ethiopia,Amhara,Awi,1.0,1.0,Amhara,Awi,1338704,1139318,1139318.0,0.0,0.0,0.0,0.0,1139318.0,1139318.0,0.0,0.0,0.0,0.0,1139318.0,1139318.0,0.0,0.0,0.0,0.0,1139318.0
1546,2013-07-01,1.0,Ethiopia,Amhara,West Gondar,1.0,1.0,Amhara,West Gondar,381393,324588,324588.0,0.0,0.0,0.0,0.0,324588.0,324588.0,0.0,0.0,0.0,0.0,324588.0,324588.0,0.0,0.0,0.0,0.0,324588.0
1547,2013-10-01,3.0,Ethiopia,Somali,Afder,3.0,2.0,Somali,Afder,654828,557298,0.0,0.0,557298.0,0.0,0.0,557298.0,0.0,0.0,557298.0,0.0,0.0,557298.0,0.0,557298.0,0.0,0.0,0.0,557298.0
1548,2013-10-01,2.0,Ethiopia,SNNP,Alle,2.0,2.0,SNNP,Alle,81190,69097,0.0,69097.0,0.0,0.0,0.0,69097.0,0.0,69097.0,0.0,0.0,0.0,69097.0,0.0,69097.0,0.0,0.0,0.0,69097.0
1549,2013-10-01,2.0,Ethiopia,SNNP,Amaro,2.0,2.0,SNNP,Amaro,195252,166171,0.0,166171.0,0.0,0.0,0.0,166171.0,0.0,166171.0,0.0,0.0,0.0,166171.0,0.0,166171.0,0.0,0.0,0.0,166171.0
1550,2013-10-01,2.0,Ethiopia,Oromia,Arsi,2.0,2.0,Oromia,Arsi,3645492,3102534,0.0,3102534.0,0.0,0.0,0.0,3102534.0,0.0,3102534.0,0.0,0.0,0.0,3102534.0,0.0,3102534.0,0.0,0.0,0.0,3102534.0
1551,2013-10-01,2.0,Ethiopia,Oromia,Bale,2.0,3.0,Oromia,Bale,1887498,1606375,0.0,1606375.0,0.0,0.0,0.0,1606375.0,0.0,1606375.0,0.0,0.0,0.0,1606375.0,0.0,0.0,1606375.0,0.0,0.0,1606375.0
1552,2013-10-01,2.0,Ethiopia,Oromia,Borena,2.0,2.0,Oromia,Borena,545493,464247,0.0,464247.0,0.0,0.0,0.0,464247.0,0.0,464247.0,0.0,0.0,0.0,464247.0,0.0,464247.0,0.0,0.0,0.0,464247.0
1553,2013-10-01,1.0,Ethiopia,Oromia,Buno Bedele,1.0,1.0,Oromia,Buno Bedele,809088,688582,688582.0,0.0,0.0,0.0,0.0,688582.0,688582.0,0.0,0.0,0.0,0.0,688582.0,688582.0,0.0,0.0,0.0,0.0,688582.0
1554,2013-10-01,2.0,Ethiopia,SNNP,Burji,2.0,2.0,SNNP,Burji,71728,61044,0.0,61044.0,0.0,0.0,0.0,61044.0,0.0,61044.0,0.0,0.0,0.0,61044.0,0.0,61044.0,0.0,0.0,0.0,61044.0
1555,2013-10-01,2.0,Ethiopia,Tigray,Central,2.0,3.0,Tigray,Central,1384454,1178254,0.0,1178254.0,0.0,0.0,0.0,1178254.0,0.0,1178254.0,0.0,0.0,0.0,1178254.0,0.0,0.0,1178254.0,0.0,0.0,1178254.0
1556,2013-10-01,2.0,Ethiopia,Amhara,Central Gondar,2.0,3.0,Amhara,Central Gondar,2719899,2314798,0.0,2314798.0,0.0,0.0,0.0,2314798.0,0.0,2314798.0,0.0,0.0,0.0,2314798.0,0.0,0.0,2314798.0,0.0,0.0,2314798.0
1557,2013-10-01,3.0,Ethiopia,Somali,Daawa,3.0,2.0,Somali,Daawa,457130,389045,0.0,0.0,389045.0,0.0,0.0,389045.0,0.0,0.0,389045.0,0.0,0.0,389045.0,0.0,389045.0,0.0,0.0,0.0,389045.0
1558,2013-10-01,2.0,Ethiopia,SNNP,Dawuro,2.0,2.0,SNNP,Dawuro,643931,548024,0.0,548024.0,0.0,0.0,0.0,548024.0,0.0,548024.0,0.0,0.0,0.0,548024.0,0.0,548024.0,0.0,0.0,0.0,548024.0
1559,2013-10-01,2.0,Ethiopia,SNNP,Derashe,2.0,2.0,SNNP,Derashe,107301,91319,0.0,91319.0,0.0,0.0,0.0,91319.0,0.0,91319.0,0.0,0.0,0.0,91319.0,0.0,91319.0,0.0,0.0,0.0,91319.0
1560,2013-10-01,2.0,Ethiopia,Dire Dawa,Dire Dawa rural,2.0,2.0,Dire Dawa,Dire Dawa rural,188933,160793,0.0,160793.0,0.0,0.0,0.0,160793.0,0.0,160793.0,0.0,0.0,0.0,160793.0,0.0,160793.0,0.0,0.0,0.0,160793.0
1561,2013-10-01,2.0,Ethiopia,Amhara,East Gojam,2.0,2.0,Amhara,East Gojam,2672621,2274562,0.0,2274562.0,0.0,0.0,0.0,2274562.0,0.0,2274562.0,0.0,0.0,0.0,2274562.0,0.0,2274562.0,0.0,0.0,0.0,2274562.0
1562,2013-10-01,2.0,Ethiopia,Oromia,East Hararge,2.0,3.0,Oromia,East Hararge,3739861,3182848,0.0,3182848.0,0.0,0.0,0.0,3182848.0,0.0,3182848.0,0.0,0.0,0.0,3182848.0,0.0,0.0,3182848.0,0.0,0.0,3182848.0
1563,2013-10-01,2.0,Ethiopia,Oromia,East Shewa,2.0,2.0,Oromia,East Shewa,2234419,1901625,0.0,1901625.0,0.0,0.0,0.0,1901625.0,0.0,1901625.0,0.0,0.0,0.0,1901625.0,0.0,1901625.0,0.0,0.0,0.0,1901625.0
1564,2013-10-01,1.0,Ethiopia,Oromia,East Wellega,1.0,1.0,Oromia,East Wellega,1693681,1441425,1441425.0,0.0,0.0,0.0,0.0,1441425.0,1441425.0,0.0,0.0,0.0,0.0,1441425.0,1441425.0,0.0,0.0,0.0,0.0,1441425.0
1565,2013-10-01,3.0,Ethiopia,Tigray,Eastern,3.0,3.0,Tigray,Eastern,940053,800042,0.0,0.0,800042.0,0.0,0.0,800042.0,0.0,0.0,800042.0,0.0,0.0,800042.0,0.0,0.0,800042.0,0.0,0.0,800042.0
1566,2013-10-01,2.0,Ethiopia,Somali,Erer,2.0,3.0,Somali,Erer,268901,228851,0.0,228851.0,0.0,0.0,0.0,228851.0,0.0,228851.0,0.0,0.0,0.0,228851.0,0.0,0.0,228851.0,0.0,0.0,228851.0
1567,2013-10-01,3.0,Ethiopia,Somali,Fafan,3.0,3.0,Somali,Fafan,1242707,1057618,0.0,0.0,1057618.0,0.0,0.0,1057618.0,0.0,0.0,1057618.0,0.0,0.0,1057618.0,0.0,0.0,1057618.0,0.0,0.0,1057618.0
1568,2013-10-01,2.0,Ethiopia,SNNP,Gamo,2.0,2.0,SNNP,Gamo,1462777,1244911,0.0,1244911.0,0.0,0.0,0.0,1244911.0,0.0,1244911.0,0.0,0.0,0.0,1244911.0,0.0,1244911.0,0.0,0.0,0.0,1244911.0
1569,2013-10-01,2.0,Ethiopia,SNNP,Gedeo,2.0,2.0,SNNP,Gedeo,1131834,963259,0.0,963259.0,0.0,0.0,0.0,963259.0,0.0,963259.0,0.0,0.0,0.0,963259.0,0.0,963259.0,0.0,0.0,0.0,963259.0
1570,2013-10-01,2.0,Ethiopia,SNNP,Gofa,2.0,2.0,SNNP,Gofa,623589,530711,0.0,530711.0,0.0,0.0,0.0,530711.0,0.0,530711.0,0.0,0.0,0.0,530711.0,0.0,530711.0,0.0,0.0,0.0,530711.0
1571,2013-10-01,2.0,Ethiopia,Oromia,Guji,2.0,2.0,Oromia,Guji,1482472,1261673,0.0,1261673.0,0.0,0.0,0.0,1261673.0,0.0,1261673.0,0.0,0.0,0.0,1261673.0,0.0,1261673.0,0.0,0.0,0.0,1261673.0
1572,2013-10-01,2.0,Ethiopia,SNNP,Guraghe,2.0,2.0,SNNP,Guraghe,1882107,1601787,0.0,1601787.0,0.0,0.0,0.0,1601787.0,0.0,1601787.0,0.0,0.0,0.0,1601787.0,0.0,1601787.0,0.0,0.0,0.0,1601787.0
1573,2013-10-01,2.0,Ethiopia,SNNP,Hadiya,2.0,3.0,SNNP,Hadiya,1700138,1446920,0.0,1446920.0,0.0,0.0,0.0,1446920.0,0.0,1446920.0,0.0,0.0,0.0,1446920.0,0.0,0.0,1446920.0,0.0,0.0,1446920.0
1574,2013-10-01,2.0,Ethiopia,SNNP,Halaba Special,2.0,3.0,SNNP,Halaba Special,658130,560108,0.0,560108.0,0.0,0.0,0.0,560108.0,0.0,560108.0,0.0,0.0,0.0,560108.0,0.0,0.0,560108.0,0.0,0.0,560108.0
1575,2013-10-01,2.0,Ethiopia,Harari,Harari,2.0,2.0,Harari,Harari,260022,221294,0.0,221294.0,0.0,0.0,0.0,221294.0,0.0,221294.0,0.0,0.0,0.0,221294.0,0.0,221294.0,0.0,0.0,0.0,221294.0
1576,2013-10-01,2.0,Ethiopia,Somali,Jarar,2.0,2.0,Somali,Jarar,641077,545595,0.0,545595.0,0.0,0.0,0.0,545595.0,0.0,545595.0,0.0,0.0,0.0,545595.0,0.0,545595.0,0.0,0.0,0.0,545595.0
1577,2013-10-01,2.0,Ethiopia,Oromia,Jimma,2.0,2.0,Oromia,Jimma,3672640,3125638,0.0,3125638.0,0.0,0.0,0.0,3125638.0,0.0,3125638.0,0.0,0.0,0.0,3125638.0,0.0,3125638.0,0.0,0.0,0.0,3125638.0
1578,2013-10-01,2.0,Ethiopia,Benishangul Gumz,Kemashi,2.0,2.0,Benishangul Gumz,Kemashi,150986,128498,0.0,128498.0,0.0,0.0,0.0,128498.0,0.0,128498.0,0.0,0.0,0.0,128498.0,0.0,128498.0,0.0,0.0,0.0,128498.0
1579,2013-10-01,2.0,Ethiopia,SNNP,Kembata Tibaro,2.0,3.0,SNNP,Kembata Tibaro,911347,775611,0.0,775611.0,0.0,0.0,0.0,775611.0,0.0,775611.0,0.0,0.0,0.0,775611.0,0.0,0.0,775611.0,0.0,0.0,775611.0
1580,2013-10-01,2.0,Ethiopia,SNNP,Konso,2.0,2.0,SNNP,Konso,284360,242007,0.0,242007.0,0.0,0.0,0.0,242007.0,0.0,242007.0,0.0,0.0,0.0,242007.0,0.0,242007.0,0.0,0.0,0.0,242007.0
1581,2013-10-01,3.0,Ethiopia,Somali,Liban,3.0,2.0,Somali,Liban,505190,429947,0.0,0.0,429947.0,0.0,0.0,429947.0,0.0,0.0,429947.0,0.0,0.0,429947.0,0.0,429947.0,0.0,0.0,0.0,429947.0
1582,2013-10-01,2.0,Ethiopia,Tigray,Mekele Special,2.0,2.0,Tigray,Mekele Special,418327,356021,0.0,356021.0,0.0,0.0,0.0,356021.0,0.0,356021.0,0.0,0.0,0.0,356021.0,0.0,356021.0,0.0,0.0,0.0,356021.0
1583,2013-10-01,3.0,Ethiopia,SNNP,Mirab Omo,3.0,2.0,SNNP,Mirab Omo,262515,223416,0.0,0.0,223416.0,0.0,0.0,223416.0,0.0,0.0,223416.0,0.0,0.0,223416.0,0.0,223416.0,0.0,0.0,0.0,223416.0
1584,2013-10-01,2.0,Ethiopia,Somali,Nogob,2.0,2.0,Somali,Nogob,217220,184867,0.0,184867.0,0.0,0.0,0.0,184867.0,0.0,184867.0,0.0,0.0,0.0,184867.0,0.0,184867.0,0.0,0.0,0.0,184867.0
1585,2013-10-01,2.0,Ethiopia,Amhara,North Gondar,2.0,3.0,Amhara,North Gondar,889977,757424,0.0,757424.0,0.0,0.0,0.0,757424.0,0.0,757424.0,0.0,0.0,0.0,757424.0,0.0,0.0,757424.0,0.0,0.0,757424.0
1586,2013-10-01,3.0,Ethiopia,Amhara,North Shewa,3.0,3.0,Amhara,North Shewa,2293091,1951559,0.0,0.0,1951559.0,0.0,0.0,1951559.0,0.0,0.0,1951559.0,0.0,0.0,1951559.0,0.0,0.0,1951559.0,0.0,0.0,1951559.0
1587,2013-10-01,3.0,Ethiopia,Amhara,North Wello,3.0,3.0,Amhara,North Wello,1740337,1481132,0.0,0.0,1481132.0,0.0,0.0,1481132.0,0.0,0.0,1481132.0,0.0,0.0,1481132.0,0.0,0.0,1481132.0,0.0,0.0,1481132.0
1588,2013-10-01,2.0,Ethiopia,Tigray,North Western,2.0,3.0,Tigray,North Western,893262,760220,0.0,760220.0,0.0,0.0,0.0,760220.0,0.0,760220.0,0.0,0.0,0.0,760220.0,0.0,0.0,760220.0,0.0,0.0,760220.0
1589,2013-10-01,2.0,Ethiopia,Gambela,Nuwer,1.0,2.0,Gambela,Nuwer,166901,142042,0.0,142042.0,0.0,0.0,0.0,142042.0,142042.0,0.0,0.0,0.0,0.0,142042.0,0.0,142042.0,0.0,0.0,0.0,142042.0
1590,2013-10-01,3.0,Ethiopia,Amhara,Oromia,3.0,3.0,Amhara,Oromia,569808,484941,0.0,0.0,484941.0,0.0,0.0,484941.0,0.0,0.0,484941.0,0.0,0.0,484941.0,0.0,0.0,484941.0,0.0,0.0,484941.0
1591,2013-10-01,3.0,Ethiopia,Somali,Shabelle,3.0,4.0,Somali,Shabelle,647430,551002,0.0,0.0,551002.0,0.0,0.0,551002.0,0.0,0.0,551002.0,0.0,0.0,551002.0,0.0,0.0,0.0,551002.0,0.0,551002.0
1592,2013-10-01,2.0,Ethiopia,SNNP,Sidama,2.0,2.0,SNNP,Sidama,4212331,3584948,0.0,3584948.0,0.0,0.0,0.0,3584948.0,0.0,3584948.0,0.0,0.0,0.0,3584948.0,0.0,3584948.0,0.0,0.0,0.0,3584948.0
1593,2013-10-01,2.0,Ethiopia,SNNP,Siltie,2.0,2.0,SNNP,Siltie,1051444,894842,0.0,894842.0,0.0,0.0,0.0,894842.0,0.0,894842.0,0.0,0.0,0.0,894842.0,0.0,894842.0,0.0,0.0,0.0,894842.0
1594,2013-10-01,3.0,Ethiopia,Somali,Siti,3.0,3.0,Somali,Siti,644214,548265,0.0,0.0,548265.0,0.0,0.0,548265.0,0.0,0.0,548265.0,0.0,0.0,548265.0,0.0,0.0,548265.0,0.0,0.0,548265.0
1595,2013-10-01,3.0,Ethiopia,Tigray,South Eastern,3.0,3.0,Tigray,South Eastern,528199,449529,0.0,0.0,449529.0,0.0,0.0,449529.0,0.0,0.0,449529.0,0.0,0.0,449529.0,0.0,0.0,449529.0,0.0,0.0,449529.0
1596,2013-10-01,2.0,Ethiopia,Amhara,South Gondar,2.0,3.0,Amhara,South Gondar,2526963,2150598,0.0,2150598.0,0.0,0.0,0.0,2150598.0,0.0,2150598.0,0.0,0.0,0.0,2150598.0,0.0,0.0,2150598.0,0.0,0.0,2150598.0
1597,2013-10-01,2.0,Ethiopia,SNNP,South Omo,2.0,2.0,SNNP,South Omo,754134,641813,0.0,641813.0,0.0,0.0,0.0,641813.0,0.0,641813.0,0.0,0.0,0.0,641813.0,0.0,641813.0,0.0,0.0,0.0,641813.0
1598,2013-10-01,3.0,Ethiopia,Amhara,South Wello,3.0,3.0,Amhara,South Wello,3246827,2763246,0.0,0.0,2763246.0,0.0,0.0,2763246.0,0.0,0.0,2763246.0,0.0,0.0,2763246.0,0.0,0.0,2763246.0,0.0,0.0,2763246.0
1599,2013-10-01,2.0,Ethiopia,Oromia,South West Shewa,2.0,2.0,Oromia,South West Shewa,1264234,1075939,0.0,1075939.0,0.0,0.0,0.0,1075939.0,0.0,1075939.0,0.0,0.0,0.0,1075939.0,0.0,1075939.0,0.0,0.0,0.0,1075939.0
1600,2013-10-01,2.0,Ethiopia,Tigray,Southern,2.0,3.0,Tigray,Southern,752344,640290,0.0,640290.0,0.0,0.0,0.0,640290.0,0.0,640290.0,0.0,0.0,0.0,640290.0,0.0,0.0,640290.0,0.0,0.0,640290.0
1601,2013-10-01,2.0,Ethiopia,Amhara,Wag Hamra,2.0,3.0,Amhara,Wag Hamra,516457,439536,0.0,439536.0,0.0,0.0,0.0,439536.0,0.0,439536.0,0.0,0.0,0.0,439536.0,0.0,0.0,439536.0,0.0,0.0,439536.0
1602,2013-10-01,2.0,Ethiopia,Oromia,West Arsi,2.0,2.0,Oromia,West Arsi,2868933,2441635,0.0,2441635.0,0.0,0.0,0.0,2441635.0,0.0,2441635.0,0.0,0.0,0.0,2441635.0,0.0,2441635.0,0.0,0.0,0.0,2441635.0
1603,2013-10-01,2.0,Ethiopia,Oromia,West Guji,2.0,2.0,Oromia,West Guji,1223292,1041095,0.0,1041095.0,0.0,0.0,0.0,1041095.0,0.0,1041095.0,0.0,0.0,0.0,1041095.0,0.0,1041095.0,0.0,0.0,0.0,1041095.0
1604,2013-10-01,2.0,Ethiopia,Oromia,West Hararge,2.0,3.0,Oromia,West Hararge,2568661,2186086,0.0,2186086.0,0.0,0.0,0.0,2186086.0,0.0,2186086.0,0.0,0.0,0.0,2186086.0,0.0,0.0,2186086.0,0.0,0.0,2186086.0
1605,2013-10-01,1.0,Ethiopia,Oromia,West Wellega,1.0,1.0,Oromia,West Wellega,1880222,1600182,1600182.0,0.0,0.0,0.0,0.0,1600182.0,1600182.0,0.0,0.0,0.0,0.0,1600182.0,1600182.0,0.0,0.0,0.0,0.0,1600182.0
1606,2013-10-01,2.0,Ethiopia,Tigray,Western,2.0,2.0,Tigray,Western,440553,374937,0.0,374937.0,0.0,0.0,0.0,374937.0,0.0,374937.0,0.0,0.0,0.0,374937.0,0.0,374937.0,0.0,0.0,0.0,374937.0
1607,2013-10-01,2.0,Ethiopia,SNNP,Wolayita,2.0,3.0,SNNP,Wolayita,1999292,1701518,0.0,1701518.0,0.0,0.0,0.0,1701518.0,0.0,1701518.0,0.0,0.0,0.0,1701518.0,0.0,0.0,1701518.0,0.0,0.0,1701518.0
1608,2013-10-01,2.0,Ethiopia,SNNP,Yem Special,2.0,2.0,SNNP,Yem Special,102526,87255,0.0,87255.0,0.0,0.0,0.0,87255.0,0.0,87255.0,0.0,0.0,0.0,87255.0,0.0,87255.0,0.0,0.0,0.0,87255.0
1609,2013-10-01,3.0,Ethiopia,Afar,Zone 1 (Awsi Rasu),3.0,3.0,Afar,Zone 1 (Awsi Rasu),643036,547262,0.0,0.0,547262.0,0.0,0.0,547262.0,0.0,0.0,547262.0,0.0,0.0,547262.0,0.0,0.0,547262.0,0.0,0.0,547262.0
1610,2013-10-01,3.0,Ethiopia,Afar,Zone 2 (Kilbet Rasu),3.0,3.0,Afar,Zone 2 (Kilbet Rasu),493764,420223,0.0,0.0,420223.0,0.0,0.0,420223.0,0.0,0.0,420223.0,0.0,0.0,420223.0,0.0,0.0,420223.0,0.0,0.0,420223.0
1611,2013-10-01,2.0,Ethiopia,Afar,Zone 3 (Gabi Rasu),2.0,2.0,Afar,Zone 3 (Gabi Rasu),281357,239451,0.0,239451.0,0.0,0.0,0.0,239451.0,0.0,239451.0,0.0,0.0,0.0,239451.0,0.0,239451.0,0.0,0.0,0.0,239451.0
1612,2013-10-01,3.0,Ethiopia,Afar,Zone 4 (Fantana Rasu),3.0,3.0,Afar,Zone 4 (Fantana Rasu),276855,235620,0.0,0.0,235620.0,0.0,0.0,235620.0,0.0,0.0,235620.0,0.0,0.0,235620.0,0.0,0.0,235620.0,0.0,0.0,235620.0
1613,2013-10-01,2.0,Ethiopia,Afar,Zone 5 (Hari Rasu),2.0,2.0,Afar,Zone 5 (Hari Rasu),209402,178213,0.0,178213.0,0.0,0.0,0.0,178213.0,0.0,178213.0,0.0,0.0,0.0,178213.0,0.0,178213.0,0.0,0.0,0.0,178213.0
1614,2013-10-01,3.0,Ethiopia,Gambela,Agnewak,3.0,2.0,Gambela,Agnewak,164054,139619,0.0,0.0,139619.0,0.0,0.0,139619.0,0.0,0.0,139619.0,0.0,0.0,139619.0,0.0,139619.0,0.0,0.0,0.0,139619.0
1615,2013-10-01,2.0,Ethiopia,Somali,Doolo,2.0,2.0,Somali,Doolo,425824,362402,0.0,362402.0,0.0,0.0,0.0,362402.0,0.0,362402.0,0.0,0.0,0.0,362402.0,0.0,362402.0,0.0,0.0,0.0,362402.0
1616,2013-10-01,2.0,Ethiopia,Somali,Korahe,2.0,2.0,Somali,Korahe,511890,435649,0.0,435649.0,0.0,0.0,0.0,435649.0,0.0,435649.0,0.0,0.0,0.0,435649.0,0.0,435649.0,0.0,0.0,0.0,435649.0
1617,2013-10-01,2.0,Ethiopia,Oromia,Finfine Special,2.0,2.0,Oromia,Finfine Special,1040106,885193,0.0,885193.0,0.0,0.0,0.0,885193.0,0.0,885193.0,0.0,0.0,0.0,885193.0,0.0,885193.0,0.0,0.0,0.0,885193.0
1618,2013-10-01,1.0,Ethiopia,Addis Ababa,Region 14,1.0,1.0,Addis Ababa,Region 14,3585647,3051602,3051602.0,0.0,0.0,0.0,0.0,3051602.0,3051602.0,0.0,0.0,0.0,0.0,3051602.0,3051602.0,0.0,0.0,0.0,0.0,3051602.0
1619,2013-10-01,1.0,Ethiopia,Amhara,West Gojam,1.0,1.0,Amhara,West Gojam,2894095,2463050,2463050.0,0.0,0.0,0.0,0.0,2463050.0,2463050.0,0.0,0.0,0.0,0.0,2463050.0,2463050.0,0.0,0.0,0.0,0.0,2463050.0
1620,2013-10-01,2.0,Ethiopia,SNNP,Basketo,2.0,2.0,SNNP,Basketo,75512,64265,0.0,64265.0,0.0,0.0,0.0,64265.0,0.0,64265.0,0.0,0.0,0.0,64265.0,0.0,64265.0,0.0,0.0,0.0,64265.0
1621,2013-10-01,1.0,Ethiopia,SNNP,Bench Maji,1.0,1.0,SNNP,Bench Maji,603595,513695,513695.0,0.0,0.0,0.0,0.0,513695.0,513695.0,0.0,0.0,0.0,0.0,513695.0,513695.0,0.0,0.0,0.0,0.0,513695.0
1622,2013-10-01,1.0,Ethiopia,Gambela,Etang Special woreda,1.0,1.0,Gambela,Etang Special woreda,50260,42774,42774.0,0.0,0.0,0.0,0.0,42774.0,42774.0,0.0,0.0,0.0,0.0,42774.0,42774.0,0.0,0.0,0.0,0.0,42774.0
1623,2013-10-01,1.0,Ethiopia,Oromia,Ilu Aba Bora,1.0,1.0,Oromia,Ilu Aba Bora,953178,811212,811212.0,0.0,0.0,0.0,0.0,811212.0,811212.0,0.0,0.0,0.0,0.0,811212.0,811212.0,0.0,0.0,0.0,0.0,811212.0
1624,2013-10-01,2.0,Ethiopia,SNNP,Kefa,2.0,2.0,SNNP,Kefa,1053546,896631,0.0,896631.0,0.0,0.0,0.0,896631.0,0.0,896631.0,0.0,0.0,0.0,896631.0,0.0,896631.0,0.0,0.0,0.0,896631.0
1625,2013-10-01,2.0,Ethiopia,SNNP,Konta Special,2.0,2.0,SNNP,Konta Special,119904,102045,0.0,102045.0,0.0,0.0,0.0,102045.0,0.0,102045.0,0.0,0.0,0.0,102045.0,0.0,102045.0,0.0,0.0,0.0,102045.0
1626,2013-10-01,1.0,Ethiopia,Gambela,Mejenger,1.0,1.0,Gambela,Mejenger,81617,69461,69461.0,0.0,0.0,0.0,0.0,69461.0,69461.0,0.0,0.0,0.0,0.0,69461.0,69461.0,0.0,0.0,0.0,0.0,69461.0
1627,2013-10-01,2.0,Ethiopia,Benishangul Gumz,Asosa,2.0,2.0,Benishangul Gumz,Asosa,402287,342370,0.0,342370.0,0.0,0.0,0.0,342370.0,0.0,342370.0,0.0,0.0,0.0,342370.0,0.0,342370.0,0.0,0.0,0.0,342370.0
1628,2013-10-01,2.0,Ethiopia,Dire Dawa,Dire Dawa urban,2.0,2.0,Dire Dawa,Dire Dawa urban,319985,272326,0.0,272326.0,0.0,0.0,0.0,272326.0,0.0,272326.0,0.0,0.0,0.0,272326.0,0.0,272326.0,0.0,0.0,0.0,272326.0
1629,2013-10-01,1.0,Ethiopia,Oromia,Horo Gudru Wellega,1.0,1.0,Oromia,Horo Gudru Wellega,791731,673811,673811.0,0.0,0.0,0.0,0.0,673811.0,673811.0,0.0,0.0,0.0,0.0,673811.0,673811.0,0.0,0.0,0.0,0.0,673811.0
1630,2013-10-01,1.0,Ethiopia,Oromia,Kelem Wellega,1.0,1.0,Oromia,Kelem Wellega,1141498,971483,971483.0,0.0,0.0,0.0,0.0,971483.0,971483.0,0.0,0.0,0.0,0.0,971483.0,971483.0,0.0,0.0,0.0,0.0,971483.0
1631,2013-10-01,2.0,Ethiopia,Benishangul Gumz,Mao Komo Special,2.0,2.0,Benishangul Gumz,Mao Komo Special,70414,59926,0.0,59926.0,0.0,0.0,0.0,59926.0,0.0,59926.0,0.0,0.0,0.0,59926.0,0.0,59926.0,0.0,0.0,0.0,59926.0
1632,2013-10-01,1.0,Ethiopia,Benishangul Gumz,Metekel,1.0,1.0,Benishangul Gumz,Metekel,479162,407795,407795.0,0.0,0.0,0.0,0.0,407795.0,407795.0,0.0,0.0,0.0,0.0,407795.0,407795.0,0.0,0.0,0.0,0.0,407795.0
1633,2013-10-01,2.0,Ethiopia,Oromia,North Shewa,2.0,2.0,Oromia,North Shewa,1626893,1384584,0.0,1384584.0,0.0,0.0,0.0,1384584.0,0.0,1384584.0,0.0,0.0,0.0,1384584.0,0.0,1384584.0,0.0,0.0,0.0,1384584.0
1634,2013-10-01,1.0,Ethiopia,SNNP,Sheka,1.0,1.0,SNNP,Sheka,274212,233371,233371.0,0.0,0.0,0.0,0.0,233371.0,233371.0,0.0,0.0,0.0,0.0,233371.0,233371.0,0.0,0.0,0.0,0.0,233371.0
1635,2013-10-01,2.0,Ethiopia,Oromia,West Shewa,2.0,2.0,Oromia,West Shewa,2773901,2360757,0.0,2360757.0,0.0,0.0,0.0,2360757.0,0.0,2360757.0,0.0,0.0,0.0,2360757.0,0.0,2360757.0,0.0,0.0,0.0,2360757.0
1636,2013-10-01,1.0,Ethiopia,Amhara,Awi,1.0,1.0,Amhara,Awi,1338704,1139318,1139318.0,0.0,0.0,0.0,0.0,1139318.0,1139318.0,0.0,0.0,0.0,0.0,1139318.0,1139318.0,0.0,0.0,0.0,0.0,1139318.0
1637,2013-10-01,1.0,Ethiopia,Amhara,West Gondar,1.0,1.0,Amhara,West Gondar,381393,324588,324588.0,0.0,0.0,0.0,0.0,324588.0,324588.0,0.0,0.0,0.0,0.0,324588.0,324588.0,0.0,0.0,0.0,0.0,324588.0
1638,2014-01-01,2.0,Ethiopia,Somali,Afder,2.0,2.0,Somali,Afder,654828,573122,0.0,573122.0,0.0,0.0,0.0,573122.0,0.0,573122.0,0.0,0.0,0.0,573122.0,0.0,573122.0,0.0,0.0,0.0,573122.0
1639,2014-01-01,2.0,Ethiopia,SNNP,Alle,2.0,2.0,SNNP,Alle,81190,71059,0.0,71059.0,0.0,0.0,0.0,71059.0,0.0,71059.0,0.0,0.0,0.0,71059.0,0.0,71059.0,0.0,0.0,0.0,71059.0
1640,2014-01-01,2.0,Ethiopia,SNNP,Amaro,2.0,2.0,SNNP,Amaro,195252,170889,0.0,170889.0,0.0,0.0,0.0,170889.0,0.0,170889.0,0.0,0.0,0.0,170889.0,0.0,170889.0,0.0,0.0,0.0,170889.0
1641,2014-01-01,2.0,Ethiopia,Oromia,Arsi,2.0,3.0,Oromia,Arsi,3645492,3190630,0.0,3190630.0,0.0,0.0,0.0,3190630.0,0.0,3190630.0,0.0,0.0,0.0,3190630.0,0.0,0.0,3190630.0,0.0,0.0,3190630.0
1642,2014-01-01,2.0,Ethiopia,Oromia,Bale,2.0,3.0,Oromia,Bale,1887498,1651987,0.0,1651987.0,0.0,0.0,0.0,1651987.0,0.0,1651987.0,0.0,0.0,0.0,1651987.0,0.0,0.0,1651987.0,0.0,0.0,1651987.0
1643,2014-01-01,2.0,Ethiopia,Oromia,Borena,2.0,2.0,Oromia,Borena,545493,477429,0.0,477429.0,0.0,0.0,0.0,477429.0,0.0,477429.0,0.0,0.0,0.0,477429.0,0.0,477429.0,0.0,0.0,0.0,477429.0
1644,2014-01-01,1.0,Ethiopia,Oromia,Buno Bedele,1.0,1.0,Oromia,Buno Bedele,809088,708135,708135.0,0.0,0.0,0.0,0.0,708135.0,708135.0,0.0,0.0,0.0,0.0,708135.0,708135.0,0.0,0.0,0.0,0.0,708135.0
1645,2014-01-01,2.0,Ethiopia,SNNP,Burji,2.0,2.0,SNNP,Burji,71728,62778,0.0,62778.0,0.0,0.0,0.0,62778.0,0.0,62778.0,0.0,0.0,0.0,62778.0,0.0,62778.0,0.0,0.0,0.0,62778.0
1646,2014-01-01,2.0,Ethiopia,Tigray,Central,2.0,3.0,Tigray,Central,1384454,1211710,0.0,1211710.0,0.0,0.0,0.0,1211710.0,0.0,1211710.0,0.0,0.0,0.0,1211710.0,0.0,0.0,1211710.0,0.0,0.0,1211710.0
1647,2014-01-01,2.0,Ethiopia,Amhara,Central Gondar,2.0,3.0,Amhara,Central Gondar,2719899,2380527,0.0,2380527.0,0.0,0.0,0.0,2380527.0,0.0,2380527.0,0.0,0.0,0.0,2380527.0,0.0,0.0,2380527.0,0.0,0.0,2380527.0
1648,2014-01-01,2.0,Ethiopia,Somali,Daawa,3.0,2.0,Somali,Daawa,457130,400092,0.0,400092.0,0.0,0.0,0.0,400092.0,0.0,0.0,400092.0,0.0,0.0,400092.0,0.0,400092.0,0.0,0.0,0.0,400092.0
1649,2014-01-01,2.0,Ethiopia,SNNP,Dawuro,2.0,2.0,SNNP,Dawuro,643931,563585,0.0,563585.0,0.0,0.0,0.0,563585.0,0.0,563585.0,0.0,0.0,0.0,563585.0,0.0,563585.0,0.0,0.0,0.0,563585.0
1650,2014-01-01,2.0,Ethiopia,SNNP,Derashe,2.0,2.0,SNNP,Derashe,107301,93912,0.0,93912.0,0.0,0.0,0.0,93912.0,0.0,93912.0,0.0,0.0,0.0,93912.0,0.0,93912.0,0.0,0.0,0.0,93912.0
1651,2014-01-01,2.0,Ethiopia,Dire Dawa,Dire Dawa rural,2.0,2.0,Dire Dawa,Dire Dawa rural,188933,165359,0.0,165359.0,0.0,0.0,0.0,165359.0,0.0,165359.0,0.0,0.0,0.0,165359.0,0.0,165359.0,0.0,0.0,0.0,165359.0
1652,2014-01-01,1.0,Ethiopia,Amhara,East Gojam,1.0,2.0,Amhara,East Gojam,2672621,2339148,2339148.0,0.0,0.0,0.0,0.0,2339148.0,2339148.0,0.0,0.0,0.0,0.0,2339148.0,0.0,2339148.0,0.0,0.0,0.0,2339148.0
1653,2014-01-01,2.0,Ethiopia,Oromia,East Hararge,2.0,3.0,Oromia,East Hararge,3739861,3273224,0.0,3273224.0,0.0,0.0,0.0,3273224.0,0.0,3273224.0,0.0,0.0,0.0,3273224.0,0.0,0.0,3273224.0,0.0,0.0,3273224.0
1654,2014-01-01,2.0,Ethiopia,Oromia,East Shewa,2.0,3.0,Oromia,East Shewa,2234419,1955622,0.0,1955622.0,0.0,0.0,0.0,1955622.0,0.0,1955622.0,0.0,0.0,0.0,1955622.0,0.0,0.0,1955622.0,0.0,0.0,1955622.0
1655,2014-01-01,1.0,Ethiopia,Oromia,East Wellega,1.0,1.0,Oromia,East Wellega,1693681,1482354,1482354.0,0.0,0.0,0.0,0.0,1482354.0,1482354.0,0.0,0.0,0.0,0.0,1482354.0,1482354.0,0.0,0.0,0.0,0.0,1482354.0
1656,2014-01-01,3.0,Ethiopia,Tigray,Eastern,3.0,3.0,Tigray,Eastern,940053,822759,0.0,0.0,822759.0,0.0,0.0,822759.0,0.0,0.0,822759.0,0.0,0.0,822759.0,0.0,0.0,822759.0,0.0,0.0,822759.0
1657,2014-01-01,2.0,Ethiopia,Somali,Erer,2.0,3.0,Somali,Erer,268901,235349,0.0,235349.0,0.0,0.0,0.0,235349.0,0.0,235349.0,0.0,0.0,0.0,235349.0,0.0,0.0,235349.0,0.0,0.0,235349.0
1658,2014-01-01,2.0,Ethiopia,Somali,Fafan,2.0,3.0,Somali,Fafan,1242707,1087649,0.0,1087649.0,0.0,0.0,0.0,1087649.0,0.0,1087649.0,0.0,0.0,0.0,1087649.0,0.0,0.0,1087649.0,0.0,0.0,1087649.0
1659,2014-01-01,2.0,Ethiopia,SNNP,Gamo,2.0,2.0,SNNP,Gamo,1462777,1280260,0.0,1280260.0,0.0,0.0,0.0,1280260.0,0.0,1280260.0,0.0,0.0,0.0,1280260.0,0.0,1280260.0,0.0,0.0,0.0,1280260.0
1660,2014-01-01,2.0,Ethiopia,SNNP,Gedeo,2.0,2.0,SNNP,Gedeo,1131834,990610,0.0,990610.0,0.0,0.0,0.0,990610.0,0.0,990610.0,0.0,0.0,0.0,990610.0,0.0,990610.0,0.0,0.0,0.0,990610.0
1661,2014-01-01,2.0,Ethiopia,SNNP,Gofa,2.0,2.0,SNNP,Gofa,623589,545781,0.0,545781.0,0.0,0.0,0.0,545781.0,0.0,545781.0,0.0,0.0,0.0,545781.0,0.0,545781.0,0.0,0.0,0.0,545781.0
1662,2014-01-01,2.0,Ethiopia,Oromia,Guji,2.0,2.0,Oromia,Guji,1482472,1297498,0.0,1297498.0,0.0,0.0,0.0,1297498.0,0.0,1297498.0,0.0,0.0,0.0,1297498.0,0.0,1297498.0,0.0,0.0,0.0,1297498.0
1663,2014-01-01,2.0,Ethiopia,SNNP,Guraghe,2.0,2.0,SNNP,Guraghe,1882107,1647269,0.0,1647269.0,0.0,0.0,0.0,1647269.0,0.0,1647269.0,0.0,0.0,0.0,1647269.0,0.0,1647269.0,0.0,0.0,0.0,1647269.0
1664,2014-01-01,2.0,Ethiopia,SNNP,Hadiya,2.0,3.0,SNNP,Hadiya,1700138,1488005,0.0,1488005.0,0.0,0.0,0.0,1488005.0,0.0,1488005.0,0.0,0.0,0.0,1488005.0,0.0,0.0,1488005.0,0.0,0.0,1488005.0
1665,2014-01-01,2.0,Ethiopia,SNNP,Halaba Special,2.0,3.0,SNNP,Halaba Special,658130,576012,0.0,576012.0,0.0,0.0,0.0,576012.0,0.0,576012.0,0.0,0.0,0.0,576012.0,0.0,0.0,576012.0,0.0,0.0,576012.0
1666,2014-01-01,1.0,Ethiopia,Harari,Harari,1.0,2.0,Harari,Harari,260022,227578,227578.0,0.0,0.0,0.0,0.0,227578.0,227578.0,0.0,0.0,0.0,0.0,227578.0,0.0,227578.0,0.0,0.0,0.0,227578.0
1667,2014-01-01,2.0,Ethiopia,Somali,Jarar,2.0,2.0,Somali,Jarar,641077,561087,0.0,561087.0,0.0,0.0,0.0,561087.0,0.0,561087.0,0.0,0.0,0.0,561087.0,0.0,561087.0,0.0,0.0,0.0,561087.0
1668,2014-01-01,2.0,Ethiopia,Oromia,Jimma,2.0,2.0,Oromia,Jimma,3672640,3214391,0.0,3214391.0,0.0,0.0,0.0,3214391.0,0.0,3214391.0,0.0,0.0,0.0,3214391.0,0.0,3214391.0,0.0,0.0,0.0,3214391.0
1669,2014-01-01,2.0,Ethiopia,Benishangul Gumz,Kemashi,2.0,2.0,Benishangul Gumz,Kemashi,150986,132146,0.0,132146.0,0.0,0.0,0.0,132146.0,0.0,132146.0,0.0,0.0,0.0,132146.0,0.0,132146.0,0.0,0.0,0.0,132146.0
1670,2014-01-01,2.0,Ethiopia,SNNP,Kembata Tibaro,2.0,3.0,SNNP,Kembata Tibaro,911347,797634,0.0,797634.0,0.0,0.0,0.0,797634.0,0.0,797634.0,0.0,0.0,0.0,797634.0,0.0,0.0,797634.0,0.0,0.0,797634.0
1671,2014-01-01,2.0,Ethiopia,SNNP,Konso,2.0,2.0,SNNP,Konso,284360,248879,0.0,248879.0,0.0,0.0,0.0,248879.0,0.0,248879.0,0.0,0.0,0.0,248879.0,0.0,248879.0,0.0,0.0,0.0,248879.0
1672,2014-01-01,2.0,Ethiopia,Somali,Liban,2.0,2.0,Somali,Liban,505190,442155,0.0,442155.0,0.0,0.0,0.0,442155.0,0.0,442155.0,0.0,0.0,0.0,442155.0,0.0,442155.0,0.0,0.0,0.0,442155.0
1673,2014-01-01,1.0,Ethiopia,Tigray,Mekele Special,1.0,2.0,Tigray,Mekele Special,418327,366130,366130.0,0.0,0.0,0.0,0.0,366130.0,366130.0,0.0,0.0,0.0,0.0,366130.0,0.0,366130.0,0.0,0.0,0.0,366130.0
1674,2014-01-01,2.0,Ethiopia,SNNP,Mirab Omo,2.0,2.0,SNNP,Mirab Omo,262515,229760,0.0,229760.0,0.0,0.0,0.0,229760.0,0.0,229760.0,0.0,0.0,0.0,229760.0,0.0,229760.0,0.0,0.0,0.0,229760.0
1675,2014-01-01,2.0,Ethiopia,Somali,Nogob,2.0,2.0,Somali,Nogob,217220,190116,0.0,190116.0,0.0,0.0,0.0,190116.0,0.0,190116.0,0.0,0.0,0.0,190116.0,0.0,190116.0,0.0,0.0,0.0,190116.0
1676,2014-01-01,2.0,Ethiopia,Amhara,North Gondar,2.0,3.0,Amhara,North Gondar,889977,778931,0.0,778931.0,0.0,0.0,0.0,778931.0,0.0,778931.0,0.0,0.0,0.0,778931.0,0.0,0.0,778931.0,0.0,0.0,778931.0
1677,2014-01-01,3.0,Ethiopia,Amhara,North Shewa,3.0,3.0,Amhara,North Shewa,2293091,2006973,0.0,0.0,2006973.0,0.0,0.0,2006973.0,0.0,0.0,2006973.0,0.0,0.0,2006973.0,0.0,0.0,2006973.0,0.0,0.0,2006973.0
1678,2014-01-01,3.0,Ethiopia,Amhara,North Wello,3.0,3.0,Amhara,North Wello,1740337,1523188,0.0,0.0,1523188.0,0.0,0.0,1523188.0,0.0,0.0,1523188.0,0.0,0.0,1523188.0,0.0,0.0,1523188.0,0.0,0.0,1523188.0
1679,2014-01-01,2.0,Ethiopia,Tigray,North Western,2.0,3.0,Tigray,North Western,893262,781806,0.0,781806.0,0.0,0.0,0.0,781806.0,0.0,781806.0,0.0,0.0,0.0,781806.0,0.0,0.0,781806.0,0.0,0.0,781806.0
1680,2014-01-01,1.0,Ethiopia,Gambela,Nuwer,1.0,1.0,Gambela,Nuwer,166901,146076,146076.0,0.0,0.0,0.0,0.0,146076.0,146076.0,0.0,0.0,0.0,0.0,146076.0,146076.0,0.0,0.0,0.0,0.0,146076.0
1681,2014-01-01,3.0,Ethiopia,Amhara,Oromia,3.0,3.0,Amhara,Oromia,569808,498710,0.0,0.0,498710.0,0.0,0.0,498710.0,0.0,0.0,498710.0,0.0,0.0,498710.0,0.0,0.0,498710.0,0.0,0.0,498710.0
1682,2014-01-01,2.0,Ethiopia,Somali,Shabelle,3.0,4.0,Somali,Shabelle,647430,566647,0.0,566647.0,0.0,0.0,0.0,566647.0,0.0,0.0,566647.0,0.0,0.0,566647.0,0.0,0.0,0.0,566647.0,0.0,566647.0
1683,2014-01-01,2.0,Ethiopia,SNNP,Sidama,2.0,3.0,SNNP,Sidama,4212331,3686742,0.0,3686742.0,0.0,0.0,0.0,3686742.0,0.0,3686742.0,0.0,0.0,0.0,3686742.0,0.0,0.0,3686742.0,0.0,0.0,3686742.0
1684,2014-01-01,2.0,Ethiopia,SNNP,Siltie,2.0,2.0,SNNP,Siltie,1051444,920251,0.0,920251.0,0.0,0.0,0.0,920251.0,0.0,920251.0,0.0,0.0,0.0,920251.0,0.0,920251.0,0.0,0.0,0.0,920251.0
1685,2014-01-01,2.0,Ethiopia,Somali,Siti,2.0,3.0,Somali,Siti,644214,563833,0.0,563833.0,0.0,0.0,0.0,563833.0,0.0,563833.0,0.0,0.0,0.0,563833.0,0.0,0.0,563833.0,0.0,0.0,563833.0
1686,2014-01-01,3.0,Ethiopia,Tigray,South Eastern,3.0,3.0,Tigray,South Eastern,528199,462293,0.0,0.0,462293.0,0.0,0.0,462293.0,0.0,0.0,462293.0,0.0,0.0,462293.0,0.0,0.0,462293.0,0.0,0.0,462293.0
1687,2014-01-01,2.0,Ethiopia,Amhara,South Gondar,2.0,3.0,Amhara,South Gondar,2526963,2211664,0.0,2211664.0,0.0,0.0,0.0,2211664.0,0.0,2211664.0,0.0,0.0,0.0,2211664.0,0.0,0.0,2211664.0,0.0,0.0,2211664.0
1688,2014-01-01,3.0,Ethiopia,SNNP,South Omo,3.0,3.0,SNNP,South Omo,754134,660037,0.0,0.0,660037.0,0.0,0.0,660037.0,0.0,0.0,660037.0,0.0,0.0,660037.0,0.0,0.0,660037.0,0.0,0.0,660037.0
1689,2014-01-01,3.0,Ethiopia,Amhara,South Wello,3.0,3.0,Amhara,South Wello,3246827,2841708,0.0,0.0,2841708.0,0.0,0.0,2841708.0,0.0,0.0,2841708.0,0.0,0.0,2841708.0,0.0,0.0,2841708.0,0.0,0.0,2841708.0
1690,2014-01-01,1.0,Ethiopia,Oromia,South West Shewa,1.0,2.0,Oromia,South West Shewa,1264234,1106490,1106490.0,0.0,0.0,0.0,0.0,1106490.0,1106490.0,0.0,0.0,0.0,0.0,1106490.0,0.0,1106490.0,0.0,0.0,0.0,1106490.0
1691,2014-01-01,2.0,Ethiopia,Tigray,Southern,2.0,3.0,Tigray,Southern,752344,658471,0.0,658471.0,0.0,0.0,0.0,658471.0,0.0,658471.0,0.0,0.0,0.0,658471.0,0.0,0.0,658471.0,0.0,0.0,658471.0
1692,2014-01-01,2.0,Ethiopia,Amhara,Wag Hamra,2.0,3.0,Amhara,Wag Hamra,516457,452016,0.0,452016.0,0.0,0.0,0.0,452016.0,0.0,452016.0,0.0,0.0,0.0,452016.0,0.0,0.0,452016.0,0.0,0.0,452016.0
1693,2014-01-01,2.0,Ethiopia,Oromia,West Arsi,2.0,3.0,Oromia,West Arsi,2868933,2510965,0.0,2510965.0,0.0,0.0,0.0,2510965.0,0.0,2510965.0,0.0,0.0,0.0,2510965.0,0.0,0.0,2510965.0,0.0,0.0,2510965.0
1694,2014-01-01,2.0,Ethiopia,Oromia,West Guji,2.0,2.0,Oromia,West Guji,1223292,1070657,0.0,1070657.0,0.0,0.0,0.0,1070657.0,0.0,1070657.0,0.0,0.0,0.0,1070657.0,0.0,1070657.0,0.0,0.0,0.0,1070657.0
1695,2014-01-01,2.0,Ethiopia,Oromia,West Hararge,2.0,3.0,Oromia,West Hararge,2568661,2248159,0.0,2248159.0,0.0,0.0,0.0,2248159.0,0.0,2248159.0,0.0,0.0,0.0,2248159.0,0.0,0.0,2248159.0,0.0,0.0,2248159.0
1696,2014-01-01,1.0,Ethiopia,Oromia,West Wellega,1.0,1.0,Oromia,West Wellega,1880222,1645619,1645619.0,0.0,0.0,0.0,0.0,1645619.0,1645619.0,0.0,0.0,0.0,0.0,1645619.0,1645619.0,0.0,0.0,0.0,0.0,1645619.0
1697,2014-01-01,2.0,Ethiopia,Tigray,Western,2.0,3.0,Tigray,Western,440553,385583,0.0,385583.0,0.0,0.0,0.0,385583.0,0.0,385583.0,0.0,0.0,0.0,385583.0,0.0,0.0,385583.0,0.0,0.0,385583.0
1698,2014-01-01,2.0,Ethiopia,SNNP,Wolayita,2.0,3.0,SNNP,Wolayita,1999292,1749832,0.0,1749832.0,0.0,0.0,0.0,1749832.0,0.0,1749832.0,0.0,0.0,0.0,1749832.0,0.0,0.0,1749832.0,0.0,0.0,1749832.0
1699,2014-01-01,1.0,Ethiopia,SNNP,Yem Special,1.0,2.0,SNNP,Yem Special,102526,89733,89733.0,0.0,0.0,0.0,0.0,89733.0,89733.0,0.0,0.0,0.0,0.0,89733.0,0.0,89733.0,0.0,0.0,0.0,89733.0
1700,2014-01-01,3.0,Ethiopia,Afar,Zone 1 (Awsi Rasu),3.0,3.0,Afar,Zone 1 (Awsi Rasu),643036,562802,0.0,0.0,562802.0,0.0,0.0,562802.0,0.0,0.0,562802.0,0.0,0.0,562802.0,0.0,0.0,562802.0,0.0,0.0,562802.0
1701,2014-01-01,3.0,Ethiopia,Afar,Zone 2 (Kilbet Rasu),3.0,3.0,Afar,Zone 2 (Kilbet Rasu),493764,432155,0.0,0.0,432155.0,0.0,0.0,432155.0,0.0,0.0,432155.0,0.0,0.0,432155.0,0.0,0.0,432155.0,0.0,0.0,432155.0
1702,2014-01-01,2.0,Ethiopia,Afar,Zone 3 (Gabi Rasu),2.0,2.0,Afar,Zone 3 (Gabi Rasu),281357,246251,0.0,246251.0,0.0,0.0,0.0,246251.0,0.0,246251.0,0.0,0.0,0.0,246251.0,0.0,246251.0,0.0,0.0,0.0,246251.0
1703,2014-01-01,3.0,Ethiopia,Afar,Zone 4 (Fantana Rasu),3.0,3.0,Afar,Zone 4 (Fantana Rasu),276855,242310,0.0,0.0,242310.0,0.0,0.0,242310.0,0.0,0.0,242310.0,0.0,0.0,242310.0,0.0,0.0,242310.0,0.0,0.0,242310.0
1704,2014-01-01,2.0,Ethiopia,Afar,Zone 5 (Hari Rasu),2.0,2.0,Afar,Zone 5 (Hari Rasu),209402,183274,0.0,183274.0,0.0,0.0,0.0,183274.0,0.0,183274.0,0.0,0.0,0.0,183274.0,0.0,183274.0,0.0,0.0,0.0,183274.0
1705,2014-01-01,1.0,Ethiopia,Gambela,Agnewak,1.0,1.0,Gambela,Agnewak,164054,143584,143584.0,0.0,0.0,0.0,0.0,143584.0,143584.0,0.0,0.0,0.0,0.0,143584.0,143584.0,0.0,0.0,0.0,0.0,143584.0
1706,2014-01-01,2.0,Ethiopia,Somali,Doolo,2.0,2.0,Somali,Doolo,425824,372692,0.0,372692.0,0.0,0.0,0.0,372692.0,0.0,372692.0,0.0,0.0,0.0,372692.0,0.0,372692.0,0.0,0.0,0.0,372692.0
1707,2014-01-01,2.0,Ethiopia,Somali,Korahe,2.0,2.0,Somali,Korahe,511890,448019,0.0,448019.0,0.0,0.0,0.0,448019.0,0.0,448019.0,0.0,0.0,0.0,448019.0,0.0,448019.0,0.0,0.0,0.0,448019.0
1708,2014-01-01,1.0,Ethiopia,Oromia,Finfine Special,1.0,2.0,Oromia,Finfine Special,1040106,910328,910328.0,0.0,0.0,0.0,0.0,910328.0,910328.0,0.0,0.0,0.0,0.0,910328.0,0.0,910328.0,0.0,0.0,0.0,910328.0
1709,2014-01-01,1.0,Ethiopia,Addis Ababa,Region 14,1.0,1.0,Addis Ababa,Region 14,3585647,3138252,3138252.0,0.0,0.0,0.0,0.0,3138252.0,3138252.0,0.0,0.0,0.0,0.0,3138252.0,3138252.0,0.0,0.0,0.0,0.0,3138252.0
1710,2014-01-01,1.0,Ethiopia,Amhara,West Gojam,1.0,1.0,Amhara,West Gojam,2894095,2532988,2532988.0,0.0,0.0,0.0,0.0,2532988.0,2532988.0,0.0,0.0,0.0,0.0,2532988.0,2532988.0,0.0,0.0,0.0,0.0,2532988.0
1711,2014-01-01,2.0,Ethiopia,SNNP,Basketo,2.0,2.0,SNNP,Basketo,75512,66090,0.0,66090.0,0.0,0.0,0.0,66090.0,0.0,66090.0,0.0,0.0,0.0,66090.0,0.0,66090.0,0.0,0.0,0.0,66090.0
1712,2014-01-01,1.0,Ethiopia,SNNP,Bench Maji,1.0,1.0,SNNP,Bench Maji,603595,528282,528282.0,0.0,0.0,0.0,0.0,528282.0,528282.0,0.0,0.0,0.0,0.0,528282.0,528282.0,0.0,0.0,0.0,0.0,528282.0
1713,2014-01-01,1.0,Ethiopia,Gambela,Etang Special woreda,1.0,1.0,Gambela,Etang Special woreda,50260,43988,43988.0,0.0,0.0,0.0,0.0,43988.0,43988.0,0.0,0.0,0.0,0.0,43988.0,43988.0,0.0,0.0,0.0,0.0,43988.0
1714,2014-01-01,1.0,Ethiopia,Oromia,Ilu Aba Bora,1.0,1.0,Oromia,Ilu Aba Bora,953178,834246,834246.0,0.0,0.0,0.0,0.0,834246.0,834246.0,0.0,0.0,0.0,0.0,834246.0,834246.0,0.0,0.0,0.0,0.0,834246.0
1715,2014-01-01,2.0,Ethiopia,SNNP,Kefa,2.0,2.0,SNNP,Kefa,1053546,922091,0.0,922091.0,0.0,0.0,0.0,922091.0,0.0,922091.0,0.0,0.0,0.0,922091.0,0.0,922091.0,0.0,0.0,0.0,922091.0
1716,2014-01-01,2.0,Ethiopia,SNNP,Konta Special,2.0,2.0,SNNP,Konta Special,119904,104943,0.0,104943.0,0.0,0.0,0.0,104943.0,0.0,104943.0,0.0,0.0,0.0,104943.0,0.0,104943.0,0.0,0.0,0.0,104943.0
1717,2014-01-01,1.0,Ethiopia,Gambela,Mejenger,1.0,1.0,Gambela,Mejenger,81617,71433,71433.0,0.0,0.0,0.0,0.0,71433.0,71433.0,0.0,0.0,0.0,0.0,71433.0,71433.0,0.0,0.0,0.0,0.0,71433.0
1718,2014-01-01,2.0,Ethiopia,Benishangul Gumz,Asosa,2.0,3.0,Benishangul Gumz,Asosa,402287,352092,0.0,352092.0,0.0,0.0,0.0,352092.0,0.0,352092.0,0.0,0.0,0.0,352092.0,0.0,0.0,352092.0,0.0,0.0,352092.0
1719,2014-01-01,1.0,Ethiopia,Dire Dawa,Dire Dawa urban,1.0,2.0,Dire Dawa,Dire Dawa urban,319985,280059,280059.0,0.0,0.0,0.0,0.0,280059.0,280059.0,0.0,0.0,0.0,0.0,280059.0,0.0,280059.0,0.0,0.0,0.0,280059.0
1720,2014-01-01,1.0,Ethiopia,Oromia,Horo Gudru Wellega,1.0,1.0,Oromia,Horo Gudru Wellega,791731,692943,692943.0,0.0,0.0,0.0,0.0,692943.0,692943.0,0.0,0.0,0.0,0.0,692943.0,692943.0,0.0,0.0,0.0,0.0,692943.0
1721,2014-01-01,1.0,Ethiopia,Oromia,Kelem Wellega,1.0,1.0,Oromia,Kelem Wellega,1141498,999069,999069.0,0.0,0.0,0.0,0.0,999069.0,999069.0,0.0,0.0,0.0,0.0,999069.0,999069.0,0.0,0.0,0.0,0.0,999069.0
1722,2014-01-01,2.0,Ethiopia,Benishangul Gumz,Mao Komo Special,2.0,3.0,Benishangul Gumz,Mao Komo Special,70414,61628,0.0,61628.0,0.0,0.0,0.0,61628.0,0.0,61628.0,0.0,0.0,0.0,61628.0,0.0,0.0,61628.0,0.0,0.0,61628.0
1723,2014-01-01,1.0,Ethiopia,Benishangul Gumz,Metekel,1.0,1.0,Benishangul Gumz,Metekel,479162,419375,419375.0,0.0,0.0,0.0,0.0,419375.0,419375.0,0.0,0.0,0.0,0.0,419375.0,419375.0,0.0,0.0,0.0,0.0,419375.0
1724,2014-01-01,1.0,Ethiopia,Oromia,North Shewa,1.0,2.0,Oromia,North Shewa,1626893,1423899,1423899.0,0.0,0.0,0.0,0.0,1423899.0,1423899.0,0.0,0.0,0.0,0.0,1423899.0,0.0,1423899.0,0.0,0.0,0.0,1423899.0
1725,2014-01-01,1.0,Ethiopia,SNNP,Sheka,1.0,1.0,SNNP,Sheka,274212,239997,239997.0,0.0,0.0,0.0,0.0,239997.0,239997.0,0.0,0.0,0.0,0.0,239997.0,239997.0,0.0,0.0,0.0,0.0,239997.0
1726,2014-01-01,1.0,Ethiopia,Oromia,West Shewa,1.0,2.0,Oromia,West Shewa,2773901,2427791,2427791.0,0.0,0.0,0.0,0.0,2427791.0,2427791.0,0.0,0.0,0.0,0.0,2427791.0,0.0,2427791.0,0.0,0.0,0.0,2427791.0
1727,2014-01-01,1.0,Ethiopia,Amhara,Awi,1.0,1.0,Amhara,Awi,1338704,1171668,1171668.0,0.0,0.0,0.0,0.0,1171668.0,1171668.0,0.0,0.0,0.0,0.0,1171668.0,1171668.0,0.0,0.0,0.0,0.0,1171668.0
1728,2014-01-01,1.0,Ethiopia,Amhara,West Gondar,1.0,1.0,Amhara,West Gondar,381393,333805,333805.0,0.0,0.0,0.0,0.0,333805.0,333805.0,0.0,0.0,0.0,0.0,333805.0,333805.0,0.0,0.0,0.0,0.0,333805.0
1729,2014-04-01,2.0,Ethiopia,Somali,Afder,2.0,2.0,Somali,Afder,654828,573122,0.0,573122.0,0.0,0.0,0.0,573122.0,0.0,573122.0,0.0,0.0,0.0,573122.0,0.0,573122.0,0.0,0.0,0.0,573122.0
1730,2014-04-01,2.0,Ethiopia,SNNP,Alle,2.0,1.0,SNNP,Alle,81190,71059,0.0,71059.0,0.0,0.0,0.0,71059.0,0.0,71059.0,0.0,0.0,0.0,71059.0,71059.0,0.0,0.0,0.0,0.0,71059.0
1731,2014-04-01,2.0,Ethiopia,SNNP,Amaro,2.0,2.0,SNNP,Amaro,195252,170889,0.0,170889.0,0.0,0.0,0.0,170889.0,0.0,170889.0,0.0,0.0,0.0,170889.0,0.0,170889.0,0.0,0.0,0.0,170889.0
1732,2014-04-01,3.0,Ethiopia,Oromia,Arsi,3.0,2.0,Oromia,Arsi,3645492,3190630,0.0,0.0,3190630.0,0.0,0.0,3190630.0,0.0,0.0,3190630.0,0.0,0.0,3190630.0,0.0,3190630.0,0.0,0.0,0.0,3190630.0
1733,2014-04-01,3.0,Ethiopia,Oromia,Bale,3.0,3.0,Oromia,Bale,1887498,1651987,0.0,0.0,1651987.0,0.0,0.0,1651987.0,0.0,0.0,1651987.0,0.0,0.0,1651987.0,0.0,0.0,1651987.0,0.0,0.0,1651987.0
1734,2014-04-01,3.0,Ethiopia,Oromia,Borena,2.0,2.0,Oromia,Borena,545493,477429,0.0,0.0,477429.0,0.0,0.0,477429.0,0.0,477429.0,0.0,0.0,0.0,477429.0,0.0,477429.0,0.0,0.0,0.0,477429.0
1735,2014-04-01,1.0,Ethiopia,Oromia,Buno Bedele,1.0,1.0,Oromia,Buno Bedele,809088,708135,708135.0,0.0,0.0,0.0,0.0,708135.0,708135.0,0.0,0.0,0.0,0.0,708135.0,708135.0,0.0,0.0,0.0,0.0,708135.0
1736,2014-04-01,2.0,Ethiopia,SNNP,Burji,2.0,2.0,SNNP,Burji,71728,62778,0.0,62778.0,0.0,0.0,0.0,62778.0,0.0,62778.0,0.0,0.0,0.0,62778.0,0.0,62778.0,0.0,0.0,0.0,62778.0
1737,2014-04-01,3.0,Ethiopia,Tigray,Central,3.0,3.0,Tigray,Central,1384454,1211710,0.0,0.0,1211710.0,0.0,0.0,1211710.0,0.0,0.0,1211710.0,0.0,0.0,1211710.0,0.0,0.0,1211710.0,0.0,0.0,1211710.0
1738,2014-04-01,3.0,Ethiopia,Amhara,Central Gondar,3.0,3.0,Amhara,Central Gondar,2719899,2380527,0.0,0.0,2380527.0,0.0,0.0,2380527.0,0.0,0.0,2380527.0,0.0,0.0,2380527.0,0.0,0.0,2380527.0,0.0,0.0,2380527.0
1739,2014-04-01,2.0,Ethiopia,Somali,Daawa,2.0,3.0,Somali,Daawa,457130,400092,0.0,400092.0,0.0,0.0,0.0,400092.0,0.0,400092.0,0.0,0.0,0.0,400092.0,0.0,0.0,400092.0,0.0,0.0,400092.0
1740,2014-04-01,2.0,Ethiopia,SNNP,Dawuro,2.0,1.0,SNNP,Dawuro,643931,563585,0.0,563585.0,0.0,0.0,0.0,563585.0,0.0,563585.0,0.0,0.0,0.0,563585.0,563585.0,0.0,0.0,0.0,0.0,563585.0
1741,2014-04-01,2.0,Ethiopia,SNNP,Derashe,2.0,1.0,SNNP,Derashe,107301,93912,0.0,93912.0,0.0,0.0,0.0,93912.0,0.0,93912.0,0.0,0.0,0.0,93912.0,93912.0,0.0,0.0,0.0,0.0,93912.0
1742,2014-04-01,2.0,Ethiopia,Dire Dawa,Dire Dawa rural,2.0,2.0,Dire Dawa,Dire Dawa rural,188933,165359,0.0,165359.0,0.0,0.0,0.0,165359.0,0.0,165359.0,0.0,0.0,0.0,165359.0,0.0,165359.0,0.0,0.0,0.0,165359.0
1743,2014-04-01,2.0,Ethiopia,Amhara,East Gojam,2.0,2.0,Amhara,East Gojam,2672621,2339148,0.0,2339148.0,0.0,0.0,0.0,2339148.0,0.0,2339148.0,0.0,0.0,0.0,2339148.0,0.0,2339148.0,0.0,0.0,0.0,2339148.0
1744,2014-04-01,3.0,Ethiopia,Oromia,East Hararge,3.0,3.0,Oromia,East Hararge,3739861,3273224,0.0,0.0,3273224.0,0.0,0.0,3273224.0,0.0,0.0,3273224.0,0.0,0.0,3273224.0,0.0,0.0,3273224.0,0.0,0.0,3273224.0
1745,2014-04-01,3.0,Ethiopia,Oromia,East Shewa,3.0,2.0,Oromia,East Shewa,2234419,1955622,0.0,0.0,1955622.0,0.0,0.0,1955622.0,0.0,0.0,1955622.0,0.0,0.0,1955622.0,0.0,1955622.0,0.0,0.0,0.0,1955622.0
1746,2014-04-01,1.0,Ethiopia,Oromia,East Wellega,1.0,1.0,Oromia,East Wellega,1693681,1482354,1482354.0,0.0,0.0,0.0,0.0,1482354.0,1482354.0,0.0,0.0,0.0,0.0,1482354.0,1482354.0,0.0,0.0,0.0,0.0,1482354.0
1747,2014-04-01,3.0,Ethiopia,Tigray,Eastern,3.0,3.0,Tigray,Eastern,940053,822759,0.0,0.0,822759.0,0.0,0.0,822759.0,0.0,0.0,822759.0,0.0,0.0,822759.0,0.0,0.0,822759.0,0.0,0.0,822759.0
1748,2014-04-01,3.0,Ethiopia,Somali,Erer,3.0,3.0,Somali,Erer,268901,235349,0.0,0.0,235349.0,0.0,0.0,235349.0,0.0,0.0,235349.0,0.0,0.0,235349.0,0.0,0.0,235349.0,0.0,0.0,235349.0
1749,2014-04-01,3.0,Ethiopia,Somali,Fafan,3.0,2.0,Somali,Fafan,1242707,1087649,0.0,0.0,1087649.0,0.0,0.0,1087649.0,0.0,0.0,1087649.0,0.0,0.0,1087649.0,0.0,1087649.0,0.0,0.0,0.0,1087649.0
1750,2014-04-01,2.0,Ethiopia,SNNP,Gamo,2.0,2.0,SNNP,Gamo,1462777,1280260,0.0,1280260.0,0.0,0.0,0.0,1280260.0,0.0,1280260.0,0.0,0.0,0.0,1280260.0,0.0,1280260.0,0.0,0.0,0.0,1280260.0
1751,2014-04-01,2.0,Ethiopia,SNNP,Gedeo,2.0,2.0,SNNP,Gedeo,1131834,990610,0.0,990610.0,0.0,0.0,0.0,990610.0,0.0,990610.0,0.0,0.0,0.0,990610.0,0.0,990610.0,0.0,0.0,0.0,990610.0
1752,2014-04-01,2.0,Ethiopia,SNNP,Gofa,2.0,1.0,SNNP,Gofa,623589,545781,0.0,545781.0,0.0,0.0,0.0,545781.0,0.0,545781.0,0.0,0.0,0.0,545781.0,545781.0,0.0,0.0,0.0,0.0,545781.0
1753,2014-04-01,2.0,Ethiopia,Oromia,Guji,2.0,2.0,Oromia,Guji,1482472,1297498,0.0,1297498.0,0.0,0.0,0.0,1297498.0,0.0,1297498.0,0.0,0.0,0.0,1297498.0,0.0,1297498.0,0.0,0.0,0.0,1297498.0
1754,2014-04-01,2.0,Ethiopia,SNNP,Guraghe,2.0,1.0,SNNP,Guraghe,1882107,1647269,0.0,1647269.0,0.0,0.0,0.0,1647269.0,0.0,1647269.0,0.0,0.0,0.0,1647269.0,1647269.0,0.0,0.0,0.0,0.0,1647269.0
1755,2014-04-01,3.0,Ethiopia,SNNP,Hadiya,3.0,2.0,SNNP,Hadiya,1700138,1488005,0.0,0.0,1488005.0,0.0,0.0,1488005.0,0.0,0.0,1488005.0,0.0,0.0,1488005.0,0.0,1488005.0,0.0,0.0,0.0,1488005.0
1756,2014-04-01,3.0,Ethiopia,SNNP,Halaba Special,3.0,2.0,SNNP,Halaba Special,658130,576012,0.0,0.0,576012.0,0.0,0.0,576012.0,0.0,0.0,576012.0,0.0,0.0,576012.0,0.0,576012.0,0.0,0.0,0.0,576012.0
1757,2014-04-01,2.0,Ethiopia,Harari,Harari,2.0,2.0,Harari,Harari,260022,227578,0.0,227578.0,0.0,0.0,0.0,227578.0,0.0,227578.0,0.0,0.0,0.0,227578.0,0.0,227578.0,0.0,0.0,0.0,227578.0
1758,2014-04-01,2.0,Ethiopia,Somali,Jarar,2.0,2.0,Somali,Jarar,641077,561087,0.0,561087.0,0.0,0.0,0.0,561087.0,0.0,561087.0,0.0,0.0,0.0,561087.0,0.0,561087.0,0.0,0.0,0.0,561087.0
1759,2014-04-01,2.0,Ethiopia,Oromia,Jimma,2.0,1.0,Oromia,Jimma,3672640,3214391,0.0,3214391.0,0.0,0.0,0.0,3214391.0,0.0,3214391.0,0.0,0.0,0.0,3214391.0,3214391.0,0.0,0.0,0.0,0.0,3214391.0
1760,2014-04-01,2.0,Ethiopia,Benishangul Gumz,Kemashi,2.0,2.0,Benishangul Gumz,Kemashi,150986,132146,0.0,132146.0,0.0,0.0,0.0,132146.0,0.0,132146.0,0.0,0.0,0.0,132146.0,0.0,132146.0,0.0,0.0,0.0,132146.0
1761,2014-04-01,3.0,Ethiopia,SNNP,Kembata Tibaro,3.0,2.0,SNNP,Kembata Tibaro,911347,797634,0.0,0.0,797634.0,0.0,0.0,797634.0,0.0,0.0,797634.0,0.0,0.0,797634.0,0.0,797634.0,0.0,0.0,0.0,797634.0
1762,2014-04-01,2.0,Ethiopia,SNNP,Konso,2.0,2.0,SNNP,Konso,284360,248879,0.0,248879.0,0.0,0.0,0.0,248879.0,0.0,248879.0,0.0,0.0,0.0,248879.0,0.0,248879.0,0.0,0.0,0.0,248879.0
1763,2014-04-01,2.0,Ethiopia,Somali,Liban,2.0,2.0,Somali,Liban,505190,442155,0.0,442155.0,0.0,0.0,0.0,442155.0,0.0,442155.0,0.0,0.0,0.0,442155.0,0.0,442155.0,0.0,0.0,0.0,442155.0
1764,2014-04-01,2.0,Ethiopia,Tigray,Mekele Special,2.0,2.0,Tigray,Mekele Special,418327,366130,0.0,366130.0,0.0,0.0,0.0,366130.0,0.0,366130.0,0.0,0.0,0.0,366130.0,0.0,366130.0,0.0,0.0,0.0,366130.0
1765,2014-04-01,2.0,Ethiopia,SNNP,Mirab Omo,2.0,2.0,SNNP,Mirab Omo,262515,229760,0.0,229760.0,0.0,0.0,0.0,229760.0,0.0,229760.0,0.0,0.0,0.0,229760.0,0.0,229760.0,0.0,0.0,0.0,229760.0
1766,2014-04-01,2.0,Ethiopia,Somali,Nogob,2.0,2.0,Somali,Nogob,217220,190116,0.0,190116.0,0.0,0.0,0.0,190116.0,0.0,190116.0,0.0,0.0,0.0,190116.0,0.0,190116.0,0.0,0.0,0.0,190116.0
1767,2014-04-01,3.0,Ethiopia,Amhara,North Gondar,3.0,3.0,Amhara,North Gondar,889977,778931,0.0,0.0,778931.0,0.0,0.0,778931.0,0.0,0.0,778931.0,0.0,0.0,778931.0,0.0,0.0,778931.0,0.0,0.0,778931.0
1768,2014-04-01,3.0,Ethiopia,Amhara,North Shewa,3.0,3.0,Amhara,North Shewa,2293091,2006973,0.0,0.0,2006973.0,0.0,0.0,2006973.0,0.0,0.0,2006973.0,0.0,0.0,2006973.0,0.0,0.0,2006973.0,0.0,0.0,2006973.0
1769,2014-04-01,3.0,Ethiopia,Amhara,North Wello,3.0,3.0,Amhara,North Wello,1740337,1523188,0.0,0.0,1523188.0,0.0,0.0,1523188.0,0.0,0.0,1523188.0,0.0,0.0,1523188.0,0.0,0.0,1523188.0,0.0,0.0,1523188.0
1770,2014-04-01,3.0,Ethiopia,Tigray,North Western,3.0,3.0,Tigray,North Western,893262,781806,0.0,0.0,781806.0,0.0,0.0,781806.0,0.0,0.0,781806.0,0.0,0.0,781806.0,0.0,0.0,781806.0,0.0,0.0,781806.0
1771,2014-04-01,1.0,Ethiopia,Gambela,Nuwer,1.0,1.0,Gambela,Nuwer,166901,146076,146076.0,0.0,0.0,0.0,0.0,146076.0,146076.0,0.0,0.0,0.0,0.0,146076.0,146076.0,0.0,0.0,0.0,0.0,146076.0
1772,2014-04-01,3.0,Ethiopia,Amhara,Oromia,3.0,3.0,Amhara,Oromia,569808,498710,0.0,0.0,498710.0,0.0,0.0,498710.0,0.0,0.0,498710.0,0.0,0.0,498710.0,0.0,0.0,498710.0,0.0,0.0,498710.0
1773,2014-04-01,2.0,Ethiopia,Somali,Shabelle,2.0,2.0,Somali,Shabelle,647430,566647,0.0,566647.0,0.0,0.0,0.0,566647.0,0.0,566647.0,0.0,0.0,0.0,566647.0,0.0,566647.0,0.0,0.0,0.0,566647.0
1774,2014-04-01,3.0,Ethiopia,SNNP,Sidama,3.0,2.0,SNNP,Sidama,4212331,3686742,0.0,0.0,3686742.0,0.0,0.0,3686742.0,0.0,0.0,3686742.0,0.0,0.0,3686742.0,0.0,3686742.0,0.0,0.0,0.0,3686742.0
1775,2014-04-01,2.0,Ethiopia,SNNP,Siltie,2.0,1.0,SNNP,Siltie,1051444,920251,0.0,920251.0,0.0,0.0,0.0,920251.0,0.0,920251.0,0.0,0.0,0.0,920251.0,920251.0,0.0,0.0,0.0,0.0,920251.0
1776,2014-04-01,3.0,Ethiopia,Somali,Siti,3.0,3.0,Somali,Siti,644214,563833,0.0,0.0,563833.0,0.0,0.0,563833.0,0.0,0.0,563833.0,0.0,0.0,563833.0,0.0,0.0,563833.0,0.0,0.0,563833.0
1777,2014-04-01,3.0,Ethiopia,Tigray,South Eastern,3.0,3.0,Tigray,South Eastern,528199,462293,0.0,0.0,462293.0,0.0,0.0,462293.0,0.0,0.0,462293.0,0.0,0.0,462293.0,0.0,0.0,462293.0,0.0,0.0,462293.0
1778,2014-04-01,3.0,Ethiopia,Amhara,South Gondar,3.0,3.0,Amhara,South Gondar,2526963,2211664,0.0,0.0,2211664.0,0.0,0.0,2211664.0,0.0,0.0,2211664.0,0.0,0.0,2211664.0,0.0,0.0,2211664.0,0.0,0.0,2211664.0
1779,2014-04-01,3.0,Ethiopia,SNNP,South Omo,3.0,2.0,SNNP,South Omo,754134,660037,0.0,0.0,660037.0,0.0,0.0,660037.0,0.0,0.0,660037.0,0.0,0.0,660037.0,0.0,660037.0,0.0,0.0,0.0,660037.0
1780,2014-04-01,3.0,Ethiopia,Amhara,South Wello,3.0,3.0,Amhara,South Wello,3246827,2841708,0.0,0.0,2841708.0,0.0,0.0,2841708.0,0.0,0.0,2841708.0,0.0,0.0,2841708.0,0.0,0.0,2841708.0,0.0,0.0,2841708.0
1781,2014-04-01,2.0,Ethiopia,Oromia,South West Shewa,2.0,1.0,Oromia,South West Shewa,1264234,1106490,0.0,1106490.0,0.0,0.0,0.0,1106490.0,0.0,1106490.0,0.0,0.0,0.0,1106490.0,1106490.0,0.0,0.0,0.0,0.0,1106490.0
1782,2014-04-01,3.0,Ethiopia,Tigray,Southern,3.0,3.0,Tigray,Southern,752344,658471,0.0,0.0,658471.0,0.0,0.0,658471.0,0.0,0.0,658471.0,0.0,0.0,658471.0,0.0,0.0,658471.0,0.0,0.0,658471.0
1783,2014-04-01,3.0,Ethiopia,Amhara,Wag Hamra,3.0,3.0,Amhara,Wag Hamra,516457,452016,0.0,0.0,452016.0,0.0,0.0,452016.0,0.0,0.0,452016.0,0.0,0.0,452016.0,0.0,0.0,452016.0,0.0,0.0,452016.0
1784,2014-04-01,3.0,Ethiopia,Oromia,West Arsi,3.0,2.0,Oromia,West Arsi,2868933,2510965,0.0,0.0,2510965.0,0.0,0.0,2510965.0,0.0,0.0,2510965.0,0.0,0.0,2510965.0,0.0,2510965.0,0.0,0.0,0.0,2510965.0
1785,2014-04-01,2.0,Ethiopia,Oromia,West Guji,2.0,2.0,Oromia,West Guji,1223292,1070657,0.0,1070657.0,0.0,0.0,0.0,1070657.0,0.0,1070657.0,0.0,0.0,0.0,1070657.0,0.0,1070657.0,0.0,0.0,0.0,1070657.0
1786,2014-04-01,3.0,Ethiopia,Oromia,West Hararge,3.0,3.0,Oromia,West Hararge,2568661,2248159,0.0,0.0,2248159.0,0.0,0.0,2248159.0,0.0,0.0,2248159.0,0.0,0.0,2248159.0,0.0,0.0,2248159.0,0.0,0.0,2248159.0
1787,2014-04-01,1.0,Ethiopia,Oromia,West Wellega,1.0,1.0,Oromia,West Wellega,1880222,1645619,1645619.0,0.0,0.0,0.0,0.0,1645619.0,1645619.0,0.0,0.0,0.0,0.0,1645619.0,1645619.0,0.0,0.0,0.0,0.0,1645619.0
1788,2014-04-01,3.0,Ethiopia,Tigray,Western,3.0,3.0,Tigray,Western,440553,385583,0.0,0.0,385583.0,0.0,0.0,385583.0,0.0,0.0,385583.0,0.0,0.0,385583.0,0.0,0.0,385583.0,0.0,0.0,385583.0
1789,2014-04-01,3.0,Ethiopia,SNNP,Wolayita,3.0,2.0,SNNP,Wolayita,1999292,1749832,0.0,0.0,1749832.0,0.0,0.0,1749832.0,0.0,0.0,1749832.0,0.0,0.0,1749832.0,0.0,1749832.0,0.0,0.0,0.0,1749832.0
1790,2014-04-01,2.0,Ethiopia,SNNP,Yem Special,2.0,1.0,SNNP,Yem Special,102526,89733,0.0,89733.0,0.0,0.0,0.0,89733.0,0.0,89733.0,0.0,0.0,0.0,89733.0,89733.0,0.0,0.0,0.0,0.0,89733.0
1791,2014-04-01,3.0,Ethiopia,Afar,Zone 1 (Awsi Rasu),3.0,3.0,Afar,Zone 1 (Awsi Rasu),643036,562802,0.0,0.0,562802.0,0.0,0.0,562802.0,0.0,0.0,562802.0,0.0,0.0,562802.0,0.0,0.0,562802.0,0.0,0.0,562802.0
1792,2014-04-01,3.0,Ethiopia,Afar,Zone 2 (Kilbet Rasu),3.0,3.0,Afar,Zone 2 (Kilbet Rasu),493764,432155,0.0,0.0,432155.0,0.0,0.0,432155.0,0.0,0.0,432155.0,0.0,0.0,432155.0,0.0,0.0,432155.0,0.0,0.0,432155.0
1793,2014-04-01,2.0,Ethiopia,Afar,Zone 3 (Gabi Rasu),2.0,2.0,Afar,Zone 3 (Gabi Rasu),281357,246251,0.0,246251.0,0.0,0.0,0.0,246251.0,0.0,246251.0,0.0,0.0,0.0,246251.0,0.0,246251.0,0.0,0.0,0.0,246251.0
1794,2014-04-01,3.0,Ethiopia,Afar,Zone 4 (Fantana Rasu),3.0,3.0,Afar,Zone 4 (Fantana Rasu),276855,242310,0.0,0.0,242310.0,0.0,0.0,242310.0,0.0,0.0,242310.0,0.0,0.0,242310.0,0.0,0.0,242310.0,0.0,0.0,242310.0
1795,2014-04-01,2.0,Ethiopia,Afar,Zone 5 (Hari Rasu),2.0,2.0,Afar,Zone 5 (Hari Rasu),209402,183274,0.0,183274.0,0.0,0.0,0.0,183274.0,0.0,183274.0,0.0,0.0,0.0,183274.0,0.0,183274.0,0.0,0.0,0.0,183274.0
1796,2014-04-01,1.0,Ethiopia,Gambela,Agnewak,1.0,1.0,Gambela,Agnewak,164054,143584,143584.0,0.0,0.0,0.0,0.0,143584.0,143584.0,0.0,0.0,0.0,0.0,143584.0,143584.0,0.0,0.0,0.0,0.0,143584.0
1797,2014-04-01,2.0,Ethiopia,Somali,Doolo,2.0,2.0,Somali,Doolo,425824,372692,0.0,372692.0,0.0,0.0,0.0,372692.0,0.0,372692.0,0.0,0.0,0.0,372692.0,0.0,372692.0,0.0,0.0,0.0,372692.0
1798,2014-04-01,2.0,Ethiopia,Somali,Korahe,2.0,2.0,Somali,Korahe,511890,448019,0.0,448019.0,0.0,0.0,0.0,448019.0,0.0,448019.0,0.0,0.0,0.0,448019.0,0.0,448019.0,0.0,0.0,0.0,448019.0
1799,2014-04-01,2.0,Ethiopia,Oromia,Finfine Special,2.0,2.0,Oromia,Finfine Special,1040106,910328,0.0,910328.0,0.0,0.0,0.0,910328.0,0.0,910328.0,0.0,0.0,0.0,910328.0,0.0,910328.0,0.0,0.0,0.0,910328.0
1800,2014-04-01,1.0,Ethiopia,Addis Ababa,Region 14,1.0,1.0,Addis Ababa,Region 14,3585647,3138252,3138252.0,0.0,0.0,0.0,0.0,3138252.0,3138252.0,0.0,0.0,0.0,0.0,3138252.0,3138252.0,0.0,0.0,0.0,0.0,3138252.0
1801,2014-04-01,1.0,Ethiopia,Amhara,West Gojam,1.0,1.0,Amhara,West Gojam,2894095,2532988,2532988.0,0.0,0.0,0.0,0.0,2532988.0,2532988.0,0.0,0.0,0.0,0.0,2532988.0,2532988.0,0.0,0.0,0.0,0.0,2532988.0
1802,2014-04-01,2.0,Ethiopia,SNNP,Basketo,2.0,1.0,SNNP,Basketo,75512,66090,0.0,66090.0,0.0,0.0,0.0,66090.0,0.0,66090.0,0.0,0.0,0.0,66090.0,66090.0,0.0,0.0,0.0,0.0,66090.0
1803,2014-04-01,1.0,Ethiopia,SNNP,Bench Maji,1.0,1.0,SNNP,Bench Maji,603595,528282,528282.0,0.0,0.0,0.0,0.0,528282.0,528282.0,0.0,0.0,0.0,0.0,528282.0,528282.0,0.0,0.0,0.0,0.0,528282.0
1804,2014-04-01,1.0,Ethiopia,Gambela,Etang Special woreda,1.0,1.0,Gambela,Etang Special woreda,50260,43988,43988.0,0.0,0.0,0.0,0.0,43988.0,43988.0,0.0,0.0,0.0,0.0,43988.0,43988.0,0.0,0.0,0.0,0.0,43988.0
1805,2014-04-01,1.0,Ethiopia,Oromia,Ilu Aba Bora,1.0,1.0,Oromia,Ilu Aba Bora,953178,834246,834246.0,0.0,0.0,0.0,0.0,834246.0,834246.0,0.0,0.0,0.0,0.0,834246.0,834246.0,0.0,0.0,0.0,0.0,834246.0
1806,2014-04-01,2.0,Ethiopia,SNNP,Kefa,2.0,1.0,SNNP,Kefa,1053546,922091,0.0,922091.0,0.0,0.0,0.0,922091.0,0.0,922091.0,0.0,0.0,0.0,922091.0,922091.0,0.0,0.0,0.0,0.0,922091.0
1807,2014-04-01,2.0,Ethiopia,SNNP,Konta Special,2.0,1.0,SNNP,Konta Special,119904,104943,0.0,104943.0,0.0,0.0,0.0,104943.0,0.0,104943.0,0.0,0.0,0.0,104943.0,104943.0,0.0,0.0,0.0,0.0,104943.0
1808,2014-04-01,1.0,Ethiopia,Gambela,Mejenger,1.0,1.0,Gambela,Mejenger,81617,71433,71433.0,0.0,0.0,0.0,0.0,71433.0,71433.0,0.0,0.0,0.0,0.0,71433.0,71433.0,0.0,0.0,0.0,0.0,71433.0
1809,2014-04-01,3.0,Ethiopia,Benishangul Gumz,Asosa,3.0,3.0,Benishangul Gumz,Asosa,402287,352092,0.0,0.0,352092.0,0.0,0.0,352092.0,0.0,0.0,352092.0,0.0,0.0,352092.0,0.0,0.0,352092.0,0.0,0.0,352092.0
1810,2014-04-01,2.0,Ethiopia,Dire Dawa,Dire Dawa urban,2.0,2.0,Dire Dawa,Dire Dawa urban,319985,280059,0.0,280059.0,0.0,0.0,0.0,280059.0,0.0,280059.0,0.0,0.0,0.0,280059.0,0.0,280059.0,0.0,0.0,0.0,280059.0
1811,2014-04-01,1.0,Ethiopia,Oromia,Horo Gudru Wellega,1.0,1.0,Oromia,Horo Gudru Wellega,791731,692943,692943.0,0.0,0.0,0.0,0.0,692943.0,692943.0,0.0,0.0,0.0,0.0,692943.0,692943.0,0.0,0.0,0.0,0.0,692943.0
1812,2014-04-01,1.0,Ethiopia,Oromia,Kelem Wellega,1.0,1.0,Oromia,Kelem Wellega,1141498,999069,999069.0,0.0,0.0,0.0,0.0,999069.0,999069.0,0.0,0.0,0.0,0.0,999069.0,999069.0,0.0,0.0,0.0,0.0,999069.0
1813,2014-04-01,3.0,Ethiopia,Benishangul Gumz,Mao Komo Special,3.0,3.0,Benishangul Gumz,Mao Komo Special,70414,61628,0.0,0.0,61628.0,0.0,0.0,61628.0,0.0,0.0,61628.0,0.0,0.0,61628.0,0.0,0.0,61628.0,0.0,0.0,61628.0
1814,2014-04-01,1.0,Ethiopia,Benishangul Gumz,Metekel,1.0,1.0,Benishangul Gumz,Metekel,479162,419375,419375.0,0.0,0.0,0.0,0.0,419375.0,419375.0,0.0,0.0,0.0,0.0,419375.0,419375.0,0.0,0.0,0.0,0.0,419375.0
1815,2014-04-01,2.0,Ethiopia,Oromia,North Shewa,2.0,2.0,Oromia,North Shewa,1626893,1423899,0.0,1423899.0,0.0,0.0,0.0,1423899.0,0.0,1423899.0,0.0,0.0,0.0,1423899.0,0.0,1423899.0,0.0,0.0,0.0,1423899.0
1816,2014-04-01,1.0,Ethiopia,SNNP,Sheka,1.0,1.0,SNNP,Sheka,274212,239997,239997.0,0.0,0.0,0.0,0.0,239997.0,239997.0,0.0,0.0,0.0,0.0,239997.0,239997.0,0.0,0.0,0.0,0.0,239997.0
1817,2014-04-01,2.0,Ethiopia,Oromia,West Shewa,2.0,2.0,Oromia,West Shewa,2773901,2427791,0.0,2427791.0,0.0,0.0,0.0,2427791.0,0.0,2427791.0,0.0,0.0,0.0,2427791.0,0.0,2427791.0,0.0,0.0,0.0,2427791.0
1818,2014-04-01,1.0,Ethiopia,Amhara,Awi,1.0,1.0,Amhara,Awi,1338704,1171668,1171668.0,0.0,0.0,0.0,0.0,1171668.0,1171668.0,0.0,0.0,0.0,0.0,1171668.0,1171668.0,0.0,0.0,0.0,0.0,1171668.0
1819,2014-04-01,1.0,Ethiopia,Amhara,West Gondar,1.0,1.0,Amhara,West Gondar,381393,333805,333805.0,0.0,0.0,0.0,0.0,333805.0,333805.0,0.0,0.0,0.0,0.0,333805.0,333805.0,0.0,0.0,0.0,0.0,333805.0
1820,2014-07-01,3.0,Ethiopia,Somali,Afder,3.0,3.0,Somali,Afder,654828,573122,0.0,0.0,573122.0,0.0,0.0,573122.0,0.0,0.0,573122.0,0.0,0.0,573122.0,0.0,0.0,573122.0,0.0,0.0,573122.0
1821,2014-07-01,2.0,Ethiopia,SNNP,Alle,2.0,2.0,SNNP,Alle,81190,71059,0.0,71059.0,0.0,0.0,0.0,71059.0,0.0,71059.0,0.0,0.0,0.0,71059.0,0.0,71059.0,0.0,0.0,0.0,71059.0
1822,2014-07-01,2.0,Ethiopia,SNNP,Amaro,2.0,2.0,SNNP,Amaro,195252,170889,0.0,170889.0,0.0,0.0,0.0,170889.0,0.0,170889.0,0.0,0.0,0.0,170889.0,0.0,170889.0,0.0,0.0,0.0,170889.0
1823,2014-07-01,3.0,Ethiopia,Oromia,Arsi,3.0,2.0,Oromia,Arsi,3645492,3190630,0.0,0.0,3190630.0,0.0,0.0,3190630.0,0.0,0.0,3190630.0,0.0,0.0,3190630.0,0.0,3190630.0,0.0,0.0,0.0,3190630.0
1824,2014-07-01,3.0,Ethiopia,Oromia,Bale,3.0,3.0,Oromia,Bale,1887498,1651987,0.0,0.0,1651987.0,0.0,0.0,1651987.0,0.0,0.0,1651987.0,0.0,0.0,1651987.0,0.0,0.0,1651987.0,0.0,0.0,1651987.0
1825,2014-07-01,3.0,Ethiopia,Oromia,Borena,3.0,2.0,Oromia,Borena,545493,477429,0.0,0.0,477429.0,0.0,0.0,477429.0,0.0,0.0,477429.0,0.0,0.0,477429.0,0.0,477429.0,0.0,0.0,0.0,477429.0
1826,2014-07-01,1.0,Ethiopia,Oromia,Buno Bedele,1.0,1.0,Oromia,Buno Bedele,809088,708135,708135.0,0.0,0.0,0.0,0.0,708135.0,708135.0,0.0,0.0,0.0,0.0,708135.0,708135.0,0.0,0.0,0.0,0.0,708135.0
1827,2014-07-01,2.0,Ethiopia,SNNP,Burji,2.0,2.0,SNNP,Burji,71728,62778,0.0,62778.0,0.0,0.0,0.0,62778.0,0.0,62778.0,0.0,0.0,0.0,62778.0,0.0,62778.0,0.0,0.0,0.0,62778.0
1828,2014-07-01,3.0,Ethiopia,Tigray,Central,3.0,2.0,Tigray,Central,1384454,1211710,0.0,0.0,1211710.0,0.0,0.0,1211710.0,0.0,0.0,1211710.0,0.0,0.0,1211710.0,0.0,1211710.0,0.0,0.0,0.0,1211710.0
1829,2014-07-01,3.0,Ethiopia,Amhara,Central Gondar,3.0,2.0,Amhara,Central Gondar,2719899,2380527,0.0,0.0,2380527.0,0.0,0.0,2380527.0,0.0,0.0,2380527.0,0.0,0.0,2380527.0,0.0,2380527.0,0.0,0.0,0.0,2380527.0
1830,2014-07-01,2.0,Ethiopia,Somali,Daawa,2.0,2.0,Somali,Daawa,457130,400092,0.0,400092.0,0.0,0.0,0.0,400092.0,0.0,400092.0,0.0,0.0,0.0,400092.0,0.0,400092.0,0.0,0.0,0.0,400092.0
1831,2014-07-01,1.0,Ethiopia,SNNP,Dawuro,1.0,1.0,SNNP,Dawuro,643931,563585,563585.0,0.0,0.0,0.0,0.0,563585.0,563585.0,0.0,0.0,0.0,0.0,563585.0,563585.0,0.0,0.0,0.0,0.0,563585.0
1832,2014-07-01,1.0,Ethiopia,SNNP,Derashe,1.0,1.0,SNNP,Derashe,107301,93912,93912.0,0.0,0.0,0.0,0.0,93912.0,93912.0,0.0,0.0,0.0,0.0,93912.0,93912.0,0.0,0.0,0.0,0.0,93912.0
1833,2014-07-01,2.0,Ethiopia,Dire Dawa,Dire Dawa rural,2.0,2.0,Dire Dawa,Dire Dawa rural,188933,165359,0.0,165359.0,0.0,0.0,0.0,165359.0,0.0,165359.0,0.0,0.0,0.0,165359.0,0.0,165359.0,0.0,0.0,0.0,165359.0
1834,2014-07-01,2.0,Ethiopia,Amhara,East Gojam,2.0,1.0,Amhara,East Gojam,2672621,2339148,0.0,2339148.0,0.0,0.0,0.0,2339148.0,0.0,2339148.0,0.0,0.0,0.0,2339148.0,2339148.0,0.0,0.0,0.0,0.0,2339148.0
1835,2014-07-01,3.0,Ethiopia,Oromia,East Hararge,3.0,3.0,Oromia,East Hararge,3739861,3273224,0.0,0.0,3273224.0,0.0,0.0,3273224.0,0.0,0.0,3273224.0,0.0,0.0,3273224.0,0.0,0.0,3273224.0,0.0,0.0,3273224.0
1836,2014-07-01,3.0,Ethiopia,Oromia,East Shewa,3.0,2.0,Oromia,East Shewa,2234419,1955622,0.0,0.0,1955622.0,0.0,0.0,1955622.0,0.0,0.0,1955622.0,0.0,0.0,1955622.0,0.0,1955622.0,0.0,0.0,0.0,1955622.0
1837,2014-07-01,1.0,Ethiopia,Oromia,East Wellega,1.0,1.0,Oromia,East Wellega,1693681,1482354,1482354.0,0.0,0.0,0.0,0.0,1482354.0,1482354.0,0.0,0.0,0.0,0.0,1482354.0,1482354.0,0.0,0.0,0.0,0.0,1482354.0
1838,2014-07-01,3.0,Ethiopia,Tigray,Eastern,3.0,3.0,Tigray,Eastern,940053,822759,0.0,0.0,822759.0,0.0,0.0,822759.0,0.0,0.0,822759.0,0.0,0.0,822759.0,0.0,0.0,822759.0,0.0,0.0,822759.0
1839,2014-07-01,3.0,Ethiopia,Somali,Erer,3.0,3.0,Somali,Erer,268901,235349,0.0,0.0,235349.0,0.0,0.0,235349.0,0.0,0.0,235349.0,0.0,0.0,235349.0,0.0,0.0,235349.0,0.0,0.0,235349.0
1840,2014-07-01,2.0,Ethiopia,Somali,Fafan,2.0,2.0,Somali,Fafan,1242707,1087649,0.0,1087649.0,0.0,0.0,0.0,1087649.0,0.0,1087649.0,0.0,0.0,0.0,1087649.0,0.0,1087649.0,0.0,0.0,0.0,1087649.0
1841,2014-07-01,1.0,Ethiopia,SNNP,Gamo,1.0,1.0,SNNP,Gamo,1462777,1280260,1280260.0,0.0,0.0,0.0,0.0,1280260.0,1280260.0,0.0,0.0,0.0,0.0,1280260.0,1280260.0,0.0,0.0,0.0,0.0,1280260.0
1842,2014-07-01,2.0,Ethiopia,SNNP,Gedeo,2.0,2.0,SNNP,Gedeo,1131834,990610,0.0,990610.0,0.0,0.0,0.0,990610.0,0.0,990610.0,0.0,0.0,0.0,990610.0,0.0,990610.0,0.0,0.0,0.0,990610.0
1843,2014-07-01,1.0,Ethiopia,SNNP,Gofa,1.0,1.0,SNNP,Gofa,623589,545781,545781.0,0.0,0.0,0.0,0.0,545781.0,545781.0,0.0,0.0,0.0,0.0,545781.0,545781.0,0.0,0.0,0.0,0.0,545781.0
1844,2014-07-01,2.0,Ethiopia,Oromia,Guji,2.0,2.0,Oromia,Guji,1482472,1297498,0.0,1297498.0,0.0,0.0,0.0,1297498.0,0.0,1297498.0,0.0,0.0,0.0,1297498.0,0.0,1297498.0,0.0,0.0,0.0,1297498.0
1845,2014-07-01,2.0,Ethiopia,SNNP,Guraghe,2.0,1.0,SNNP,Guraghe,1882107,1647269,0.0,1647269.0,0.0,0.0,0.0,1647269.0,0.0,1647269.0,0.0,0.0,0.0,1647269.0,1647269.0,0.0,0.0,0.0,0.0,1647269.0
1846,2014-07-01,3.0,Ethiopia,SNNP,Hadiya,3.0,2.0,SNNP,Hadiya,1700138,1488005,0.0,0.0,1488005.0,0.0,0.0,1488005.0,0.0,0.0,1488005.0,0.0,0.0,1488005.0,0.0,1488005.0,0.0,0.0,0.0,1488005.0
1847,2014-07-01,3.0,Ethiopia,SNNP,Halaba Special,3.0,2.0,SNNP,Halaba Special,658130,576012,0.0,0.0,576012.0,0.0,0.0,576012.0,0.0,0.0,576012.0,0.0,0.0,576012.0,0.0,576012.0,0.0,0.0,0.0,576012.0
1848,2014-07-01,2.0,Ethiopia,Harari,Harari,2.0,2.0,Harari,Harari,260022,227578,0.0,227578.0,0.0,0.0,0.0,227578.0,0.0,227578.0,0.0,0.0,0.0,227578.0,0.0,227578.0,0.0,0.0,0.0,227578.0
1849,2014-07-01,2.0,Ethiopia,Somali,Jarar,2.0,2.0,Somali,Jarar,641077,561087,0.0,561087.0,0.0,0.0,0.0,561087.0,0.0,561087.0,0.0,0.0,0.0,561087.0,0.0,561087.0,0.0,0.0,0.0,561087.0
1850,2014-07-01,1.0,Ethiopia,Oromia,Jimma,1.0,1.0,Oromia,Jimma,3672640,3214391,3214391.0,0.0,0.0,0.0,0.0,3214391.0,3214391.0,0.0,0.0,0.0,0.0,3214391.0,3214391.0,0.0,0.0,0.0,0.0,3214391.0
1851,2014-07-01,2.0,Ethiopia,Benishangul Gumz,Kemashi,2.0,2.0,Benishangul Gumz,Kemashi,150986,132146,0.0,132146.0,0.0,0.0,0.0,132146.0,0.0,132146.0,0.0,0.0,0.0,132146.0,0.0,132146.0,0.0,0.0,0.0,132146.0
1852,2014-07-01,1.0,Ethiopia,SNNP,Kembata Tibaro,1.0,1.0,SNNP,Kembata Tibaro,911347,797634,797634.0,0.0,0.0,0.0,0.0,797634.0,797634.0,0.0,0.0,0.0,0.0,797634.0,797634.0,0.0,0.0,0.0,0.0,797634.0
1853,2014-07-01,2.0,Ethiopia,SNNP,Konso,2.0,2.0,SNNP,Konso,284360,248879,0.0,248879.0,0.0,0.0,0.0,248879.0,0.0,248879.0,0.0,0.0,0.0,248879.0,0.0,248879.0,0.0,0.0,0.0,248879.0
1854,2014-07-01,3.0,Ethiopia,Somali,Liban,3.0,3.0,Somali,Liban,505190,442155,0.0,0.0,442155.0,0.0,0.0,442155.0,0.0,0.0,442155.0,0.0,0.0,442155.0,0.0,0.0,442155.0,0.0,0.0,442155.0
1855,2014-07-01,2.0,Ethiopia,Tigray,Mekele Special,2.0,2.0,Tigray,Mekele Special,418327,366130,0.0,366130.0,0.0,0.0,0.0,366130.0,0.0,366130.0,0.0,0.0,0.0,366130.0,0.0,366130.0,0.0,0.0,0.0,366130.0
1856,2014-07-01,3.0,Ethiopia,SNNP,Mirab Omo,3.0,2.0,SNNP,Mirab Omo,262515,229760,0.0,0.0,229760.0,0.0,0.0,229760.0,0.0,0.0,229760.0,0.0,0.0,229760.0,0.0,229760.0,0.0,0.0,0.0,229760.0
1857,2014-07-01,2.0,Ethiopia,Somali,Nogob,2.0,2.0,Somali,Nogob,217220,190116,0.0,190116.0,0.0,0.0,0.0,190116.0,0.0,190116.0,0.0,0.0,0.0,190116.0,0.0,190116.0,0.0,0.0,0.0,190116.0
1858,2014-07-01,3.0,Ethiopia,Amhara,North Gondar,3.0,2.0,Amhara,North Gondar,889977,778931,0.0,0.0,778931.0,0.0,0.0,778931.0,0.0,0.0,778931.0,0.0,0.0,778931.0,0.0,778931.0,0.0,0.0,0.0,778931.0
1859,2014-07-01,2.0,Ethiopia,Amhara,North Shewa,2.0,2.0,Amhara,North Shewa,2293091,2006973,0.0,2006973.0,0.0,0.0,0.0,2006973.0,0.0,2006973.0,0.0,0.0,0.0,2006973.0,0.0,2006973.0,0.0,0.0,0.0,2006973.0
1860,2014-07-01,3.0,Ethiopia,Amhara,North Wello,3.0,2.0,Amhara,North Wello,1740337,1523188,0.0,0.0,1523188.0,0.0,0.0,1523188.0,0.0,0.0,1523188.0,0.0,0.0,1523188.0,0.0,1523188.0,0.0,0.0,0.0,1523188.0
1861,2014-07-01,3.0,Ethiopia,Tigray,North Western,3.0,2.0,Tigray,North Western,893262,781806,0.0,0.0,781806.0,0.0,0.0,781806.0,0.0,0.0,781806.0,0.0,0.0,781806.0,0.0,781806.0,0.0,0.0,0.0,781806.0
1862,2014-07-01,4.0,Ethiopia,Gambela,Nuwer,4.0,3.0,Gambela,Nuwer,166901,146076,0.0,0.0,0.0,146076.0,0.0,146076.0,0.0,0.0,0.0,146076.0,0.0,146076.0,0.0,0.0,146076.0,0.0,0.0,146076.0
1863,2014-07-01,2.0,Ethiopia,Amhara,Oromia,2.0,2.0,Amhara,Oromia,569808,498710,0.0,498710.0,0.0,0.0,0.0,498710.0,0.0,498710.0,0.0,0.0,0.0,498710.0,0.0,498710.0,0.0,0.0,0.0,498710.0
1864,2014-07-01,3.0,Ethiopia,Somali,Shabelle,3.0,3.0,Somali,Shabelle,647430,566647,0.0,0.0,566647.0,0.0,0.0,566647.0,0.0,0.0,566647.0,0.0,0.0,566647.0,0.0,0.0,566647.0,0.0,0.0,566647.0
1865,2014-07-01,3.0,Ethiopia,SNNP,Sidama,3.0,2.0,SNNP,Sidama,4212331,3686742,0.0,0.0,3686742.0,0.0,0.0,3686742.0,0.0,0.0,3686742.0,0.0,0.0,3686742.0,0.0,3686742.0,0.0,0.0,0.0,3686742.0
1866,2014-07-01,2.0,Ethiopia,SNNP,Siltie,2.0,1.0,SNNP,Siltie,1051444,920251,0.0,920251.0,0.0,0.0,0.0,920251.0,0.0,920251.0,0.0,0.0,0.0,920251.0,920251.0,0.0,0.0,0.0,0.0,920251.0
1867,2014-07-01,3.0,Ethiopia,Somali,Siti,3.0,3.0,Somali,Siti,644214,563833,0.0,0.0,563833.0,0.0,0.0,563833.0,0.0,0.0,563833.0,0.0,0.0,563833.0,0.0,0.0,563833.0,0.0,0.0,563833.0
1868,2014-07-01,3.0,Ethiopia,Tigray,South Eastern,3.0,3.0,Tigray,South Eastern,528199,462293,0.0,0.0,462293.0,0.0,0.0,462293.0,0.0,0.0,462293.0,0.0,0.0,462293.0,0.0,0.0,462293.0,0.0,0.0,462293.0
1869,2014-07-01,3.0,Ethiopia,Amhara,South Gondar,3.0,2.0,Amhara,South Gondar,2526963,2211664,0.0,0.0,2211664.0,0.0,0.0,2211664.0,0.0,0.0,2211664.0,0.0,0.0,2211664.0,0.0,2211664.0,0.0,0.0,0.0,2211664.0
1870,2014-07-01,3.0,Ethiopia,SNNP,South Omo,3.0,2.0,SNNP,South Omo,754134,660037,0.0,0.0,660037.0,0.0,0.0,660037.0,0.0,0.0,660037.0,0.0,0.0,660037.0,0.0,660037.0,0.0,0.0,0.0,660037.0
1871,2014-07-01,3.0,Ethiopia,Amhara,South Wello,3.0,2.0,Amhara,South Wello,3246827,2841708,0.0,0.0,2841708.0,0.0,0.0,2841708.0,0.0,0.0,2841708.0,0.0,0.0,2841708.0,0.0,2841708.0,0.0,0.0,0.0,2841708.0
1872,2014-07-01,1.0,Ethiopia,Oromia,South West Shewa,1.0,1.0,Oromia,South West Shewa,1264234,1106490,1106490.0,0.0,0.0,0.0,0.0,1106490.0,1106490.0,0.0,0.0,0.0,0.0,1106490.0,1106490.0,0.0,0.0,0.0,0.0,1106490.0
1873,2014-07-01,3.0,Ethiopia,Tigray,Southern,3.0,2.0,Tigray,Southern,752344,658471,0.0,0.0,658471.0,0.0,0.0,658471.0,0.0,0.0,658471.0,0.0,0.0,658471.0,0.0,658471.0,0.0,0.0,0.0,658471.0
1874,2014-07-01,3.0,Ethiopia,Amhara,Wag Hamra,3.0,2.0,Amhara,Wag Hamra,516457,452016,0.0,0.0,452016.0,0.0,0.0,452016.0,0.0,0.0,452016.0,0.0,0.0,452016.0,0.0,452016.0,0.0,0.0,0.0,452016.0
1875,2014-07-01,3.0,Ethiopia,Oromia,West Arsi,3.0,2.0,Oromia,West Arsi,2868933,2510965,0.0,0.0,2510965.0,0.0,0.0,2510965.0,0.0,0.0,2510965.0,0.0,0.0,2510965.0,0.0,2510965.0,0.0,0.0,0.0,2510965.0
1876,2014-07-01,2.0,Ethiopia,Oromia,West Guji,2.0,2.0,Oromia,West Guji,1223292,1070657,0.0,1070657.0,0.0,0.0,0.0,1070657.0,0.0,1070657.0,0.0,0.0,0.0,1070657.0,0.0,1070657.0,0.0,0.0,0.0,1070657.0
1877,2014-07-01,3.0,Ethiopia,Oromia,West Hararge,3.0,3.0,Oromia,West Hararge,2568661,2248159,0.0,0.0,2248159.0,0.0,0.0,2248159.0,0.0,0.0,2248159.0,0.0,0.0,2248159.0,0.0,0.0,2248159.0,0.0,0.0,2248159.0
1878,2014-07-01,1.0,Ethiopia,Oromia,West Wellega,1.0,1.0,Oromia,West Wellega,1880222,1645619,1645619.0,0.0,0.0,0.0,0.0,1645619.0,1645619.0,0.0,0.0,0.0,0.0,1645619.0,1645619.0,0.0,0.0,0.0,0.0,1645619.0
1879,2014-07-01,3.0,Ethiopia,Tigray,Western,3.0,2.0,Tigray,Western,440553,385583,0.0,0.0,385583.0,0.0,0.0,385583.0,0.0,0.0,385583.0,0.0,0.0,385583.0,0.0,385583.0,0.0,0.0,0.0,385583.0
1880,2014-07-01,1.0,Ethiopia,SNNP,Wolayita,1.0,1.0,SNNP,Wolayita,1999292,1749832,1749832.0,0.0,0.0,0.0,0.0,1749832.0,1749832.0,0.0,0.0,0.0,0.0,1749832.0,1749832.0,0.0,0.0,0.0,0.0,1749832.0
1881,2014-07-01,1.0,Ethiopia,SNNP,Yem Special,1.0,1.0,SNNP,Yem Special,102526,89733,89733.0,0.0,0.0,0.0,0.0,89733.0,89733.0,0.0,0.0,0.0,0.0,89733.0,89733.0,0.0,0.0,0.0,0.0,89733.0
1882,2014-07-01,3.0,Ethiopia,Afar,Zone 1 (Awsi Rasu),3.0,3.0,Afar,Zone 1 (Awsi Rasu),643036,562802,0.0,0.0,562802.0,0.0,0.0,562802.0,0.0,0.0,562802.0,0.0,0.0,562802.0,0.0,0.0,562802.0,0.0,0.0,562802.0
1883,2014-07-01,3.0,Ethiopia,Afar,Zone 2 (Kilbet Rasu),3.0,3.0,Afar,Zone 2 (Kilbet Rasu),493764,432155,0.0,0.0,432155.0,0.0,0.0,432155.0,0.0,0.0,432155.0,0.0,0.0,432155.0,0.0,0.0,432155.0,0.0,0.0,432155.0
1884,2014-07-01,2.0,Ethiopia,Afar,Zone 3 (Gabi Rasu),2.0,2.0,Afar,Zone 3 (Gabi Rasu),281357,246251,0.0,246251.0,0.0,0.0,0.0,246251.0,0.0,246251.0,0.0,0.0,0.0,246251.0,0.0,246251.0,0.0,0.0,0.0,246251.0
1885,2014-07-01,3.0,Ethiopia,Afar,Zone 4 (Fantana Rasu),3.0,3.0,Afar,Zone 4 (Fantana Rasu),276855,242310,0.0,0.0,242310.0,0.0,0.0,242310.0,0.0,0.0,242310.0,0.0,0.0,242310.0,0.0,0.0,242310.0,0.0,0.0,242310.0
1886,2014-07-01,2.0,Ethiopia,Afar,Zone 5 (Hari Rasu),2.0,2.0,Afar,Zone 5 (Hari Rasu),209402,183274,0.0,183274.0,0.0,0.0,0.0,183274.0,0.0,183274.0,0.0,0.0,0.0,183274.0,0.0,183274.0,0.0,0.0,0.0,183274.0
1887,2014-07-01,4.0,Ethiopia,Gambela,Agnewak,4.0,3.0,Gambela,Agnewak,164054,143584,0.0,0.0,0.0,143584.0,0.0,143584.0,0.0,0.0,0.0,143584.0,0.0,143584.0,0.0,0.0,143584.0,0.0,0.0,143584.0
1888,2014-07-01,2.0,Ethiopia,Somali,Doolo,2.0,2.0,Somali,Doolo,425824,372692,0.0,372692.0,0.0,0.0,0.0,372692.0,0.0,372692.0,0.0,0.0,0.0,372692.0,0.0,372692.0,0.0,0.0,0.0,372692.0
1889,2014-07-01,2.0,Ethiopia,Somali,Korahe,2.0,2.0,Somali,Korahe,511890,448019,0.0,448019.0,0.0,0.0,0.0,448019.0,0.0,448019.0,0.0,0.0,0.0,448019.0,0.0,448019.0,0.0,0.0,0.0,448019.0
1890,2014-07-01,2.0,Ethiopia,Oromia,Finfine Special,2.0,1.0,Oromia,Finfine Special,1040106,910328,0.0,910328.0,0.0,0.0,0.0,910328.0,0.0,910328.0,0.0,0.0,0.0,910328.0,910328.0,0.0,0.0,0.0,0.0,910328.0
1891,2014-07-01,1.0,Ethiopia,Addis Ababa,Region 14,1.0,1.0,Addis Ababa,Region 14,3585647,3138252,3138252.0,0.0,0.0,0.0,0.0,3138252.0,3138252.0,0.0,0.0,0.0,0.0,3138252.0,3138252.0,0.0,0.0,0.0,0.0,3138252.0
1892,2014-07-01,1.0,Ethiopia,Amhara,West Gojam,1.0,1.0,Amhara,West Gojam,2894095,2532988,2532988.0,0.0,0.0,0.0,0.0,2532988.0,2532988.0,0.0,0.0,0.0,0.0,2532988.0,2532988.0,0.0,0.0,0.0,0.0,2532988.0
1893,2014-07-01,1.0,Ethiopia,SNNP,Basketo,1.0,1.0,SNNP,Basketo,75512,66090,66090.0,0.0,0.0,0.0,0.0,66090.0,66090.0,0.0,0.0,0.0,0.0,66090.0,66090.0,0.0,0.0,0.0,0.0,66090.0
1894,2014-07-01,1.0,Ethiopia,SNNP,Bench Maji,1.0,1.0,SNNP,Bench Maji,603595,528282,528282.0,0.0,0.0,0.0,0.0,528282.0,528282.0,0.0,0.0,0.0,0.0,528282.0,528282.0,0.0,0.0,0.0,0.0,528282.0
1895,2014-07-01,3.0,Ethiopia,Gambela,Etang Special woreda,3.0,2.0,Gambela,Etang Special woreda,50260,43988,0.0,0.0,43988.0,0.0,0.0,43988.0,0.0,0.0,43988.0,0.0,0.0,43988.0,0.0,43988.0,0.0,0.0,0.0,43988.0
1896,2014-07-01,1.0,Ethiopia,Oromia,Ilu Aba Bora,1.0,1.0,Oromia,Ilu Aba Bora,953178,834246,834246.0,0.0,0.0,0.0,0.0,834246.0,834246.0,0.0,0.0,0.0,0.0,834246.0,834246.0,0.0,0.0,0.0,0.0,834246.0
1897,2014-07-01,1.0,Ethiopia,SNNP,Kefa,1.0,1.0,SNNP,Kefa,1053546,922091,922091.0,0.0,0.0,0.0,0.0,922091.0,922091.0,0.0,0.0,0.0,0.0,922091.0,922091.0,0.0,0.0,0.0,0.0,922091.0
1898,2014-07-01,1.0,Ethiopia,SNNP,Konta Special,1.0,1.0,SNNP,Konta Special,119904,104943,104943.0,0.0,0.0,0.0,0.0,104943.0,104943.0,0.0,0.0,0.0,0.0,104943.0,104943.0,0.0,0.0,0.0,0.0,104943.0
1899,2014-07-01,1.0,Ethiopia,Gambela,Mejenger,1.0,1.0,Gambela,Mejenger,81617,71433,71433.0,0.0,0.0,0.0,0.0,71433.0,71433.0,0.0,0.0,0.0,0.0,71433.0,71433.0,0.0,0.0,0.0,0.0,71433.0
1900,2014-07-01,3.0,Ethiopia,Benishangul Gumz,Asosa,3.0,2.0,Benishangul Gumz,Asosa,402287,352092,0.0,0.0,352092.0,0.0,0.0,352092.0,0.0,0.0,352092.0,0.0,0.0,352092.0,0.0,352092.0,0.0,0.0,0.0,352092.0
1901,2014-07-01,2.0,Ethiopia,Dire Dawa,Dire Dawa urban,2.0,2.0,Dire Dawa,Dire Dawa urban,319985,280059,0.0,280059.0,0.0,0.0,0.0,280059.0,0.0,280059.0,0.0,0.0,0.0,280059.0,0.0,280059.0,0.0,0.0,0.0,280059.0
1902,2014-07-01,1.0,Ethiopia,Oromia,Horo Gudru Wellega,1.0,1.0,Oromia,Horo Gudru Wellega,791731,692943,692943.0,0.0,0.0,0.0,0.0,692943.0,692943.0,0.0,0.0,0.0,0.0,692943.0,692943.0,0.0,0.0,0.0,0.0,692943.0
1903,2014-07-01,3.0,Ethiopia,Oromia,Kelem Wellega,3.0,2.0,Oromia,Kelem Wellega,1141498,999069,0.0,0.0,999069.0,0.0,0.0,999069.0,0.0,0.0,999069.0,0.0,0.0,999069.0,0.0,999069.0,0.0,0.0,0.0,999069.0
1904,2014-07-01,3.0,Ethiopia,Benishangul Gumz,Mao Komo Special,3.0,2.0,Benishangul Gumz,Mao Komo Special,70414,61628,0.0,0.0,61628.0,0.0,0.0,61628.0,0.0,0.0,61628.0,0.0,0.0,61628.0,0.0,61628.0,0.0,0.0,0.0,61628.0
1905,2014-07-01,1.0,Ethiopia,Benishangul Gumz,Metekel,1.0,1.0,Benishangul Gumz,Metekel,479162,419375,419375.0,0.0,0.0,0.0,0.0,419375.0,419375.0,0.0,0.0,0.0,0.0,419375.0,419375.0,0.0,0.0,0.0,0.0,419375.0
1906,2014-07-01,2.0,Ethiopia,Oromia,North Shewa,2.0,1.0,Oromia,North Shewa,1626893,1423899,0.0,1423899.0,0.0,0.0,0.0,1423899.0,0.0,1423899.0,0.0,0.0,0.0,1423899.0,1423899.0,0.0,0.0,0.0,0.0,1423899.0
1907,2014-07-01,1.0,Ethiopia,SNNP,Sheka,1.0,1.0,SNNP,Sheka,274212,239997,239997.0,0.0,0.0,0.0,0.0,239997.0,239997.0,0.0,0.0,0.0,0.0,239997.0,239997.0,0.0,0.0,0.0,0.0,239997.0
1908,2014-07-01,2.0,Ethiopia,Oromia,West Shewa,2.0,1.0,Oromia,West Shewa,2773901,2427791,0.0,2427791.0,0.0,0.0,0.0,2427791.0,0.0,2427791.0,0.0,0.0,0.0,2427791.0,2427791.0,0.0,0.0,0.0,0.0,2427791.0
1909,2014-07-01,1.0,Ethiopia,Amhara,Awi,1.0,1.0,Amhara,Awi,1338704,1171668,1171668.0,0.0,0.0,0.0,0.0,1171668.0,1171668.0,0.0,0.0,0.0,0.0,1171668.0,1171668.0,0.0,0.0,0.0,0.0,1171668.0
1910,2014-07-01,1.0,Ethiopia,Amhara,West Gondar,1.0,1.0,Amhara,West Gondar,381393,333805,333805.0,0.0,0.0,0.0,0.0,333805.0,333805.0,0.0,0.0,0.0,0.0,333805.0,333805.0,0.0,0.0,0.0,0.0,333805.0
1911,2014-10-01,3.0,Ethiopia,Somali,Afder,3.0,3.0,Somali,Afder,654828,573122,0.0,0.0,573122.0,0.0,0.0,573122.0,0.0,0.0,573122.0,0.0,0.0,573122.0,0.0,0.0,573122.0,0.0,0.0,573122.0
1912,2014-10-01,2.0,Ethiopia,SNNP,Alle,2.0,2.0,SNNP,Alle,81190,71059,0.0,71059.0,0.0,0.0,0.0,71059.0,0.0,71059.0,0.0,0.0,0.0,71059.0,0.0,71059.0,0.0,0.0,0.0,71059.0
1913,2014-10-01,2.0,Ethiopia,SNNP,Amaro,2.0,2.0,SNNP,Amaro,195252,170889,0.0,170889.0,0.0,0.0,0.0,170889.0,0.0,170889.0,0.0,0.0,0.0,170889.0,0.0,170889.0,0.0,0.0,0.0,170889.0
1914,2014-10-01,2.0,Ethiopia,Oromia,Arsi,2.0,3.0,Oromia,Arsi,3645492,3190630,0.0,3190630.0,0.0,0.0,0.0,3190630.0,0.0,3190630.0,0.0,0.0,0.0,3190630.0,0.0,0.0,3190630.0,0.0,0.0,3190630.0
1915,2014-10-01,3.0,Ethiopia,Oromia,Bale,3.0,3.0,Oromia,Bale,1887498,1651987,0.0,0.0,1651987.0,0.0,0.0,1651987.0,0.0,0.0,1651987.0,0.0,0.0,1651987.0,0.0,0.0,1651987.0,0.0,0.0,1651987.0
1916,2014-10-01,3.0,Ethiopia,Oromia,Borena,2.0,2.0,Oromia,Borena,545493,477429,0.0,0.0,477429.0,0.0,0.0,477429.0,0.0,477429.0,0.0,0.0,0.0,477429.0,0.0,477429.0,0.0,0.0,0.0,477429.0
1917,2014-10-01,1.0,Ethiopia,Oromia,Buno Bedele,1.0,1.0,Oromia,Buno Bedele,809088,708135,708135.0,0.0,0.0,0.0,0.0,708135.0,708135.0,0.0,0.0,0.0,0.0,708135.0,708135.0,0.0,0.0,0.0,0.0,708135.0
1918,2014-10-01,2.0,Ethiopia,SNNP,Burji,2.0,2.0,SNNP,Burji,71728,62778,0.0,62778.0,0.0,0.0,0.0,62778.0,0.0,62778.0,0.0,0.0,0.0,62778.0,0.0,62778.0,0.0,0.0,0.0,62778.0
1919,2014-10-01,2.0,Ethiopia,Tigray,Central,2.0,3.0,Tigray,Central,1384454,1211710,0.0,1211710.0,0.0,0.0,0.0,1211710.0,0.0,1211710.0,0.0,0.0,0.0,1211710.0,0.0,0.0,1211710.0,0.0,0.0,1211710.0
1920,2014-10-01,2.0,Ethiopia,Amhara,Central Gondar,2.0,3.0,Amhara,Central Gondar,2719899,2380527,0.0,2380527.0,0.0,0.0,0.0,2380527.0,0.0,2380527.0,0.0,0.0,0.0,2380527.0,0.0,0.0,2380527.0,0.0,0.0,2380527.0
1921,2014-10-01,3.0,Ethiopia,Somali,Daawa,2.0,2.0,Somali,Daawa,457130,400092,0.0,0.0,400092.0,0.0,0.0,400092.0,0.0,400092.0,0.0,0.0,0.0,400092.0,0.0,400092.0,0.0,0.0,0.0,400092.0
1922,2014-10-01,1.0,Ethiopia,SNNP,Dawuro,1.0,2.0,SNNP,Dawuro,643931,563585,563585.0,0.0,0.0,0.0,0.0,563585.0,563585.0,0.0,0.0,0.0,0.0,563585.0,0.0,563585.0,0.0,0.0,0.0,563585.0
1923,2014-10-01,1.0,Ethiopia,SNNP,Derashe,1.0,2.0,SNNP,Derashe,107301,93912,93912.0,0.0,0.0,0.0,0.0,93912.0,93912.0,0.0,0.0,0.0,0.0,93912.0,0.0,93912.0,0.0,0.0,0.0,93912.0
1924,2014-10-01,2.0,Ethiopia,Dire Dawa,Dire Dawa rural,2.0,2.0,Dire Dawa,Dire Dawa rural,188933,165359,0.0,165359.0,0.0,0.0,0.0,165359.0,0.0,165359.0,0.0,0.0,0.0,165359.0,0.0,165359.0,0.0,0.0,0.0,165359.0
1925,2014-10-01,1.0,Ethiopia,Amhara,East Gojam,1.0,1.0,Amhara,East Gojam,2672621,2339148,2339148.0,0.0,0.0,0.0,0.0,2339148.0,2339148.0,0.0,0.0,0.0,0.0,2339148.0,2339148.0,0.0,0.0,0.0,0.0,2339148.0
1926,2014-10-01,3.0,Ethiopia,Oromia,East Hararge,3.0,3.0,Oromia,East Hararge,3739861,3273224,0.0,0.0,3273224.0,0.0,0.0,3273224.0,0.0,0.0,3273224.0,0.0,0.0,3273224.0,0.0,0.0,3273224.0,0.0,0.0,3273224.0
1927,2014-10-01,3.0,Ethiopia,Oromia,East Shewa,3.0,3.0,Oromia,East Shewa,2234419,1955622,0.0,0.0,1955622.0,0.0,0.0,1955622.0,0.0,0.0,1955622.0,0.0,0.0,1955622.0,0.0,0.0,1955622.0,0.0,0.0,1955622.0
1928,2014-10-01,1.0,Ethiopia,Oromia,East Wellega,1.0,1.0,Oromia,East Wellega,1693681,1482354,1482354.0,0.0,0.0,0.0,0.0,1482354.0,1482354.0,0.0,0.0,0.0,0.0,1482354.0,1482354.0,0.0,0.0,0.0,0.0,1482354.0
1929,2014-10-01,2.0,Ethiopia,Tigray,Eastern,2.0,2.0,Tigray,Eastern,940053,822759,0.0,822759.0,0.0,0.0,0.0,822759.0,0.0,822759.0,0.0,0.0,0.0,822759.0,0.0,822759.0,0.0,0.0,0.0,822759.0
1930,2014-10-01,2.0,Ethiopia,Somali,Erer,2.0,3.0,Somali,Erer,268901,235349,0.0,235349.0,0.0,0.0,0.0,235349.0,0.0,235349.0,0.0,0.0,0.0,235349.0,0.0,0.0,235349.0,0.0,0.0,235349.0
1931,2014-10-01,2.0,Ethiopia,Somali,Fafan,2.0,2.0,Somali,Fafan,1242707,1087649,0.0,1087649.0,0.0,0.0,0.0,1087649.0,0.0,1087649.0,0.0,0.0,0.0,1087649.0,0.0,1087649.0,0.0,0.0,0.0,1087649.0
1932,2014-10-01,1.0,Ethiopia,SNNP,Gamo,1.0,2.0,SNNP,Gamo,1462777,1280260,1280260.0,0.0,0.0,0.0,0.0,1280260.0,1280260.0,0.0,0.0,0.0,0.0,1280260.0,0.0,1280260.0,0.0,0.0,0.0,1280260.0
1933,2014-10-01,2.0,Ethiopia,SNNP,Gedeo,2.0,2.0,SNNP,Gedeo,1131834,990610,0.0,990610.0,0.0,0.0,0.0,990610.0,0.0,990610.0,0.0,0.0,0.0,990610.0,0.0,990610.0,0.0,0.0,0.0,990610.0
1934,2014-10-01,1.0,Ethiopia,SNNP,Gofa,1.0,2.0,SNNP,Gofa,623589,545781,545781.0,0.0,0.0,0.0,0.0,545781.0,545781.0,0.0,0.0,0.0,0.0,545781.0,0.0,545781.0,0.0,0.0,0.0,545781.0
1935,2014-10-01,2.0,Ethiopia,Oromia,Guji,2.0,2.0,Oromia,Guji,1482472,1297498,0.0,1297498.0,0.0,0.0,0.0,1297498.0,0.0,1297498.0,0.0,0.0,0.0,1297498.0,0.0,1297498.0,0.0,0.0,0.0,1297498.0
1936,2014-10-01,1.0,Ethiopia,SNNP,Guraghe,1.0,2.0,SNNP,Guraghe,1882107,1647269,1647269.0,0.0,0.0,0.0,0.0,1647269.0,1647269.0,0.0,0.0,0.0,0.0,1647269.0,0.0,1647269.0,0.0,0.0,0.0,1647269.0
1937,2014-10-01,2.0,Ethiopia,SNNP,Hadiya,2.0,3.0,SNNP,Hadiya,1700138,1488005,0.0,1488005.0,0.0,0.0,0.0,1488005.0,0.0,1488005.0,0.0,0.0,0.0,1488005.0,0.0,0.0,1488005.0,0.0,0.0,1488005.0
1938,2014-10-01,2.0,Ethiopia,SNNP,Halaba Special,2.0,3.0,SNNP,Halaba Special,658130,576012,0.0,576012.0,0.0,0.0,0.0,576012.0,0.0,576012.0,0.0,0.0,0.0,576012.0,0.0,0.0,576012.0,0.0,0.0,576012.0
1939,2014-10-01,1.0,Ethiopia,Harari,Harari,1.0,2.0,Harari,Harari,260022,227578,227578.0,0.0,0.0,0.0,0.0,227578.0,227578.0,0.0,0.0,0.0,0.0,227578.0,0.0,227578.0,0.0,0.0,0.0,227578.0
1940,2014-10-01,2.0,Ethiopia,Somali,Jarar,2.0,2.0,Somali,Jarar,641077,561087,0.0,561087.0,0.0,0.0,0.0,561087.0,0.0,561087.0,0.0,0.0,0.0,561087.0,0.0,561087.0,0.0,0.0,0.0,561087.0
1941,2014-10-01,1.0,Ethiopia,Oromia,Jimma,1.0,1.0,Oromia,Jimma,3672640,3214391,3214391.0,0.0,0.0,0.0,0.0,3214391.0,3214391.0,0.0,0.0,0.0,0.0,3214391.0,3214391.0,0.0,0.0,0.0,0.0,3214391.0
1942,2014-10-01,2.0,Ethiopia,Benishangul Gumz,Kemashi,2.0,2.0,Benishangul Gumz,Kemashi,150986,132146,0.0,132146.0,0.0,0.0,0.0,132146.0,0.0,132146.0,0.0,0.0,0.0,132146.0,0.0,132146.0,0.0,0.0,0.0,132146.0
1943,2014-10-01,1.0,Ethiopia,SNNP,Kembata Tibaro,1.0,2.0,SNNP,Kembata Tibaro,911347,797634,797634.0,0.0,0.0,0.0,0.0,797634.0,797634.0,0.0,0.0,0.0,0.0,797634.0,0.0,797634.0,0.0,0.0,0.0,797634.0
1944,2014-10-01,2.0,Ethiopia,SNNP,Konso,2.0,2.0,SNNP,Konso,284360,248879,0.0,248879.0,0.0,0.0,0.0,248879.0,0.0,248879.0,0.0,0.0,0.0,248879.0,0.0,248879.0,0.0,0.0,0.0,248879.0
1945,2014-10-01,3.0,Ethiopia,Somali,Liban,3.0,3.0,Somali,Liban,505190,442155,0.0,0.0,442155.0,0.0,0.0,442155.0,0.0,0.0,442155.0,0.0,0.0,442155.0,0.0,0.0,442155.0,0.0,0.0,442155.0
1946,2014-10-01,1.0,Ethiopia,Tigray,Mekele Special,1.0,2.0,Tigray,Mekele Special,418327,366130,366130.0,0.0,0.0,0.0,0.0,366130.0,366130.0,0.0,0.0,0.0,0.0,366130.0,0.0,366130.0,0.0,0.0,0.0,366130.0
1947,2014-10-01,3.0,Ethiopia,SNNP,Mirab Omo,2.0,2.0,SNNP,Mirab Omo,262515,229760,0.0,0.0,229760.0,0.0,0.0,229760.0,0.0,229760.0,0.0,0.0,0.0,229760.0,0.0,229760.0,0.0,0.0,0.0,229760.0
1948,2014-10-01,2.0,Ethiopia,Somali,Nogob,2.0,2.0,Somali,Nogob,217220,190116,0.0,190116.0,0.0,0.0,0.0,190116.0,0.0,190116.0,0.0,0.0,0.0,190116.0,0.0,190116.0,0.0,0.0,0.0,190116.0
1949,2014-10-01,2.0,Ethiopia,Amhara,North Gondar,2.0,3.0,Amhara,North Gondar,889977,778931,0.0,778931.0,0.0,0.0,0.0,778931.0,0.0,778931.0,0.0,0.0,0.0,778931.0,0.0,0.0,778931.0,0.0,0.0,778931.0
1950,2014-10-01,3.0,Ethiopia,Amhara,North Shewa,3.0,3.0,Amhara,North Shewa,2293091,2006973,0.0,0.0,2006973.0,0.0,0.0,2006973.0,0.0,0.0,2006973.0,0.0,0.0,2006973.0,0.0,0.0,2006973.0,0.0,0.0,2006973.0
1951,2014-10-01,2.0,Ethiopia,Amhara,North Wello,2.0,2.0,Amhara,North Wello,1740337,1523188,0.0,1523188.0,0.0,0.0,0.0,1523188.0,0.0,1523188.0,0.0,0.0,0.0,1523188.0,0.0,1523188.0,0.0,0.0,0.0,1523188.0
1952,2014-10-01,2.0,Ethiopia,Tigray,North Western,2.0,3.0,Tigray,North Western,893262,781806,0.0,781806.0,0.0,0.0,0.0,781806.0,0.0,781806.0,0.0,0.0,0.0,781806.0,0.0,0.0,781806.0,0.0,0.0,781806.0
1953,2014-10-01,3.0,Ethiopia,Gambela,Nuwer,3.0,4.0,Gambela,Nuwer,166901,146076,0.0,0.0,146076.0,0.0,0.0,146076.0,0.0,0.0,146076.0,0.0,0.0,146076.0,0.0,0.0,0.0,146076.0,0.0,146076.0
1954,2014-10-01,2.0,Ethiopia,Amhara,Oromia,2.0,2.0,Amhara,Oromia,569808,498710,0.0,498710.0,0.0,0.0,0.0,498710.0,0.0,498710.0,0.0,0.0,0.0,498710.0,0.0,498710.0,0.0,0.0,0.0,498710.0
1955,2014-10-01,3.0,Ethiopia,Somali,Shabelle,3.0,2.0,Somali,Shabelle,647430,566647,0.0,0.0,566647.0,0.0,0.0,566647.0,0.0,0.0,566647.0,0.0,0.0,566647.0,0.0,566647.0,0.0,0.0,0.0,566647.0
1956,2014-10-01,2.0,Ethiopia,SNNP,Sidama,2.0,3.0,SNNP,Sidama,4212331,3686742,0.0,3686742.0,0.0,0.0,0.0,3686742.0,0.0,3686742.0,0.0,0.0,0.0,3686742.0,0.0,0.0,3686742.0,0.0,0.0,3686742.0
1957,2014-10-01,1.0,Ethiopia,SNNP,Siltie,1.0,2.0,SNNP,Siltie,1051444,920251,920251.0,0.0,0.0,0.0,0.0,920251.0,920251.0,0.0,0.0,0.0,0.0,920251.0,0.0,920251.0,0.0,0.0,0.0,920251.0
1958,2014-10-01,3.0,Ethiopia,Somali,Siti,3.0,3.0,Somali,Siti,644214,563833,0.0,0.0,563833.0,0.0,0.0,563833.0,0.0,0.0,563833.0,0.0,0.0,563833.0,0.0,0.0,563833.0,0.0,0.0,563833.0
1959,2014-10-01,2.0,Ethiopia,Tigray,South Eastern,2.0,3.0,Tigray,South Eastern,528199,462293,0.0,462293.0,0.0,0.0,0.0,462293.0,0.0,462293.0,0.0,0.0,0.0,462293.0,0.0,0.0,462293.0,0.0,0.0,462293.0
1960,2014-10-01,2.0,Ethiopia,Amhara,South Gondar,2.0,3.0,Amhara,South Gondar,2526963,2211664,0.0,2211664.0,0.0,0.0,0.0,2211664.0,0.0,2211664.0,0.0,0.0,0.0,2211664.0,0.0,0.0,2211664.0,0.0,0.0,2211664.0
1961,2014-10-01,3.0,Ethiopia,SNNP,South Omo,2.0,2.0,SNNP,South Omo,754134,660037,0.0,0.0,660037.0,0.0,0.0,660037.0,0.0,660037.0,0.0,0.0,0.0,660037.0,0.0,660037.0,0.0,0.0,0.0,660037.0
1962,2014-10-01,2.0,Ethiopia,Amhara,South Wello,2.0,2.0,Amhara,South Wello,3246827,2841708,0.0,2841708.0,0.0,0.0,0.0,2841708.0,0.0,2841708.0,0.0,0.0,0.0,2841708.0,0.0,2841708.0,0.0,0.0,0.0,2841708.0
1963,2014-10-01,1.0,Ethiopia,Oromia,South West Shewa,1.0,2.0,Oromia,South West Shewa,1264234,1106490,1106490.0,0.0,0.0,0.0,0.0,1106490.0,1106490.0,0.0,0.0,0.0,0.0,1106490.0,0.0,1106490.0,0.0,0.0,0.0,1106490.0
1964,2014-10-01,2.0,Ethiopia,Tigray,Southern,2.0,3.0,Tigray,Southern,752344,658471,0.0,658471.0,0.0,0.0,0.0,658471.0,0.0,658471.0,0.0,0.0,0.0,658471.0,0.0,0.0,658471.0,0.0,0.0,658471.0
1965,2014-10-01,2.0,Ethiopia,Amhara,Wag Hamra,2.0,3.0,Amhara,Wag Hamra,516457,452016,0.0,452016.0,0.0,0.0,0.0,452016.0,0.0,452016.0,0.0,0.0,0.0,452016.0,0.0,0.0,452016.0,0.0,0.0,452016.0
1966,2014-10-01,2.0,Ethiopia,Oromia,West Arsi,2.0,3.0,Oromia,West Arsi,2868933,2510965,0.0,2510965.0,0.0,0.0,0.0,2510965.0,0.0,2510965.0,0.0,0.0,0.0,2510965.0,0.0,0.0,2510965.0,0.0,0.0,2510965.0
1967,2014-10-01,2.0,Ethiopia,Oromia,West Guji,2.0,2.0,Oromia,West Guji,1223292,1070657,0.0,1070657.0,0.0,0.0,0.0,1070657.0,0.0,1070657.0,0.0,0.0,0.0,1070657.0,0.0,1070657.0,0.0,0.0,0.0,1070657.0
1968,2014-10-01,3.0,Ethiopia,Oromia,West Hararge,3.0,3.0,Oromia,West Hararge,2568661,2248159,0.0,0.0,2248159.0,0.0,0.0,2248159.0,0.0,0.0,2248159.0,0.0,0.0,2248159.0,0.0,0.0,2248159.0,0.0,0.0,2248159.0
1969,2014-10-01,1.0,Ethiopia,Oromia,West Wellega,1.0,1.0,Oromia,West Wellega,1880222,1645619,1645619.0,0.0,0.0,0.0,0.0,1645619.0,1645619.0,0.0,0.0,0.0,0.0,1645619.0,1645619.0,0.0,0.0,0.0,0.0,1645619.0
1970,2014-10-01,2.0,Ethiopia,Tigray,Western,2.0,3.0,Tigray,Western,440553,385583,0.0,385583.0,0.0,0.0,0.0,385583.0,0.0,385583.0,0.0,0.0,0.0,385583.0,0.0,0.0,385583.0,0.0,0.0,385583.0
1971,2014-10-01,1.0,Ethiopia,SNNP,Wolayita,1.0,2.0,SNNP,Wolayita,1999292,1749832,1749832.0,0.0,0.0,0.0,0.0,1749832.0,1749832.0,0.0,0.0,0.0,0.0,1749832.0,0.0,1749832.0,0.0,0.0,0.0,1749832.0
1972,2014-10-01,1.0,Ethiopia,SNNP,Yem Special,1.0,1.0,SNNP,Yem Special,102526,89733,89733.0,0.0,0.0,0.0,0.0,89733.0,89733.0,0.0,0.0,0.0,0.0,89733.0,89733.0,0.0,0.0,0.0,0.0,89733.0
1973,2014-10-01,3.0,Ethiopia,Afar,Zone 1 (Awsi Rasu),3.0,3.0,Afar,Zone 1 (Awsi Rasu),643036,562802,0.0,0.0,562802.0,0.0,0.0,562802.0,0.0,0.0,562802.0,0.0,0.0,562802.0,0.0,0.0,562802.0,0.0,0.0,562802.0
1974,2014-10-01,3.0,Ethiopia,Afar,Zone 2 (Kilbet Rasu),3.0,3.0,Afar,Zone 2 (Kilbet Rasu),493764,432155,0.0,0.0,432155.0,0.0,0.0,432155.0,0.0,0.0,432155.0,0.0,0.0,432155.0,0.0,0.0,432155.0,0.0,0.0,432155.0
1975,2014-10-01,3.0,Ethiopia,Afar,Zone 3 (Gabi Rasu),3.0,3.0,Afar,Zone 3 (Gabi Rasu),281357,246251,0.0,0.0,246251.0,0.0,0.0,246251.0,0.0,0.0,246251.0,0.0,0.0,246251.0,0.0,0.0,246251.0,0.0,0.0,246251.0
1976,2014-10-01,3.0,Ethiopia,Afar,Zone 4 (Fantana Rasu),3.0,3.0,Afar,Zone 4 (Fantana Rasu),276855,242310,0.0,0.0,242310.0,0.0,0.0,242310.0,0.0,0.0,242310.0,0.0,0.0,242310.0,0.0,0.0,242310.0,0.0,0.0,242310.0
1977,2014-10-01,3.0,Ethiopia,Afar,Zone 5 (Hari Rasu),3.0,3.0,Afar,Zone 5 (Hari Rasu),209402,183274,0.0,0.0,183274.0,0.0,0.0,183274.0,0.0,0.0,183274.0,0.0,0.0,183274.0,0.0,0.0,183274.0,0.0,0.0,183274.0
1978,2014-10-01,2.0,Ethiopia,Gambela,Agnewak,2.0,3.0,Gambela,Agnewak,164054,143584,0.0,143584.0,0.0,0.0,0.0,143584.0,0.0,143584.0,0.0,0.0,0.0,143584.0,0.0,0.0,143584.0,0.0,0.0,143584.0
1979,2014-10-01,2.0,Ethiopia,Somali,Doolo,2.0,2.0,Somali,Doolo,425824,372692,0.0,372692.0,0.0,0.0,0.0,372692.0,0.0,372692.0,0.0,0.0,0.0,372692.0,0.0,372692.0,0.0,0.0,0.0,372692.0
1980,2014-10-01,2.0,Ethiopia,Somali,Korahe,2.0,2.0,Somali,Korahe,511890,448019,0.0,448019.0,0.0,0.0,0.0,448019.0,0.0,448019.0,0.0,0.0,0.0,448019.0,0.0,448019.0,0.0,0.0,0.0,448019.0
1981,2014-10-01,1.0,Ethiopia,Oromia,Finfine Special,1.0,1.0,Oromia,Finfine Special,1040106,910328,910328.0,0.0,0.0,0.0,0.0,910328.0,910328.0,0.0,0.0,0.0,0.0,910328.0,910328.0,0.0,0.0,0.0,0.0,910328.0
1982,2014-10-01,1.0,Ethiopia,Addis Ababa,Region 14,1.0,1.0,Addis Ababa,Region 14,3585647,3138252,3138252.0,0.0,0.0,0.0,0.0,3138252.0,3138252.0,0.0,0.0,0.0,0.0,3138252.0,3138252.0,0.0,0.0,0.0,0.0,3138252.0
1983,2014-10-01,1.0,Ethiopia,Amhara,West Gojam,1.0,1.0,Amhara,West Gojam,2894095,2532988,2532988.0,0.0,0.0,0.0,0.0,2532988.0,2532988.0,0.0,0.0,0.0,0.0,2532988.0,2532988.0,0.0,0.0,0.0,0.0,2532988.0
1984,2014-10-01,1.0,Ethiopia,SNNP,Basketo,1.0,1.0,SNNP,Basketo,75512,66090,66090.0,0.0,0.0,0.0,0.0,66090.0,66090.0,0.0,0.0,0.0,0.0,66090.0,66090.0,0.0,0.0,0.0,0.0,66090.0
1985,2014-10-01,1.0,Ethiopia,SNNP,Bench Maji,1.0,1.0,SNNP,Bench Maji,603595,528282,528282.0,0.0,0.0,0.0,0.0,528282.0,528282.0,0.0,0.0,0.0,0.0,528282.0,528282.0,0.0,0.0,0.0,0.0,528282.0
1986,2014-10-01,2.0,Ethiopia,Gambela,Etang Special woreda,2.0,2.0,Gambela,Etang Special woreda,50260,43988,0.0,43988.0,0.0,0.0,0.0,43988.0,0.0,43988.0,0.0,0.0,0.0,43988.0,0.0,43988.0,0.0,0.0,0.0,43988.0
1987,2014-10-01,1.0,Ethiopia,Oromia,Ilu Aba Bora,1.0,1.0,Oromia,Ilu Aba Bora,953178,834246,834246.0,0.0,0.0,0.0,0.0,834246.0,834246.0,0.0,0.0,0.0,0.0,834246.0,834246.0,0.0,0.0,0.0,0.0,834246.0
1988,2014-10-01,1.0,Ethiopia,SNNP,Kefa,1.0,1.0,SNNP,Kefa,1053546,922091,922091.0,0.0,0.0,0.0,0.0,922091.0,922091.0,0.0,0.0,0.0,0.0,922091.0,922091.0,0.0,0.0,0.0,0.0,922091.0
1989,2014-10-01,1.0,Ethiopia,SNNP,Konta Special,1.0,1.0,SNNP,Konta Special,119904,104943,104943.0,0.0,0.0,0.0,0.0,104943.0,104943.0,0.0,0.0,0.0,0.0,104943.0,104943.0,0.0,0.0,0.0,0.0,104943.0
1990,2014-10-01,1.0,Ethiopia,Gambela,Mejenger,1.0,1.0,Gambela,Mejenger,81617,71433,71433.0,0.0,0.0,0.0,0.0,71433.0,71433.0,0.0,0.0,0.0,0.0,71433.0,71433.0,0.0,0.0,0.0,0.0,71433.0
1991,2014-10-01,2.0,Ethiopia,Benishangul Gumz,Asosa,2.0,2.0,Benishangul Gumz,Asosa,402287,352092,0.0,352092.0,0.0,0.0,0.0,352092.0,0.0,352092.0,0.0,0.0,0.0,352092.0,0.0,352092.0,0.0,0.0,0.0,352092.0
1992,2014-10-01,2.0,Ethiopia,Dire Dawa,Dire Dawa urban,2.0,2.0,Dire Dawa,Dire Dawa urban,319985,280059,0.0,280059.0,0.0,0.0,0.0,280059.0,0.0,280059.0,0.0,0.0,0.0,280059.0,0.0,280059.0,0.0,0.0,0.0,280059.0
1993,2014-10-01,1.0,Ethiopia,Oromia,Horo Gudru Wellega,1.0,1.0,Oromia,Horo Gudru Wellega,791731,692943,692943.0,0.0,0.0,0.0,0.0,692943.0,692943.0,0.0,0.0,0.0,0.0,692943.0,692943.0,0.0,0.0,0.0,0.0,692943.0
1994,2014-10-01,2.0,Ethiopia,Oromia,Kelem Wellega,2.0,2.0,Oromia,Kelem Wellega,1141498,999069,0.0,999069.0,0.0,0.0,0.0,999069.0,0.0,999069.0,0.0,0.0,0.0,999069.0,0.0,999069.0,0.0,0.0,0.0,999069.0
1995,2014-10-01,2.0,Ethiopia,Benishangul Gumz,Mao Komo Special,2.0,3.0,Benishangul Gumz,Mao Komo Special,70414,61628,0.0,61628.0,0.0,0.0,0.0,61628.0,0.0,61628.0,0.0,0.0,0.0,61628.0,0.0,0.0,61628.0,0.0,0.0,61628.0
1996,2014-10-01,1.0,Ethiopia,Benishangul Gumz,Metekel,1.0,1.0,Benishangul Gumz,Metekel,479162,419375,419375.0,0.0,0.0,0.0,0.0,419375.0,419375.0,0.0,0.0,0.0,0.0,419375.0,419375.0,0.0,0.0,0.0,0.0,419375.0
1997,2014-10-01,1.0,Ethiopia,Oromia,North Shewa,1.0,1.0,Oromia,North Shewa,1626893,1423899,1423899.0,0.0,0.0,0.0,0.0,1423899.0,1423899.0,0.0,0.0,0.0,0.0,1423899.0,1423899.0,0.0,0.0,0.0,0.0,1423899.0
1998,2014-10-01,1.0,Ethiopia,SNNP,Sheka,1.0,1.0,SNNP,Sheka,274212,239997,239997.0,0.0,0.0,0.0,0.0,239997.0,239997.0,0.0,0.0,0.0,0.0,239997.0,239997.0,0.0,0.0,0.0,0.0,239997.0
1999,2014-10-01,1.0,Ethiopia,Oromia,West Shewa,1.0,1.0,Oromia,West Shewa,2773901,2427791,2427791.0,0.0,0.0,0.0,0.0,2427791.0,2427791.0,0.0,0.0,0.0,0.0,2427791.0,2427791.0,0.0,0.0,0.0,0.0,2427791.0
2000,2014-10-01,1.0,Ethiopia,Amhara,Awi,1.0,1.0,Amhara,Awi,1338704,1171668,1171668.0,0.0,0.0,0.0,0.0,1171668.0,1171668.0,0.0,0.0,0.0,0.0,1171668.0,1171668.0,0.0,0.0,0.0,0.0,1171668.0
2001,2014-10-01,1.0,Ethiopia,Amhara,West Gondar,1.0,1.0,Amhara,West Gondar,381393,333805,333805.0,0.0,0.0,0.0,0.0,333805.0,333805.0,0.0,0.0,0.0,0.0,333805.0,333805.0,0.0,0.0,0.0,0.0,333805.0
2002,2015-01-01,2.0,Ethiopia,Somali,Afder,2.0,2.0,Somali,Afder,654828,589138,0.0,589138.0,0.0,0.0,0.0,589138.0,0.0,589138.0,0.0,0.0,0.0,589138.0,0.0,589138.0,0.0,0.0,0.0,589138.0
2003,2015-01-01,2.0,Ethiopia,SNNP,Alle,2.0,2.0,SNNP,Alle,81190,73045,0.0,73045.0,0.0,0.0,0.0,73045.0,0.0,73045.0,0.0,0.0,0.0,73045.0,0.0,73045.0,0.0,0.0,0.0,73045.0
2004,2015-01-01,2.0,Ethiopia,SNNP,Amaro,2.0,2.0,SNNP,Amaro,195252,175665,0.0,175665.0,0.0,0.0,0.0,175665.0,0.0,175665.0,0.0,0.0,0.0,175665.0,0.0,175665.0,0.0,0.0,0.0,175665.0
2005,2015-01-01,2.0,Ethiopia,Oromia,Arsi,2.0,3.0,Oromia,Arsi,3645492,3279791,0.0,3279791.0,0.0,0.0,0.0,3279791.0,0.0,3279791.0,0.0,0.0,0.0,3279791.0,0.0,0.0,3279791.0,0.0,0.0,3279791.0
2006,2015-01-01,2.0,Ethiopia,Oromia,Bale,2.0,3.0,Oromia,Bale,1887498,1698152,0.0,1698152.0,0.0,0.0,0.0,1698152.0,0.0,1698152.0,0.0,0.0,0.0,1698152.0,0.0,0.0,1698152.0,0.0,0.0,1698152.0
2007,2015-01-01,3.0,Ethiopia,Oromia,Borena,3.0,2.0,Oromia,Borena,545493,490771,0.0,0.0,490771.0,0.0,0.0,490771.0,0.0,0.0,490771.0,0.0,0.0,490771.0,0.0,490771.0,0.0,0.0,0.0,490771.0
2008,2015-01-01,1.0,Ethiopia,Oromia,Buno Bedele,1.0,1.0,Oromia,Buno Bedele,809088,727923,727923.0,0.0,0.0,0.0,0.0,727923.0,727923.0,0.0,0.0,0.0,0.0,727923.0,727923.0,0.0,0.0,0.0,0.0,727923.0
2009,2015-01-01,2.0,Ethiopia,SNNP,Burji,2.0,2.0,SNNP,Burji,71728,64532,0.0,64532.0,0.0,0.0,0.0,64532.0,0.0,64532.0,0.0,0.0,0.0,64532.0,0.0,64532.0,0.0,0.0,0.0,64532.0
2010,2015-01-01,3.0,Ethiopia,Tigray,Central,3.0,3.0,Tigray,Central,1384454,1245571,0.0,0.0,1245571.0,0.0,0.0,1245571.0,0.0,0.0,1245571.0,0.0,0.0,1245571.0,0.0,0.0,1245571.0,0.0,0.0,1245571.0
2011,2015-01-01,3.0,Ethiopia,Amhara,Central Gondar,3.0,3.0,Amhara,Central Gondar,2719899,2447050,0.0,0.0,2447050.0,0.0,0.0,2447050.0,0.0,0.0,2447050.0,0.0,0.0,2447050.0,0.0,0.0,2447050.0,0.0,0.0,2447050.0
2012,2015-01-01,3.0,Ethiopia,Somali,Daawa,3.0,2.0,Somali,Daawa,457130,411272,0.0,0.0,411272.0,0.0,0.0,411272.0,0.0,0.0,411272.0,0.0,0.0,411272.0,0.0,411272.0,0.0,0.0,0.0,411272.0
2013,2015-01-01,2.0,Ethiopia,SNNP,Dawuro,2.0,2.0,SNNP,Dawuro,643931,579334,0.0,579334.0,0.0,0.0,0.0,579334.0,0.0,579334.0,0.0,0.0,0.0,579334.0,0.0,579334.0,0.0,0.0,0.0,579334.0
2014,2015-01-01,2.0,Ethiopia,SNNP,Derashe,2.0,2.0,SNNP,Derashe,107301,96537,0.0,96537.0,0.0,0.0,0.0,96537.0,0.0,96537.0,0.0,0.0,0.0,96537.0,0.0,96537.0,0.0,0.0,0.0,96537.0
2015,2015-01-01,2.0,Ethiopia,Dire Dawa,Dire Dawa rural,2.0,2.0,Dire Dawa,Dire Dawa rural,188933,169980,0.0,169980.0,0.0,0.0,0.0,169980.0,0.0,169980.0,0.0,0.0,0.0,169980.0,0.0,169980.0,0.0,0.0,0.0,169980.0
2016,2015-01-01,1.0,Ethiopia,Amhara,East Gojam,1.0,1.0,Amhara,East Gojam,2672621,2404514,2404514.0,0.0,0.0,0.0,0.0,2404514.0,2404514.0,0.0,0.0,0.0,0.0,2404514.0,2404514.0,0.0,0.0,0.0,0.0,2404514.0
2017,2015-01-01,2.0,Ethiopia,Oromia,East Hararge,2.0,3.0,Oromia,East Hararge,3739861,3364693,0.0,3364693.0,0.0,0.0,0.0,3364693.0,0.0,3364693.0,0.0,0.0,0.0,3364693.0,0.0,0.0,3364693.0,0.0,0.0,3364693.0
2018,2015-01-01,2.0,Ethiopia,Oromia,East Shewa,2.0,3.0,Oromia,East Shewa,2234419,2010271,0.0,2010271.0,0.0,0.0,0.0,2010271.0,0.0,2010271.0,0.0,0.0,0.0,2010271.0,0.0,0.0,2010271.0,0.0,0.0,2010271.0
2019,2015-01-01,1.0,Ethiopia,Oromia,East Wellega,1.0,1.0,Oromia,East Wellega,1693681,1523777,1523777.0,0.0,0.0,0.0,0.0,1523777.0,1523777.0,0.0,0.0,0.0,0.0,1523777.0,1523777.0,0.0,0.0,0.0,0.0,1523777.0
2020,2015-01-01,2.0,Ethiopia,Tigray,Eastern,2.0,2.0,Tigray,Eastern,940053,845750,0.0,845750.0,0.0,0.0,0.0,845750.0,0.0,845750.0,0.0,0.0,0.0,845750.0,0.0,845750.0,0.0,0.0,0.0,845750.0
2021,2015-01-01,2.0,Ethiopia,Somali,Erer,2.0,3.0,Somali,Erer,268901,241925,0.0,241925.0,0.0,0.0,0.0,241925.0,0.0,241925.0,0.0,0.0,0.0,241925.0,0.0,0.0,241925.0,0.0,0.0,241925.0
2022,2015-01-01,2.0,Ethiopia,Somali,Fafan,2.0,2.0,Somali,Fafan,1242707,1118043,0.0,1118043.0,0.0,0.0,0.0,1118043.0,0.0,1118043.0,0.0,0.0,0.0,1118043.0,0.0,1118043.0,0.0,0.0,0.0,1118043.0
2023,2015-01-01,2.0,Ethiopia,SNNP,Gamo,2.0,2.0,SNNP,Gamo,1462777,1316037,0.0,1316037.0,0.0,0.0,0.0,1316037.0,0.0,1316037.0,0.0,0.0,0.0,1316037.0,0.0,1316037.0,0.0,0.0,0.0,1316037.0
2024,2015-01-01,1.0,Ethiopia,SNNP,Gedeo,1.0,1.0,SNNP,Gedeo,1131834,1018293,1018293.0,0.0,0.0,0.0,0.0,1018293.0,1018293.0,0.0,0.0,0.0,0.0,1018293.0,1018293.0,0.0,0.0,0.0,0.0,1018293.0
2025,2015-01-01,2.0,Ethiopia,SNNP,Gofa,2.0,2.0,SNNP,Gofa,623589,561033,0.0,561033.0,0.0,0.0,0.0,561033.0,0.0,561033.0,0.0,0.0,0.0,561033.0,0.0,561033.0,0.0,0.0,0.0,561033.0
2026,2015-01-01,2.0,Ethiopia,Oromia,Guji,2.0,2.0,Oromia,Guji,1482472,1333756,0.0,1333756.0,0.0,0.0,0.0,1333756.0,0.0,1333756.0,0.0,0.0,0.0,1333756.0,0.0,1333756.0,0.0,0.0,0.0,1333756.0
2027,2015-01-01,2.0,Ethiopia,SNNP,Guraghe,2.0,2.0,SNNP,Guraghe,1882107,1693301,0.0,1693301.0,0.0,0.0,0.0,1693301.0,0.0,1693301.0,0.0,0.0,0.0,1693301.0,0.0,1693301.0,0.0,0.0,0.0,1693301.0
2028,2015-01-01,2.0,Ethiopia,SNNP,Hadiya,2.0,3.0,SNNP,Hadiya,1700138,1529587,0.0,1529587.0,0.0,0.0,0.0,1529587.0,0.0,1529587.0,0.0,0.0,0.0,1529587.0,0.0,0.0,1529587.0,0.0,0.0,1529587.0
2029,2015-01-01,2.0,Ethiopia,SNNP,Halaba Special,2.0,3.0,SNNP,Halaba Special,658130,592109,0.0,592109.0,0.0,0.0,0.0,592109.0,0.0,592109.0,0.0,0.0,0.0,592109.0,0.0,0.0,592109.0,0.0,0.0,592109.0
2030,2015-01-01,1.0,Ethiopia,Harari,Harari,1.0,2.0,Harari,Harari,260022,233937,233937.0,0.0,0.0,0.0,0.0,233937.0,233937.0,0.0,0.0,0.0,0.0,233937.0,0.0,233937.0,0.0,0.0,0.0,233937.0
2031,2015-01-01,2.0,Ethiopia,Somali,Jarar,2.0,2.0,Somali,Jarar,641077,576766,0.0,576766.0,0.0,0.0,0.0,576766.0,0.0,576766.0,0.0,0.0,0.0,576766.0,0.0,576766.0,0.0,0.0,0.0,576766.0
2032,2015-01-01,1.0,Ethiopia,Oromia,Jimma,1.0,1.0,Oromia,Jimma,3672640,3304216,3304216.0,0.0,0.0,0.0,0.0,3304216.0,3304216.0,0.0,0.0,0.0,0.0,3304216.0,3304216.0,0.0,0.0,0.0,0.0,3304216.0
2033,2015-01-01,2.0,Ethiopia,Benishangul Gumz,Kemashi,2.0,2.0,Benishangul Gumz,Kemashi,150986,135839,0.0,135839.0,0.0,0.0,0.0,135839.0,0.0,135839.0,0.0,0.0,0.0,135839.0,0.0,135839.0,0.0,0.0,0.0,135839.0
2034,2015-01-01,2.0,Ethiopia,SNNP,Kembata Tibaro,2.0,2.0,SNNP,Kembata Tibaro,911347,819924,0.0,819924.0,0.0,0.0,0.0,819924.0,0.0,819924.0,0.0,0.0,0.0,819924.0,0.0,819924.0,0.0,0.0,0.0,819924.0
2035,2015-01-01,2.0,Ethiopia,SNNP,Konso,2.0,2.0,SNNP,Konso,284360,255834,0.0,255834.0,0.0,0.0,0.0,255834.0,0.0,255834.0,0.0,0.0,0.0,255834.0,0.0,255834.0,0.0,0.0,0.0,255834.0
2036,2015-01-01,2.0,Ethiopia,Somali,Liban,2.0,2.0,Somali,Liban,505190,454511,0.0,454511.0,0.0,0.0,0.0,454511.0,0.0,454511.0,0.0,0.0,0.0,454511.0,0.0,454511.0,0.0,0.0,0.0,454511.0
2037,2015-01-01,2.0,Ethiopia,Tigray,Mekele Special,2.0,2.0,Tigray,Mekele Special,418327,376362,0.0,376362.0,0.0,0.0,0.0,376362.0,0.0,376362.0,0.0,0.0,0.0,376362.0,0.0,376362.0,0.0,0.0,0.0,376362.0
2038,2015-01-01,2.0,Ethiopia,SNNP,Mirab Omo,2.0,2.0,SNNP,Mirab Omo,262515,236180,0.0,236180.0,0.0,0.0,0.0,236180.0,0.0,236180.0,0.0,0.0,0.0,236180.0,0.0,236180.0,0.0,0.0,0.0,236180.0
2039,2015-01-01,2.0,Ethiopia,Somali,Nogob,2.0,2.0,Somali,Nogob,217220,195429,0.0,195429.0,0.0,0.0,0.0,195429.0,0.0,195429.0,0.0,0.0,0.0,195429.0,0.0,195429.0,0.0,0.0,0.0,195429.0
2040,2015-01-01,3.0,Ethiopia,Amhara,North Gondar,3.0,3.0,Amhara,North Gondar,889977,800698,0.0,0.0,800698.0,0.0,0.0,800698.0,0.0,0.0,800698.0,0.0,0.0,800698.0,0.0,0.0,800698.0,0.0,0.0,800698.0
2041,2015-01-01,2.0,Ethiopia,Amhara,North Shewa,2.0,2.0,Amhara,North Shewa,2293091,2063057,0.0,2063057.0,0.0,0.0,0.0,2063057.0,0.0,2063057.0,0.0,0.0,0.0,2063057.0,0.0,2063057.0,0.0,0.0,0.0,2063057.0
2042,2015-01-01,2.0,Ethiopia,Amhara,North Wello,2.0,3.0,Amhara,North Wello,1740337,1565753,0.0,1565753.0,0.0,0.0,0.0,1565753.0,0.0,1565753.0,0.0,0.0,0.0,1565753.0,0.0,0.0,1565753.0,0.0,0.0,1565753.0
2043,2015-01-01,3.0,Ethiopia,Tigray,North Western,3.0,3.0,Tigray,North Western,893262,803653,0.0,0.0,803653.0,0.0,0.0,803653.0,0.0,0.0,803653.0,0.0,0.0,803653.0,0.0,0.0,803653.0,0.0,0.0,803653.0
2044,2015-01-01,3.0,Ethiopia,Gambela,Nuwer,3.0,4.0,Gambela,Nuwer,166901,150158,0.0,0.0,150158.0,0.0,0.0,150158.0,0.0,0.0,150158.0,0.0,0.0,150158.0,0.0,0.0,0.0,150158.0,0.0,150158.0
2045,2015-01-01,2.0,Ethiopia,Amhara,Oromia,2.0,2.0,Amhara,Oromia,569808,512647,0.0,512647.0,0.0,0.0,0.0,512647.0,0.0,512647.0,0.0,0.0,0.0,512647.0,0.0,512647.0,0.0,0.0,0.0,512647.0
2046,2015-01-01,3.0,Ethiopia,Somali,Shabelle,3.0,2.0,Somali,Shabelle,647430,582482,0.0,0.0,582482.0,0.0,0.0,582482.0,0.0,0.0,582482.0,0.0,0.0,582482.0,0.0,582482.0,0.0,0.0,0.0,582482.0
2047,2015-01-01,2.0,Ethiopia,SNNP,Sidama,2.0,3.0,SNNP,Sidama,4212331,3789767,0.0,3789767.0,0.0,0.0,0.0,3789767.0,0.0,3789767.0,0.0,0.0,0.0,3789767.0,0.0,0.0,3789767.0,0.0,0.0,3789767.0
2048,2015-01-01,2.0,Ethiopia,SNNP,Siltie,2.0,2.0,SNNP,Siltie,1051444,945967,0.0,945967.0,0.0,0.0,0.0,945967.0,0.0,945967.0,0.0,0.0,0.0,945967.0,0.0,945967.0,0.0,0.0,0.0,945967.0
2049,2015-01-01,2.0,Ethiopia,Somali,Siti,2.0,3.0,Somali,Siti,644214,579589,0.0,579589.0,0.0,0.0,0.0,579589.0,0.0,579589.0,0.0,0.0,0.0,579589.0,0.0,0.0,579589.0,0.0,0.0,579589.0
2050,2015-01-01,2.0,Ethiopia,Tigray,South Eastern,2.0,3.0,Tigray,South Eastern,528199,475212,0.0,475212.0,0.0,0.0,0.0,475212.0,0.0,475212.0,0.0,0.0,0.0,475212.0,0.0,0.0,475212.0,0.0,0.0,475212.0
2051,2015-01-01,3.0,Ethiopia,Amhara,South Gondar,3.0,3.0,Amhara,South Gondar,2526963,2273468,0.0,0.0,2273468.0,0.0,0.0,2273468.0,0.0,0.0,2273468.0,0.0,0.0,2273468.0,0.0,0.0,2273468.0,0.0,0.0,2273468.0
2052,2015-01-01,2.0,Ethiopia,SNNP,South Omo,2.0,2.0,SNNP,South Omo,754134,678482,0.0,678482.0,0.0,0.0,0.0,678482.0,0.0,678482.0,0.0,0.0,0.0,678482.0,0.0,678482.0,0.0,0.0,0.0,678482.0
2053,2015-01-01,2.0,Ethiopia,Amhara,South Wello,2.0,2.0,Amhara,South Wello,3246827,2921118,0.0,2921118.0,0.0,0.0,0.0,2921118.0,0.0,2921118.0,0.0,0.0,0.0,2921118.0,0.0,2921118.0,0.0,0.0,0.0,2921118.0
2054,2015-01-01,2.0,Ethiopia,Oromia,South West Shewa,2.0,2.0,Oromia,South West Shewa,1264234,1137411,0.0,1137411.0,0.0,0.0,0.0,1137411.0,0.0,1137411.0,0.0,0.0,0.0,1137411.0,0.0,1137411.0,0.0,0.0,0.0,1137411.0
2055,2015-01-01,3.0,Ethiopia,Tigray,Southern,3.0,3.0,Tigray,Southern,752344,676871,0.0,0.0,676871.0,0.0,0.0,676871.0,0.0,0.0,676871.0,0.0,0.0,676871.0,0.0,0.0,676871.0,0.0,0.0,676871.0
2056,2015-01-01,3.0,Ethiopia,Amhara,Wag Hamra,3.0,3.0,Amhara,Wag Hamra,516457,464648,0.0,0.0,464648.0,0.0,0.0,464648.0,0.0,0.0,464648.0,0.0,0.0,464648.0,0.0,0.0,464648.0,0.0,0.0,464648.0
2057,2015-01-01,2.0,Ethiopia,Oromia,West Arsi,2.0,3.0,Oromia,West Arsi,2868933,2581133,0.0,2581133.0,0.0,0.0,0.0,2581133.0,0.0,2581133.0,0.0,0.0,0.0,2581133.0,0.0,0.0,2581133.0,0.0,0.0,2581133.0
2058,2015-01-01,2.0,Ethiopia,Oromia,West Guji,2.0,2.0,Oromia,West Guji,1223292,1100576,0.0,1100576.0,0.0,0.0,0.0,1100576.0,0.0,1100576.0,0.0,0.0,0.0,1100576.0,0.0,1100576.0,0.0,0.0,0.0,1100576.0
2059,2015-01-01,2.0,Ethiopia,Oromia,West Hararge,2.0,3.0,Oromia,West Hararge,2568661,2310983,0.0,2310983.0,0.0,0.0,0.0,2310983.0,0.0,2310983.0,0.0,0.0,0.0,2310983.0,0.0,0.0,2310983.0,0.0,0.0,2310983.0
2060,2015-01-01,1.0,Ethiopia,Oromia,West Wellega,1.0,1.0,Oromia,West Wellega,1880222,1691605,1691605.0,0.0,0.0,0.0,0.0,1691605.0,1691605.0,0.0,0.0,0.0,0.0,1691605.0,1691605.0,0.0,0.0,0.0,0.0,1691605.0
2061,2015-01-01,3.0,Ethiopia,Tigray,Western,3.0,3.0,Tigray,Western,440553,396358,0.0,0.0,396358.0,0.0,0.0,396358.0,0.0,0.0,396358.0,0.0,0.0,396358.0,0.0,0.0,396358.0,0.0,0.0,396358.0
2062,2015-01-01,2.0,Ethiopia,SNNP,Wolayita,2.0,2.0,SNNP,Wolayita,1999292,1798731,0.0,1798731.0,0.0,0.0,0.0,1798731.0,0.0,1798731.0,0.0,0.0,0.0,1798731.0,0.0,1798731.0,0.0,0.0,0.0,1798731.0
2063,2015-01-01,1.0,Ethiopia,SNNP,Yem Special,1.0,1.0,SNNP,Yem Special,102526,92241,92241.0,0.0,0.0,0.0,0.0,92241.0,92241.0,0.0,0.0,0.0,0.0,92241.0,92241.0,0.0,0.0,0.0,0.0,92241.0
2064,2015-01-01,3.0,Ethiopia,Afar,Zone 1 (Awsi Rasu),3.0,2.0,Afar,Zone 1 (Awsi Rasu),643036,578529,0.0,0.0,578529.0,0.0,0.0,578529.0,0.0,0.0,578529.0,0.0,0.0,578529.0,0.0,578529.0,0.0,0.0,0.0,578529.0
2065,2015-01-01,3.0,Ethiopia,Afar,Zone 2 (Kilbet Rasu),3.0,2.0,Afar,Zone 2 (Kilbet Rasu),493764,444231,0.0,0.0,444231.0,0.0,0.0,444231.0,0.0,0.0,444231.0,0.0,0.0,444231.0,0.0,444231.0,0.0,0.0,0.0,444231.0
2066,2015-01-01,2.0,Ethiopia,Afar,Zone 3 (Gabi Rasu),2.0,3.0,Afar,Zone 3 (Gabi Rasu),281357,253132,0.0,253132.0,0.0,0.0,0.0,253132.0,0.0,253132.0,0.0,0.0,0.0,253132.0,0.0,0.0,253132.0,0.0,0.0,253132.0
2067,2015-01-01,3.0,Ethiopia,Afar,Zone 4 (Fantana Rasu),3.0,2.0,Afar,Zone 4 (Fantana Rasu),276855,249082,0.0,0.0,249082.0,0.0,0.0,249082.0,0.0,0.0,249082.0,0.0,0.0,249082.0,0.0,249082.0,0.0,0.0,0.0,249082.0
2068,2015-01-01,2.0,Ethiopia,Afar,Zone 5 (Hari Rasu),2.0,2.0,Afar,Zone 5 (Hari Rasu),209402,188395,0.0,188395.0,0.0,0.0,0.0,188395.0,0.0,188395.0,0.0,0.0,0.0,188395.0,0.0,188395.0,0.0,0.0,0.0,188395.0
2069,2015-01-01,2.0,Ethiopia,Gambela,Agnewak,2.0,2.0,Gambela,Agnewak,164054,147596,0.0,147596.0,0.0,0.0,0.0,147596.0,0.0,147596.0,0.0,0.0,0.0,147596.0,0.0,147596.0,0.0,0.0,0.0,147596.0
2070,2015-01-01,2.0,Ethiopia,Somali,Doolo,2.0,2.0,Somali,Doolo,425824,383107,0.0,383107.0,0.0,0.0,0.0,383107.0,0.0,383107.0,0.0,0.0,0.0,383107.0,0.0,383107.0,0.0,0.0,0.0,383107.0
2071,2015-01-01,2.0,Ethiopia,Somali,Korahe,2.0,2.0,Somali,Korahe,511890,460539,0.0,460539.0,0.0,0.0,0.0,460539.0,0.0,460539.0,0.0,0.0,0.0,460539.0,0.0,460539.0,0.0,0.0,0.0,460539.0
2072,2015-01-01,1.0,Ethiopia,Oromia,Finfine Special,1.0,1.0,Oromia,Finfine Special,1040106,935766,935766.0,0.0,0.0,0.0,0.0,935766.0,935766.0,0.0,0.0,0.0,0.0,935766.0,935766.0,0.0,0.0,0.0,0.0,935766.0
2073,2015-01-01,1.0,Ethiopia,Addis Ababa,Region 14,1.0,1.0,Addis Ababa,Region 14,3585647,3225949,3225949.0,0.0,0.0,0.0,0.0,3225949.0,3225949.0,0.0,0.0,0.0,0.0,3225949.0,3225949.0,0.0,0.0,0.0,0.0,3225949.0
2074,2015-01-01,1.0,Ethiopia,Amhara,West Gojam,1.0,1.0,Amhara,West Gojam,2894095,2603771,2603771.0,0.0,0.0,0.0,0.0,2603771.0,2603771.0,0.0,0.0,0.0,0.0,2603771.0,2603771.0,0.0,0.0,0.0,0.0,2603771.0
2075,2015-01-01,1.0,Ethiopia,SNNP,Basketo,1.0,1.0,SNNP,Basketo,75512,67936,67936.0,0.0,0.0,0.0,0.0,67936.0,67936.0,0.0,0.0,0.0,0.0,67936.0,67936.0,0.0,0.0,0.0,0.0,67936.0
2076,2015-01-01,1.0,Ethiopia,SNNP,Bench Maji,1.0,1.0,SNNP,Bench Maji,603595,543044,543044.0,0.0,0.0,0.0,0.0,543044.0,543044.0,0.0,0.0,0.0,0.0,543044.0,543044.0,0.0,0.0,0.0,0.0,543044.0
2077,2015-01-01,2.0,Ethiopia,Gambela,Etang Special woreda,2.0,3.0,Gambela,Etang Special woreda,50260,45218,0.0,45218.0,0.0,0.0,0.0,45218.0,0.0,45218.0,0.0,0.0,0.0,45218.0,0.0,0.0,45218.0,0.0,0.0,45218.0
2078,2015-01-01,1.0,Ethiopia,Oromia,Ilu Aba Bora,1.0,1.0,Oromia,Ilu Aba Bora,953178,857559,857559.0,0.0,0.0,0.0,0.0,857559.0,857559.0,0.0,0.0,0.0,0.0,857559.0,857559.0,0.0,0.0,0.0,0.0,857559.0
2079,2015-01-01,1.0,Ethiopia,SNNP,Kefa,1.0,1.0,SNNP,Kefa,1053546,947858,947858.0,0.0,0.0,0.0,0.0,947858.0,947858.0,0.0,0.0,0.0,0.0,947858.0,947858.0,0.0,0.0,0.0,0.0,947858.0
2080,2015-01-01,1.0,Ethiopia,SNNP,Konta Special,1.0,1.0,SNNP,Konta Special,119904,107875,107875.0,0.0,0.0,0.0,0.0,107875.0,107875.0,0.0,0.0,0.0,0.0,107875.0,107875.0,0.0,0.0,0.0,0.0,107875.0
2081,2015-01-01,1.0,Ethiopia,Gambela,Mejenger,1.0,1.0,Gambela,Mejenger,81617,73429,73429.0,0.0,0.0,0.0,0.0,73429.0,73429.0,0.0,0.0,0.0,0.0,73429.0,73429.0,0.0,0.0,0.0,0.0,73429.0
2082,2015-01-01,2.0,Ethiopia,Benishangul Gumz,Asosa,2.0,2.0,Benishangul Gumz,Asosa,402287,361931,0.0,361931.0,0.0,0.0,0.0,361931.0,0.0,361931.0,0.0,0.0,0.0,361931.0,0.0,361931.0,0.0,0.0,0.0,361931.0
2083,2015-01-01,2.0,Ethiopia,Dire Dawa,Dire Dawa urban,2.0,2.0,Dire Dawa,Dire Dawa urban,319985,287885,0.0,287885.0,0.0,0.0,0.0,287885.0,0.0,287885.0,0.0,0.0,0.0,287885.0,0.0,287885.0,0.0,0.0,0.0,287885.0
2084,2015-01-01,1.0,Ethiopia,Oromia,Horo Gudru Wellega,1.0,1.0,Oromia,Horo Gudru Wellega,791731,712307,712307.0,0.0,0.0,0.0,0.0,712307.0,712307.0,0.0,0.0,0.0,0.0,712307.0,712307.0,0.0,0.0,0.0,0.0,712307.0
2085,2015-01-01,2.0,Ethiopia,Oromia,Kelem Wellega,2.0,3.0,Oromia,Kelem Wellega,1141498,1026987,0.0,1026987.0,0.0,0.0,0.0,1026987.0,0.0,1026987.0,0.0,0.0,0.0,1026987.0,0.0,0.0,1026987.0,0.0,0.0,1026987.0
2086,2015-01-01,2.0,Ethiopia,Benishangul Gumz,Mao Komo Special,2.0,3.0,Benishangul Gumz,Mao Komo Special,70414,63350,0.0,63350.0,0.0,0.0,0.0,63350.0,0.0,63350.0,0.0,0.0,0.0,63350.0,0.0,0.0,63350.0,0.0,0.0,63350.0
2087,2015-01-01,1.0,Ethiopia,Benishangul Gumz,Metekel,1.0,1.0,Benishangul Gumz,Metekel,479162,431094,431094.0,0.0,0.0,0.0,0.0,431094.0,431094.0,0.0,0.0,0.0,0.0,431094.0,431094.0,0.0,0.0,0.0,0.0,431094.0
2088,2015-01-01,1.0,Ethiopia,Oromia,North Shewa,1.0,1.0,Oromia,North Shewa,1626893,1463689,1463689.0,0.0,0.0,0.0,0.0,1463689.0,1463689.0,0.0,0.0,0.0,0.0,1463689.0,1463689.0,0.0,0.0,0.0,0.0,1463689.0
2089,2015-01-01,1.0,Ethiopia,SNNP,Sheka,1.0,1.0,SNNP,Sheka,274212,246704,246704.0,0.0,0.0,0.0,0.0,246704.0,246704.0,0.0,0.0,0.0,0.0,246704.0,246704.0,0.0,0.0,0.0,0.0,246704.0
2090,2015-01-01,1.0,Ethiopia,Oromia,West Shewa,1.0,1.0,Oromia,West Shewa,2773901,2495634,2495634.0,0.0,0.0,0.0,0.0,2495634.0,2495634.0,0.0,0.0,0.0,0.0,2495634.0,2495634.0,0.0,0.0,0.0,0.0,2495634.0
2091,2015-01-01,1.0,Ethiopia,Amhara,Awi,1.0,1.0,Amhara,Awi,1338704,1204410,1204410.0,0.0,0.0,0.0,0.0,1204410.0,1204410.0,0.0,0.0,0.0,0.0,1204410.0,1204410.0,0.0,0.0,0.0,0.0,1204410.0
2092,2015-01-01,1.0,Ethiopia,Amhara,West Gondar,1.0,1.0,Amhara,West Gondar,381393,343133,343133.0,0.0,0.0,0.0,0.0,343133.0,343133.0,0.0,0.0,0.0,0.0,343133.0,343133.0,0.0,0.0,0.0,0.0,343133.0
2093,2015-04-01,2.0,Ethiopia,Somali,Afder,2.0,2.0,Somali,Afder,654828,589138,0.0,589138.0,0.0,0.0,0.0,589138.0,0.0,589138.0,0.0,0.0,0.0,589138.0,0.0,589138.0,0.0,0.0,0.0,589138.0
2094,2015-04-01,2.0,Ethiopia,SNNP,Alle,2.0,3.0,SNNP,Alle,81190,73045,0.0,73045.0,0.0,0.0,0.0,73045.0,0.0,73045.0,0.0,0.0,0.0,73045.0,0.0,0.0,73045.0,0.0,0.0,73045.0
2095,2015-04-01,2.0,Ethiopia,SNNP,Amaro,2.0,3.0,SNNP,Amaro,195252,175665,0.0,175665.0,0.0,0.0,0.0,175665.0,0.0,175665.0,0.0,0.0,0.0,175665.0,0.0,0.0,175665.0,0.0,0.0,175665.0
2096,2015-04-01,3.0,Ethiopia,Oromia,Arsi,3.0,3.0,Oromia,Arsi,3645492,3279791,0.0,0.0,3279791.0,0.0,0.0,3279791.0,0.0,0.0,3279791.0,0.0,0.0,3279791.0,0.0,0.0,3279791.0,0.0,0.0,3279791.0
2097,2015-04-01,3.0,Ethiopia,Oromia,Bale,3.0,3.0,Oromia,Bale,1887498,1698152,0.0,0.0,1698152.0,0.0,0.0,1698152.0,0.0,0.0,1698152.0,0.0,0.0,1698152.0,0.0,0.0,1698152.0,0.0,0.0,1698152.0
2098,2015-04-01,3.0,Ethiopia,Oromia,Borena,3.0,3.0,Oromia,Borena,545493,490771,0.0,0.0,490771.0,0.0,0.0,490771.0,0.0,0.0,490771.0,0.0,0.0,490771.0,0.0,0.0,490771.0,0.0,0.0,490771.0
2099,2015-04-01,1.0,Ethiopia,Oromia,Buno Bedele,1.0,1.0,Oromia,Buno Bedele,809088,727923,727923.0,0.0,0.0,0.0,0.0,727923.0,727923.0,0.0,0.0,0.0,0.0,727923.0,727923.0,0.0,0.0,0.0,0.0,727923.0
2100,2015-04-01,2.0,Ethiopia,SNNP,Burji,2.0,3.0,SNNP,Burji,71728,64532,0.0,64532.0,0.0,0.0,0.0,64532.0,0.0,64532.0,0.0,0.0,0.0,64532.0,0.0,0.0,64532.0,0.0,0.0,64532.0
2101,2015-04-01,3.0,Ethiopia,Tigray,Central,3.0,3.0,Tigray,Central,1384454,1245571,0.0,0.0,1245571.0,0.0,0.0,1245571.0,0.0,0.0,1245571.0,0.0,0.0,1245571.0,0.0,0.0,1245571.0,0.0,0.0,1245571.0
2102,2015-04-01,3.0,Ethiopia,Amhara,Central Gondar,3.0,3.0,Amhara,Central Gondar,2719899,2447050,0.0,0.0,2447050.0,0.0,0.0,2447050.0,0.0,0.0,2447050.0,0.0,0.0,2447050.0,0.0,0.0,2447050.0,0.0,0.0,2447050.0
2103,2015-04-01,3.0,Ethiopia,Somali,Daawa,3.0,3.0,Somali,Daawa,457130,411272,0.0,0.0,411272.0,0.0,0.0,411272.0,0.0,0.0,411272.0,0.0,0.0,411272.0,0.0,0.0,411272.0,0.0,0.0,411272.0
2104,2015-04-01,2.0,Ethiopia,SNNP,Dawuro,2.0,3.0,SNNP,Dawuro,643931,579334,0.0,579334.0,0.0,0.0,0.0,579334.0,0.0,579334.0,0.0,0.0,0.0,579334.0,0.0,0.0,579334.0,0.0,0.0,579334.0
2105,2015-04-01,2.0,Ethiopia,SNNP,Derashe,2.0,3.0,SNNP,Derashe,107301,96537,0.0,96537.0,0.0,0.0,0.0,96537.0,0.0,96537.0,0.0,0.0,0.0,96537.0,0.0,0.0,96537.0,0.0,0.0,96537.0
2106,2015-04-01,2.0,Ethiopia,Dire Dawa,Dire Dawa rural,2.0,2.0,Dire Dawa,Dire Dawa rural,188933,169980,0.0,169980.0,0.0,0.0,0.0,169980.0,0.0,169980.0,0.0,0.0,0.0,169980.0,0.0,169980.0,0.0,0.0,0.0,169980.0
2107,2015-04-01,1.0,Ethiopia,Amhara,East Gojam,1.0,2.0,Amhara,East Gojam,2672621,2404514,2404514.0,0.0,0.0,0.0,0.0,2404514.0,2404514.0,0.0,0.0,0.0,0.0,2404514.0,0.0,2404514.0,0.0,0.0,0.0,2404514.0
2108,2015-04-01,3.0,Ethiopia,Oromia,East Hararge,3.0,3.0,Oromia,East Hararge,3739861,3364693,0.0,0.0,3364693.0,0.0,0.0,3364693.0,0.0,0.0,3364693.0,0.0,0.0,3364693.0,0.0,0.0,3364693.0,0.0,0.0,3364693.0
2109,2015-04-01,3.0,Ethiopia,Oromia,East Shewa,3.0,3.0,Oromia,East Shewa,2234419,2010271,0.0,0.0,2010271.0,0.0,0.0,2010271.0,0.0,0.0,2010271.0,0.0,0.0,2010271.0,0.0,0.0,2010271.0,0.0,0.0,2010271.0
2110,2015-04-01,1.0,Ethiopia,Oromia,East Wellega,1.0,1.0,Oromia,East Wellega,1693681,1523777,1523777.0,0.0,0.0,0.0,0.0,1523777.0,1523777.0,0.0,0.0,0.0,0.0,1523777.0,1523777.0,0.0,0.0,0.0,0.0,1523777.0
2111,2015-04-01,2.0,Ethiopia,Tigray,Eastern,2.0,3.0,Tigray,Eastern,940053,845750,0.0,845750.0,0.0,0.0,0.0,845750.0,0.0,845750.0,0.0,0.0,0.0,845750.0,0.0,0.0,845750.0,0.0,0.0,845750.0
2112,2015-04-01,3.0,Ethiopia,Somali,Erer,3.0,3.0,Somali,Erer,268901,241925,0.0,0.0,241925.0,0.0,0.0,241925.0,0.0,0.0,241925.0,0.0,0.0,241925.0,0.0,0.0,241925.0,0.0,0.0,241925.0
2113,2015-04-01,2.0,Ethiopia,Somali,Fafan,2.0,2.0,Somali,Fafan,1242707,1118043,0.0,1118043.0,0.0,0.0,0.0,1118043.0,0.0,1118043.0,0.0,0.0,0.0,1118043.0,0.0,1118043.0,0.0,0.0,0.0,1118043.0
2114,2015-04-01,2.0,Ethiopia,SNNP,Gamo,2.0,3.0,SNNP,Gamo,1462777,1316037,0.0,1316037.0,0.0,0.0,0.0,1316037.0,0.0,1316037.0,0.0,0.0,0.0,1316037.0,0.0,0.0,1316037.0,0.0,0.0,1316037.0
2115,2015-04-01,1.0,Ethiopia,SNNP,Gedeo,1.0,2.0,SNNP,Gedeo,1131834,1018293,1018293.0,0.0,0.0,0.0,0.0,1018293.0,1018293.0,0.0,0.0,0.0,0.0,1018293.0,0.0,1018293.0,0.0,0.0,0.0,1018293.0
2116,2015-04-01,2.0,Ethiopia,SNNP,Gofa,2.0,3.0,SNNP,Gofa,623589,561033,0.0,561033.0,0.0,0.0,0.0,561033.0,0.0,561033.0,0.0,0.0,0.0,561033.0,0.0,0.0,561033.0,0.0,0.0,561033.0
2117,2015-04-01,2.0,Ethiopia,Oromia,Guji,2.0,3.0,Oromia,Guji,1482472,1333756,0.0,1333756.0,0.0,0.0,0.0,1333756.0,0.0,1333756.0,0.0,0.0,0.0,1333756.0,0.0,0.0,1333756.0,0.0,0.0,1333756.0
2118,2015-04-01,2.0,Ethiopia,SNNP,Guraghe,2.0,3.0,SNNP,Guraghe,1882107,1693301,0.0,1693301.0,0.0,0.0,0.0,1693301.0,0.0,1693301.0,0.0,0.0,0.0,1693301.0,0.0,0.0,1693301.0,0.0,0.0,1693301.0
2119,2015-04-01,3.0,Ethiopia,SNNP,Hadiya,3.0,3.0,SNNP,Hadiya,1700138,1529587,0.0,0.0,1529587.0,0.0,0.0,1529587.0,0.0,0.0,1529587.0,0.0,0.0,1529587.0,0.0,0.0,1529587.0,0.0,0.0,1529587.0
2120,2015-04-01,3.0,Ethiopia,SNNP,Halaba Special,3.0,3.0,SNNP,Halaba Special,658130,592109,0.0,0.0,592109.0,0.0,0.0,592109.0,0.0,0.0,592109.0,0.0,0.0,592109.0,0.0,0.0,592109.0,0.0,0.0,592109.0
2121,2015-04-01,2.0,Ethiopia,Harari,Harari,2.0,2.0,Harari,Harari,260022,233937,0.0,233937.0,0.0,0.0,0.0,233937.0,0.0,233937.0,0.0,0.0,0.0,233937.0,0.0,233937.0,0.0,0.0,0.0,233937.0
2122,2015-04-01,2.0,Ethiopia,Somali,Jarar,2.0,2.0,Somali,Jarar,641077,576766,0.0,576766.0,0.0,0.0,0.0,576766.0,0.0,576766.0,0.0,0.0,0.0,576766.0,0.0,576766.0,0.0,0.0,0.0,576766.0
2123,2015-04-01,1.0,Ethiopia,Oromia,Jimma,1.0,1.0,Oromia,Jimma,3672640,3304216,3304216.0,0.0,0.0,0.0,0.0,3304216.0,3304216.0,0.0,0.0,0.0,0.0,3304216.0,3304216.0,0.0,0.0,0.0,0.0,3304216.0
2124,2015-04-01,2.0,Ethiopia,Benishangul Gumz,Kemashi,2.0,2.0,Benishangul Gumz,Kemashi,150986,135839,0.0,135839.0,0.0,0.0,0.0,135839.0,0.0,135839.0,0.0,0.0,0.0,135839.0,0.0,135839.0,0.0,0.0,0.0,135839.0
2125,2015-04-01,2.0,Ethiopia,SNNP,Kembata Tibaro,2.0,2.0,SNNP,Kembata Tibaro,911347,819924,0.0,819924.0,0.0,0.0,0.0,819924.0,0.0,819924.0,0.0,0.0,0.0,819924.0,0.0,819924.0,0.0,0.0,0.0,819924.0
2126,2015-04-01,2.0,Ethiopia,SNNP,Konso,2.0,2.0,SNNP,Konso,284360,255834,0.0,255834.0,0.0,0.0,0.0,255834.0,0.0,255834.0,0.0,0.0,0.0,255834.0,0.0,255834.0,0.0,0.0,0.0,255834.0
2127,2015-04-01,2.0,Ethiopia,Somali,Liban,2.0,3.0,Somali,Liban,505190,454511,0.0,454511.0,0.0,0.0,0.0,454511.0,0.0,454511.0,0.0,0.0,0.0,454511.0,0.0,0.0,454511.0,0.0,0.0,454511.0
2128,2015-04-01,2.0,Ethiopia,Tigray,Mekele Special,2.0,2.0,Tigray,Mekele Special,418327,376362,0.0,376362.0,0.0,0.0,0.0,376362.0,0.0,376362.0,0.0,0.0,0.0,376362.0,0.0,376362.0,0.0,0.0,0.0,376362.0
2129,2015-04-01,2.0,Ethiopia,SNNP,Mirab Omo,2.0,3.0,SNNP,Mirab Omo,262515,236180,0.0,236180.0,0.0,0.0,0.0,236180.0,0.0,236180.0,0.0,0.0,0.0,236180.0,0.0,0.0,236180.0,0.0,0.0,236180.0
2130,2015-04-01,2.0,Ethiopia,Somali,Nogob,2.0,2.0,Somali,Nogob,217220,195429,0.0,195429.0,0.0,0.0,0.0,195429.0,0.0,195429.0,0.0,0.0,0.0,195429.0,0.0,195429.0,0.0,0.0,0.0,195429.0
2131,2015-04-01,3.0,Ethiopia,Amhara,North Gondar,3.0,3.0,Amhara,North Gondar,889977,800698,0.0,0.0,800698.0,0.0,0.0,800698.0,0.0,0.0,800698.0,0.0,0.0,800698.0,0.0,0.0,800698.0,0.0,0.0,800698.0
2132,2015-04-01,3.0,Ethiopia,Amhara,North Shewa,3.0,3.0,Amhara,North Shewa,2293091,2063057,0.0,0.0,2063057.0,0.0,0.0,2063057.0,0.0,0.0,2063057.0,0.0,0.0,2063057.0,0.0,0.0,2063057.0,0.0,0.0,2063057.0
2133,2015-04-01,3.0,Ethiopia,Amhara,North Wello,3.0,3.0,Amhara,North Wello,1740337,1565753,0.0,0.0,1565753.0,0.0,0.0,1565753.0,0.0,0.0,1565753.0,0.0,0.0,1565753.0,0.0,0.0,1565753.0,0.0,0.0,1565753.0
2134,2015-04-01,3.0,Ethiopia,Tigray,North Western,3.0,3.0,Tigray,North Western,893262,803653,0.0,0.0,803653.0,0.0,0.0,803653.0,0.0,0.0,803653.0,0.0,0.0,803653.0,0.0,0.0,803653.0,0.0,0.0,803653.0
2135,2015-04-01,3.0,Ethiopia,Gambela,Nuwer,4.0,4.0,Gambela,Nuwer,166901,150158,0.0,0.0,150158.0,0.0,0.0,150158.0,0.0,0.0,0.0,150158.0,0.0,150158.0,0.0,0.0,0.0,150158.0,0.0,150158.0
2136,2015-04-01,2.0,Ethiopia,Amhara,Oromia,2.0,2.0,Amhara,Oromia,569808,512647,0.0,512647.0,0.0,0.0,0.0,512647.0,0.0,512647.0,0.0,0.0,0.0,512647.0,0.0,512647.0,0.0,0.0,0.0,512647.0
2137,2015-04-01,3.0,Ethiopia,Somali,Shabelle,3.0,3.0,Somali,Shabelle,647430,582482,0.0,0.0,582482.0,0.0,0.0,582482.0,0.0,0.0,582482.0,0.0,0.0,582482.0,0.0,0.0,582482.0,0.0,0.0,582482.0
2138,2015-04-01,3.0,Ethiopia,SNNP,Sidama,3.0,3.0,SNNP,Sidama,4212331,3789767,0.0,0.0,3789767.0,0.0,0.0,3789767.0,0.0,0.0,3789767.0,0.0,0.0,3789767.0,0.0,0.0,3789767.0,0.0,0.0,3789767.0
2139,2015-04-01,2.0,Ethiopia,SNNP,Siltie,2.0,3.0,SNNP,Siltie,1051444,945967,0.0,945967.0,0.0,0.0,0.0,945967.0,0.0,945967.0,0.0,0.0,0.0,945967.0,0.0,0.0,945967.0,0.0,0.0,945967.0
2140,2015-04-01,3.0,Ethiopia,Somali,Siti,3.0,3.0,Somali,Siti,644214,579589,0.0,0.0,579589.0,0.0,0.0,579589.0,0.0,0.0,579589.0,0.0,0.0,579589.0,0.0,0.0,579589.0,0.0,0.0,579589.0
2141,2015-04-01,3.0,Ethiopia,Tigray,South Eastern,3.0,3.0,Tigray,South Eastern,528199,475212,0.0,0.0,475212.0,0.0,0.0,475212.0,0.0,0.0,475212.0,0.0,0.0,475212.0,0.0,0.0,475212.0,0.0,0.0,475212.0
2142,2015-04-01,3.0,Ethiopia,Amhara,South Gondar,3.0,3.0,Amhara,South Gondar,2526963,2273468,0.0,0.0,2273468.0,0.0,0.0,2273468.0,0.0,0.0,2273468.0,0.0,0.0,2273468.0,0.0,0.0,2273468.0,0.0,0.0,2273468.0
2143,2015-04-01,2.0,Ethiopia,SNNP,South Omo,2.0,3.0,SNNP,South Omo,754134,678482,0.0,678482.0,0.0,0.0,0.0,678482.0,0.0,678482.0,0.0,0.0,0.0,678482.0,0.0,0.0,678482.0,0.0,0.0,678482.0
2144,2015-04-01,2.0,Ethiopia,Amhara,South Wello,2.0,2.0,Amhara,South Wello,3246827,2921118,0.0,2921118.0,0.0,0.0,0.0,2921118.0,0.0,2921118.0,0.0,0.0,0.0,2921118.0,0.0,2921118.0,0.0,0.0,0.0,2921118.0
2145,2015-04-01,2.0,Ethiopia,Oromia,South West Shewa,2.0,2.0,Oromia,South West Shewa,1264234,1137411,0.0,1137411.0,0.0,0.0,0.0,1137411.0,0.0,1137411.0,0.0,0.0,0.0,1137411.0,0.0,1137411.0,0.0,0.0,0.0,1137411.0
2146,2015-04-01,3.0,Ethiopia,Tigray,Southern,3.0,3.0,Tigray,Southern,752344,676871,0.0,0.0,676871.0,0.0,0.0,676871.0,0.0,0.0,676871.0,0.0,0.0,676871.0,0.0,0.0,676871.0,0.0,0.0,676871.0
2147,2015-04-01,3.0,Ethiopia,Amhara,Wag Hamra,3.0,3.0,Amhara,Wag Hamra,516457,464648,0.0,0.0,464648.0,0.0,0.0,464648.0,0.0,0.0,464648.0,0.0,0.0,464648.0,0.0,0.0,464648.0,0.0,0.0,464648.0
2148,2015-04-01,3.0,Ethiopia,Oromia,West Arsi,3.0,3.0,Oromia,West Arsi,2868933,2581133,0.0,0.0,2581133.0,0.0,0.0,2581133.0,0.0,0.0,2581133.0,0.0,0.0,2581133.0,0.0,0.0,2581133.0,0.0,0.0,2581133.0
2149,2015-04-01,2.0,Ethiopia,Oromia,West Guji,2.0,3.0,Oromia,West Guji,1223292,1100576,0.0,1100576.0,0.0,0.0,0.0,1100576.0,0.0,1100576.0,0.0,0.0,0.0,1100576.0,0.0,0.0,1100576.0,0.0,0.0,1100576.0
2150,2015-04-01,3.0,Ethiopia,Oromia,West Hararge,3.0,3.0,Oromia,West Hararge,2568661,2310983,0.0,0.0,2310983.0,0.0,0.0,2310983.0,0.0,0.0,2310983.0,0.0,0.0,2310983.0,0.0,0.0,2310983.0,0.0,0.0,2310983.0
2151,2015-04-01,1.0,Ethiopia,Oromia,West Wellega,1.0,1.0,Oromia,West Wellega,1880222,1691605,1691605.0,0.0,0.0,0.0,0.0,1691605.0,1691605.0,0.0,0.0,0.0,0.0,1691605.0,1691605.0,0.0,0.0,0.0,0.0,1691605.0
2152,2015-04-01,3.0,Ethiopia,Tigray,Western,3.0,3.0,Tigray,Western,440553,396358,0.0,0.0,396358.0,0.0,0.0,396358.0,0.0,0.0,396358.0,0.0,0.0,396358.0,0.0,0.0,396358.0,0.0,0.0,396358.0
2153,2015-04-01,2.0,Ethiopia,SNNP,Wolayita,2.0,3.0,SNNP,Wolayita,1999292,1798731,0.0,1798731.0,0.0,0.0,0.0,1798731.0,0.0,1798731.0,0.0,0.0,0.0,1798731.0,0.0,0.0,1798731.0,0.0,0.0,1798731.0
2154,2015-04-01,1.0,Ethiopia,SNNP,Yem Special,1.0,1.0,SNNP,Yem Special,102526,92241,92241.0,0.0,0.0,0.0,0.0,92241.0,92241.0,0.0,0.0,0.0,0.0,92241.0,92241.0,0.0,0.0,0.0,0.0,92241.0
2155,2015-04-01,3.0,Ethiopia,Afar,Zone 1 (Awsi Rasu),3.0,3.0,Afar,Zone 1 (Awsi Rasu),643036,578529,0.0,0.0,578529.0,0.0,0.0,578529.0,0.0,0.0,578529.0,0.0,0.0,578529.0,0.0,0.0,578529.0,0.0,0.0,578529.0
2156,2015-04-01,3.0,Ethiopia,Afar,Zone 2 (Kilbet Rasu),3.0,3.0,Afar,Zone 2 (Kilbet Rasu),493764,444231,0.0,0.0,444231.0,0.0,0.0,444231.0,0.0,0.0,444231.0,0.0,0.0,444231.0,0.0,0.0,444231.0,0.0,0.0,444231.0
2157,2015-04-01,3.0,Ethiopia,Afar,Zone 3 (Gabi Rasu),3.0,3.0,Afar,Zone 3 (Gabi Rasu),281357,253132,0.0,0.0,253132.0,0.0,0.0,253132.0,0.0,0.0,253132.0,0.0,0.0,253132.0,0.0,0.0,253132.0,0.0,0.0,253132.0
2158,2015-04-01,3.0,Ethiopia,Afar,Zone 4 (Fantana Rasu),3.0,3.0,Afar,Zone 4 (Fantana Rasu),276855,249082,0.0,0.0,249082.0,0.0,0.0,249082.0,0.0,0.0,249082.0,0.0,0.0,249082.0,0.0,0.0,249082.0,0.0,0.0,249082.0
2159,2015-04-01,3.0,Ethiopia,Afar,Zone 5 (Hari Rasu),3.0,2.0,Afar,Zone 5 (Hari Rasu),209402,188395,0.0,0.0,188395.0,0.0,0.0,188395.0,0.0,0.0,188395.0,0.0,0.0,188395.0,0.0,188395.0,0.0,0.0,0.0,188395.0
2160,2015-04-01,2.0,Ethiopia,Gambela,Agnewak,2.0,2.0,Gambela,Agnewak,164054,147596,0.0,147596.0,0.0,0.0,0.0,147596.0,0.0,147596.0,0.0,0.0,0.0,147596.0,0.0,147596.0,0.0,0.0,0.0,147596.0
2161,2015-04-01,2.0,Ethiopia,Somali,Doolo,2.0,2.0,Somali,Doolo,425824,383107,0.0,383107.0,0.0,0.0,0.0,383107.0,0.0,383107.0,0.0,0.0,0.0,383107.0,0.0,383107.0,0.0,0.0,0.0,383107.0
2162,2015-04-01,2.0,Ethiopia,Somali,Korahe,2.0,2.0,Somali,Korahe,511890,460539,0.0,460539.0,0.0,0.0,0.0,460539.0,0.0,460539.0,0.0,0.0,0.0,460539.0,0.0,460539.0,0.0,0.0,0.0,460539.0
2163,2015-04-01,1.0,Ethiopia,Oromia,Finfine Special,1.0,1.0,Oromia,Finfine Special,1040106,935766,935766.0,0.0,0.0,0.0,0.0,935766.0,935766.0,0.0,0.0,0.0,0.0,935766.0,935766.0,0.0,0.0,0.0,0.0,935766.0
2164,2015-04-01,1.0,Ethiopia,Addis Ababa,Region 14,1.0,1.0,Addis Ababa,Region 14,3585647,3225949,3225949.0,0.0,0.0,0.0,0.0,3225949.0,3225949.0,0.0,0.0,0.0,0.0,3225949.0,3225949.0,0.0,0.0,0.0,0.0,3225949.0
2165,2015-04-01,1.0,Ethiopia,Amhara,West Gojam,1.0,1.0,Amhara,West Gojam,2894095,2603771,2603771.0,0.0,0.0,0.0,0.0,2603771.0,2603771.0,0.0,0.0,0.0,0.0,2603771.0,2603771.0,0.0,0.0,0.0,0.0,2603771.0
2166,2015-04-01,1.0,Ethiopia,SNNP,Basketo,1.0,2.0,SNNP,Basketo,75512,67936,67936.0,0.0,0.0,0.0,0.0,67936.0,67936.0,0.0,0.0,0.0,0.0,67936.0,0.0,67936.0,0.0,0.0,0.0,67936.0
2167,2015-04-01,1.0,Ethiopia,SNNP,Bench Maji,1.0,1.0,SNNP,Bench Maji,603595,543044,543044.0,0.0,0.0,0.0,0.0,543044.0,543044.0,0.0,0.0,0.0,0.0,543044.0,543044.0,0.0,0.0,0.0,0.0,543044.0
2168,2015-04-01,3.0,Ethiopia,Gambela,Etang Special woreda,3.0,2.0,Gambela,Etang Special woreda,50260,45218,0.0,0.0,45218.0,0.0,0.0,45218.0,0.0,0.0,45218.0,0.0,0.0,45218.0,0.0,45218.0,0.0,0.0,0.0,45218.0
2169,2015-04-01,1.0,Ethiopia,Oromia,Ilu Aba Bora,1.0,1.0,Oromia,Ilu Aba Bora,953178,857559,857559.0,0.0,0.0,0.0,0.0,857559.0,857559.0,0.0,0.0,0.0,0.0,857559.0,857559.0,0.0,0.0,0.0,0.0,857559.0
2170,2015-04-01,1.0,Ethiopia,SNNP,Kefa,1.0,1.0,SNNP,Kefa,1053546,947858,947858.0,0.0,0.0,0.0,0.0,947858.0,947858.0,0.0,0.0,0.0,0.0,947858.0,947858.0,0.0,0.0,0.0,0.0,947858.0
2171,2015-04-01,1.0,Ethiopia,SNNP,Konta Special,1.0,1.0,SNNP,Konta Special,119904,107875,107875.0,0.0,0.0,0.0,0.0,107875.0,107875.0,0.0,0.0,0.0,0.0,107875.0,107875.0,0.0,0.0,0.0,0.0,107875.0
2172,2015-04-01,1.0,Ethiopia,Gambela,Mejenger,1.0,1.0,Gambela,Mejenger,81617,73429,73429.0,0.0,0.0,0.0,0.0,73429.0,73429.0,0.0,0.0,0.0,0.0,73429.0,73429.0,0.0,0.0,0.0,0.0,73429.0
2173,2015-04-01,2.0,Ethiopia,Benishangul Gumz,Asosa,2.0,2.0,Benishangul Gumz,Asosa,402287,361931,0.0,361931.0,0.0,0.0,0.0,361931.0,0.0,361931.0,0.0,0.0,0.0,361931.0,0.0,361931.0,0.0,0.0,0.0,361931.0
2174,2015-04-01,2.0,Ethiopia,Dire Dawa,Dire Dawa urban,2.0,2.0,Dire Dawa,Dire Dawa urban,319985,287885,0.0,287885.0,0.0,0.0,0.0,287885.0,0.0,287885.0,0.0,0.0,0.0,287885.0,0.0,287885.0,0.0,0.0,0.0,287885.0
2175,2015-04-01,1.0,Ethiopia,Oromia,Horo Gudru Wellega,1.0,1.0,Oromia,Horo Gudru Wellega,791731,712307,712307.0,0.0,0.0,0.0,0.0,712307.0,712307.0,0.0,0.0,0.0,0.0,712307.0,712307.0,0.0,0.0,0.0,0.0,712307.0
2176,2015-04-01,3.0,Ethiopia,Oromia,Kelem Wellega,3.0,2.0,Oromia,Kelem Wellega,1141498,1026987,0.0,0.0,1026987.0,0.0,0.0,1026987.0,0.0,0.0,1026987.0,0.0,0.0,1026987.0,0.0,1026987.0,0.0,0.0,0.0,1026987.0
2177,2015-04-01,3.0,Ethiopia,Benishangul Gumz,Mao Komo Special,3.0,3.0,Benishangul Gumz,Mao Komo Special,70414,63350,0.0,0.0,63350.0,0.0,0.0,63350.0,0.0,0.0,63350.0,0.0,0.0,63350.0,0.0,0.0,63350.0,0.0,0.0,63350.0
2178,2015-04-01,1.0,Ethiopia,Benishangul Gumz,Metekel,1.0,1.0,Benishangul Gumz,Metekel,479162,431094,431094.0,0.0,0.0,0.0,0.0,431094.0,431094.0,0.0,0.0,0.0,0.0,431094.0,431094.0,0.0,0.0,0.0,0.0,431094.0
2179,2015-04-01,1.0,Ethiopia,Oromia,North Shewa,1.0,1.0,Oromia,North Shewa,1626893,1463689,1463689.0,0.0,0.0,0.0,0.0,1463689.0,1463689.0,0.0,0.0,0.0,0.0,1463689.0,1463689.0,0.0,0.0,0.0,0.0,1463689.0
2180,2015-04-01,1.0,Ethiopia,SNNP,Sheka,1.0,1.0,SNNP,Sheka,274212,246704,246704.0,0.0,0.0,0.0,0.0,246704.0,246704.0,0.0,0.0,0.0,0.0,246704.0,246704.0,0.0,0.0,0.0,0.0,246704.0
2181,2015-04-01,1.0,Ethiopia,Oromia,West Shewa,1.0,1.0,Oromia,West Shewa,2773901,2495634,2495634.0,0.0,0.0,0.0,0.0,2495634.0,2495634.0,0.0,0.0,0.0,0.0,2495634.0,2495634.0,0.0,0.0,0.0,0.0,2495634.0
2182,2015-04-01,1.0,Ethiopia,Amhara,Awi,1.0,1.0,Amhara,Awi,1338704,1204410,1204410.0,0.0,0.0,0.0,0.0,1204410.0,1204410.0,0.0,0.0,0.0,0.0,1204410.0,1204410.0,0.0,0.0,0.0,0.0,1204410.0
2183,2015-04-01,1.0,Ethiopia,Amhara,West Gondar,1.0,1.0,Amhara,West Gondar,381393,343133,343133.0,0.0,0.0,0.0,0.0,343133.0,343133.0,0.0,0.0,0.0,0.0,343133.0,343133.0,0.0,0.0,0.0,0.0,343133.0
2184,2015-07-01,2.0,Ethiopia,Somali,Afder,2.0,2.0,Somali,Afder,654828,589138,0.0,589138.0,0.0,0.0,0.0,589138.0,0.0,589138.0,0.0,0.0,0.0,589138.0,0.0,589138.0,0.0,0.0,0.0,589138.0
2185,2015-07-01,3.0,Ethiopia,SNNP,Alle,3.0,2.0,SNNP,Alle,81190,73045,0.0,0.0,73045.0,0.0,0.0,73045.0,0.0,0.0,73045.0,0.0,0.0,73045.0,0.0,73045.0,0.0,0.0,0.0,73045.0
2186,2015-07-01,3.0,Ethiopia,SNNP,Amaro,3.0,2.0,SNNP,Amaro,195252,175665,0.0,0.0,175665.0,0.0,0.0,175665.0,0.0,0.0,175665.0,0.0,0.0,175665.0,0.0,175665.0,0.0,0.0,0.0,175665.0
2187,2015-07-01,3.0,Ethiopia,Oromia,Arsi,3.0,2.0,Oromia,Arsi,3645492,3279791,0.0,0.0,3279791.0,0.0,0.0,3279791.0,0.0,0.0,3279791.0,0.0,0.0,3279791.0,0.0,3279791.0,0.0,0.0,0.0,3279791.0
2188,2015-07-01,3.0,Ethiopia,Oromia,Bale,3.0,2.0,Oromia,Bale,1887498,1698152,0.0,0.0,1698152.0,0.0,0.0,1698152.0,0.0,0.0,1698152.0,0.0,0.0,1698152.0,0.0,1698152.0,0.0,0.0,0.0,1698152.0
2189,2015-07-01,2.0,Ethiopia,Oromia,Borena,2.0,2.0,Oromia,Borena,545493,490771,0.0,490771.0,0.0,0.0,0.0,490771.0,0.0,490771.0,0.0,0.0,0.0,490771.0,0.0,490771.0,0.0,0.0,0.0,490771.0
2190,2015-07-01,1.0,Ethiopia,Oromia,Buno Bedele,1.0,1.0,Oromia,Buno Bedele,809088,727923,727923.0,0.0,0.0,0.0,0.0,727923.0,727923.0,0.0,0.0,0.0,0.0,727923.0,727923.0,0.0,0.0,0.0,0.0,727923.0
2191,2015-07-01,2.0,Ethiopia,SNNP,Burji,2.0,2.0,SNNP,Burji,71728,64532,0.0,64532.0,0.0,0.0,0.0,64532.0,0.0,64532.0,0.0,0.0,0.0,64532.0,0.0,64532.0,0.0,0.0,0.0,64532.0
2192,2015-07-01,3.0,Ethiopia,Tigray,Central,3.0,2.0,Tigray,Central,1384454,1245571,0.0,0.0,1245571.0,0.0,0.0,1245571.0,0.0,0.0,1245571.0,0.0,0.0,1245571.0,0.0,1245571.0,0.0,0.0,0.0,1245571.0
2193,2015-07-01,3.0,Ethiopia,Amhara,Central Gondar,3.0,2.0,Amhara,Central Gondar,2719899,2447050,0.0,0.0,2447050.0,0.0,0.0,2447050.0,0.0,0.0,2447050.0,0.0,0.0,2447050.0,0.0,2447050.0,0.0,0.0,0.0,2447050.0
2194,2015-07-01,2.0,Ethiopia,Somali,Daawa,2.0,2.0,Somali,Daawa,457130,411272,0.0,411272.0,0.0,0.0,0.0,411272.0,0.0,411272.0,0.0,0.0,0.0,411272.0,0.0,411272.0,0.0,0.0,0.0,411272.0
2195,2015-07-01,3.0,Ethiopia,SNNP,Dawuro,3.0,2.0,SNNP,Dawuro,643931,579334,0.0,0.0,579334.0,0.0,0.0,579334.0,0.0,0.0,579334.0,0.0,0.0,579334.0,0.0,579334.0,0.0,0.0,0.0,579334.0
2196,2015-07-01,3.0,Ethiopia,SNNP,Derashe,3.0,2.0,SNNP,Derashe,107301,96537,0.0,0.0,96537.0,0.0,0.0,96537.0,0.0,0.0,96537.0,0.0,0.0,96537.0,0.0,96537.0,0.0,0.0,0.0,96537.0
2197,2015-07-01,3.0,Ethiopia,Dire Dawa,Dire Dawa rural,3.0,3.0,Dire Dawa,Dire Dawa rural,188933,169980,0.0,0.0,169980.0,0.0,0.0,169980.0,0.0,0.0,169980.0,0.0,0.0,169980.0,0.0,0.0,169980.0,0.0,0.0,169980.0
2198,2015-07-01,2.0,Ethiopia,Amhara,East Gojam,2.0,2.0,Amhara,East Gojam,2672621,2404514,0.0,2404514.0,0.0,0.0,0.0,2404514.0,0.0,2404514.0,0.0,0.0,0.0,2404514.0,0.0,2404514.0,0.0,0.0,0.0,2404514.0
2199,2015-07-01,3.0,Ethiopia,Oromia,East Hararge,3.0,3.0,Oromia,East Hararge,3739861,3364693,0.0,0.0,3364693.0,0.0,0.0,3364693.0,0.0,0.0,3364693.0,0.0,0.0,3364693.0,0.0,0.0,3364693.0,0.0,0.0,3364693.0
2200,2015-07-01,3.0,Ethiopia,Oromia,East Shewa,3.0,3.0,Oromia,East Shewa,2234419,2010271,0.0,0.0,2010271.0,0.0,0.0,2010271.0,0.0,0.0,2010271.0,0.0,0.0,2010271.0,0.0,0.0,2010271.0,0.0,0.0,2010271.0
2201,2015-07-01,1.0,Ethiopia,Oromia,East Wellega,1.0,1.0,Oromia,East Wellega,1693681,1523777,1523777.0,0.0,0.0,0.0,0.0,1523777.0,1523777.0,0.0,0.0,0.0,0.0,1523777.0,1523777.0,0.0,0.0,0.0,0.0,1523777.0
2202,2015-07-01,3.0,Ethiopia,Tigray,Eastern,3.0,2.0,Tigray,Eastern,940053,845750,0.0,0.0,845750.0,0.0,0.0,845750.0,0.0,0.0,845750.0,0.0,0.0,845750.0,0.0,845750.0,0.0,0.0,0.0,845750.0
2203,2015-07-01,3.0,Ethiopia,Somali,Erer,3.0,2.0,Somali,Erer,268901,241925,0.0,0.0,241925.0,0.0,0.0,241925.0,0.0,0.0,241925.0,0.0,0.0,241925.0,0.0,241925.0,0.0,0.0,0.0,241925.0
2204,2015-07-01,3.0,Ethiopia,Somali,Fafan,3.0,3.0,Somali,Fafan,1242707,1118043,0.0,0.0,1118043.0,0.0,0.0,1118043.0,0.0,0.0,1118043.0,0.0,0.0,1118043.0,0.0,0.0,1118043.0,0.0,0.0,1118043.0
2205,2015-07-01,3.0,Ethiopia,SNNP,Gamo,3.0,2.0,SNNP,Gamo,1462777,1316037,0.0,0.0,1316037.0,0.0,0.0,1316037.0,0.0,0.0,1316037.0,0.0,0.0,1316037.0,0.0,1316037.0,0.0,0.0,0.0,1316037.0
2206,2015-07-01,2.0,Ethiopia,SNNP,Gedeo,2.0,1.0,SNNP,Gedeo,1131834,1018293,0.0,1018293.0,0.0,0.0,0.0,1018293.0,0.0,1018293.0,0.0,0.0,0.0,1018293.0,1018293.0,0.0,0.0,0.0,0.0,1018293.0
2207,2015-07-01,3.0,Ethiopia,SNNP,Gofa,3.0,2.0,SNNP,Gofa,623589,561033,0.0,0.0,561033.0,0.0,0.0,561033.0,0.0,0.0,561033.0,0.0,0.0,561033.0,0.0,561033.0,0.0,0.0,0.0,561033.0
2208,2015-07-01,2.0,Ethiopia,Oromia,Guji,2.0,2.0,Oromia,Guji,1482472,1333756,0.0,1333756.0,0.0,0.0,0.0,1333756.0,0.0,1333756.0,0.0,0.0,0.0,1333756.0,0.0,1333756.0,0.0,0.0,0.0,1333756.0
2209,2015-07-01,3.0,Ethiopia,SNNP,Guraghe,3.0,2.0,SNNP,Guraghe,1882107,1693301,0.0,0.0,1693301.0,0.0,0.0,1693301.0,0.0,0.0,1693301.0,0.0,0.0,1693301.0,0.0,1693301.0,0.0,0.0,0.0,1693301.0
2210,2015-07-01,3.0,Ethiopia,SNNP,Hadiya,3.0,2.0,SNNP,Hadiya,1700138,1529587,0.0,0.0,1529587.0,0.0,0.0,1529587.0,0.0,0.0,1529587.0,0.0,0.0,1529587.0,0.0,1529587.0,0.0,0.0,0.0,1529587.0
2211,2015-07-01,3.0,Ethiopia,SNNP,Halaba Special,3.0,2.0,SNNP,Halaba Special,658130,592109,0.0,0.0,592109.0,0.0,0.0,592109.0,0.0,0.0,592109.0,0.0,0.0,592109.0,0.0,592109.0,0.0,0.0,0.0,592109.0
2212,2015-07-01,2.0,Ethiopia,Harari,Harari,2.0,2.0,Harari,Harari,260022,233937,0.0,233937.0,0.0,0.0,0.0,233937.0,0.0,233937.0,0.0,0.0,0.0,233937.0,0.0,233937.0,0.0,0.0,0.0,233937.0
2213,2015-07-01,2.0,Ethiopia,Somali,Jarar,2.0,2.0,Somali,Jarar,641077,576766,0.0,576766.0,0.0,0.0,0.0,576766.0,0.0,576766.0,0.0,0.0,0.0,576766.0,0.0,576766.0,0.0,0.0,0.0,576766.0
2214,2015-07-01,3.0,Ethiopia,Oromia,Jimma,3.0,2.0,Oromia,Jimma,3672640,3304216,0.0,0.0,3304216.0,0.0,0.0,3304216.0,0.0,0.0,3304216.0,0.0,0.0,3304216.0,0.0,3304216.0,0.0,0.0,0.0,3304216.0
2215,2015-07-01,2.0,Ethiopia,Benishangul Gumz,Kemashi,2.0,2.0,Benishangul Gumz,Kemashi,150986,135839,0.0,135839.0,0.0,0.0,0.0,135839.0,0.0,135839.0,0.0,0.0,0.0,135839.0,0.0,135839.0,0.0,0.0,0.0,135839.0
2216,2015-07-01,3.0,Ethiopia,SNNP,Kembata Tibaro,3.0,2.0,SNNP,Kembata Tibaro,911347,819924,0.0,0.0,819924.0,0.0,0.0,819924.0,0.0,0.0,819924.0,0.0,0.0,819924.0,0.0,819924.0,0.0,0.0,0.0,819924.0
2217,2015-07-01,2.0,Ethiopia,SNNP,Konso,2.0,1.0,SNNP,Konso,284360,255834,0.0,255834.0,0.0,0.0,0.0,255834.0,0.0,255834.0,0.0,0.0,0.0,255834.0,255834.0,0.0,0.0,0.0,0.0,255834.0
2218,2015-07-01,2.0,Ethiopia,Somali,Liban,2.0,2.0,Somali,Liban,505190,454511,0.0,454511.0,0.0,0.0,0.0,454511.0,0.0,454511.0,0.0,0.0,0.0,454511.0,0.0,454511.0,0.0,0.0,0.0,454511.0
2219,2015-07-01,2.0,Ethiopia,Tigray,Mekele Special,2.0,2.0,Tigray,Mekele Special,418327,376362,0.0,376362.0,0.0,0.0,0.0,376362.0,0.0,376362.0,0.0,0.0,0.0,376362.0,0.0,376362.0,0.0,0.0,0.0,376362.0
2220,2015-07-01,2.0,Ethiopia,SNNP,Mirab Omo,2.0,2.0,SNNP,Mirab Omo,262515,236180,0.0,236180.0,0.0,0.0,0.0,236180.0,0.0,236180.0,0.0,0.0,0.0,236180.0,0.0,236180.0,0.0,0.0,0.0,236180.0
2221,2015-07-01,2.0,Ethiopia,Somali,Nogob,2.0,2.0,Somali,Nogob,217220,195429,0.0,195429.0,0.0,0.0,0.0,195429.0,0.0,195429.0,0.0,0.0,0.0,195429.0,0.0,195429.0,0.0,0.0,0.0,195429.0
2222,2015-07-01,3.0,Ethiopia,Amhara,North Gondar,3.0,2.0,Amhara,North Gondar,889977,800698,0.0,0.0,800698.0,0.0,0.0,800698.0,0.0,0.0,800698.0,0.0,0.0,800698.0,0.0,800698.0,0.0,0.0,0.0,800698.0
2223,2015-07-01,3.0,Ethiopia,Amhara,North Shewa,3.0,3.0,Amhara,North Shewa,2293091,2063057,0.0,0.0,2063057.0,0.0,0.0,2063057.0,0.0,0.0,2063057.0,0.0,0.0,2063057.0,0.0,0.0,2063057.0,0.0,0.0,2063057.0
2224,2015-07-01,3.0,Ethiopia,Amhara,North Wello,3.0,2.0,Amhara,North Wello,1740337,1565753,0.0,0.0,1565753.0,0.0,0.0,1565753.0,0.0,0.0,1565753.0,0.0,0.0,1565753.0,0.0,1565753.0,0.0,0.0,0.0,1565753.0
2225,2015-07-01,3.0,Ethiopia,Tigray,North Western,3.0,2.0,Tigray,North Western,893262,803653,0.0,0.0,803653.0,0.0,0.0,803653.0,0.0,0.0,803653.0,0.0,0.0,803653.0,0.0,803653.0,0.0,0.0,0.0,803653.0
2226,2015-07-01,4.0,Ethiopia,Gambela,Nuwer,4.0,3.0,Gambela,Nuwer,166901,150158,0.0,0.0,0.0,150158.0,0.0,150158.0,0.0,0.0,0.0,150158.0,0.0,150158.0,0.0,0.0,150158.0,0.0,0.0,150158.0
2227,2015-07-01,2.0,Ethiopia,Amhara,Oromia,2.0,2.0,Amhara,Oromia,569808,512647,0.0,512647.0,0.0,0.0,0.0,512647.0,0.0,512647.0,0.0,0.0,0.0,512647.0,0.0,512647.0,0.0,0.0,0.0,512647.0
2228,2015-07-01,3.0,Ethiopia,Somali,Shabelle,3.0,3.0,Somali,Shabelle,647430,582482,0.0,0.0,582482.0,0.0,0.0,582482.0,0.0,0.0,582482.0,0.0,0.0,582482.0,0.0,0.0,582482.0,0.0,0.0,582482.0
2229,2015-07-01,3.0,Ethiopia,SNNP,Sidama,3.0,2.0,SNNP,Sidama,4212331,3789767,0.0,0.0,3789767.0,0.0,0.0,3789767.0,0.0,0.0,3789767.0,0.0,0.0,3789767.0,0.0,3789767.0,0.0,0.0,0.0,3789767.0
2230,2015-07-01,3.0,Ethiopia,SNNP,Siltie,3.0,2.0,SNNP,Siltie,1051444,945967,0.0,0.0,945967.0,0.0,0.0,945967.0,0.0,0.0,945967.0,0.0,0.0,945967.0,0.0,945967.0,0.0,0.0,0.0,945967.0
2231,2015-07-01,3.0,Ethiopia,Somali,Siti,3.0,3.0,Somali,Siti,644214,579589,0.0,0.0,579589.0,0.0,0.0,579589.0,0.0,0.0,579589.0,0.0,0.0,579589.0,0.0,0.0,579589.0,0.0,0.0,579589.0
2232,2015-07-01,3.0,Ethiopia,Tigray,South Eastern,3.0,2.0,Tigray,South Eastern,528199,475212,0.0,0.0,475212.0,0.0,0.0,475212.0,0.0,0.0,475212.0,0.0,0.0,475212.0,0.0,475212.0,0.0,0.0,0.0,475212.0
2233,2015-07-01,3.0,Ethiopia,Amhara,South Gondar,3.0,2.0,Amhara,South Gondar,2526963,2273468,0.0,0.0,2273468.0,0.0,0.0,2273468.0,0.0,0.0,2273468.0,0.0,0.0,2273468.0,0.0,2273468.0,0.0,0.0,0.0,2273468.0
2234,2015-07-01,3.0,Ethiopia,SNNP,South Omo,3.0,2.0,SNNP,South Omo,754134,678482,0.0,0.0,678482.0,0.0,0.0,678482.0,0.0,0.0,678482.0,0.0,0.0,678482.0,0.0,678482.0,0.0,0.0,0.0,678482.0
2235,2015-07-01,3.0,Ethiopia,Amhara,South Wello,3.0,2.0,Amhara,South Wello,3246827,2921118,0.0,0.0,2921118.0,0.0,0.0,2921118.0,0.0,0.0,2921118.0,0.0,0.0,2921118.0,0.0,2921118.0,0.0,0.0,0.0,2921118.0
2236,2015-07-01,3.0,Ethiopia,Oromia,South West Shewa,3.0,2.0,Oromia,South West Shewa,1264234,1137411,0.0,0.0,1137411.0,0.0,0.0,1137411.0,0.0,0.0,1137411.0,0.0,0.0,1137411.0,0.0,1137411.0,0.0,0.0,0.0,1137411.0
2237,2015-07-01,3.0,Ethiopia,Tigray,Southern,3.0,2.0,Tigray,Southern,752344,676871,0.0,0.0,676871.0,0.0,0.0,676871.0,0.0,0.0,676871.0,0.0,0.0,676871.0,0.0,676871.0,0.0,0.0,0.0,676871.0
2238,2015-07-01,3.0,Ethiopia,Amhara,Wag Hamra,3.0,2.0,Amhara,Wag Hamra,516457,464648,0.0,0.0,464648.0,0.0,0.0,464648.0,0.0,0.0,464648.0,0.0,0.0,464648.0,0.0,464648.0,0.0,0.0,0.0,464648.0
2239,2015-07-01,3.0,Ethiopia,Oromia,West Arsi,3.0,2.0,Oromia,West Arsi,2868933,2581133,0.0,0.0,2581133.0,0.0,0.0,2581133.0,0.0,0.0,2581133.0,0.0,0.0,2581133.0,0.0,2581133.0,0.0,0.0,0.0,2581133.0
2240,2015-07-01,3.0,Ethiopia,Oromia,West Guji,3.0,2.0,Oromia,West Guji,1223292,1100576,0.0,0.0,1100576.0,0.0,0.0,1100576.0,0.0,0.0,1100576.0,0.0,0.0,1100576.0,0.0,1100576.0,0.0,0.0,0.0,1100576.0
2241,2015-07-01,3.0,Ethiopia,Oromia,West Hararge,3.0,3.0,Oromia,West Hararge,2568661,2310983,0.0,0.0,2310983.0,0.0,0.0,2310983.0,0.0,0.0,2310983.0,0.0,0.0,2310983.0,0.0,0.0,2310983.0,0.0,0.0,2310983.0
2242,2015-07-01,1.0,Ethiopia,Oromia,West Wellega,1.0,1.0,Oromia,West Wellega,1880222,1691605,1691605.0,0.0,0.0,0.0,0.0,1691605.0,1691605.0,0.0,0.0,0.0,0.0,1691605.0,1691605.0,0.0,0.0,0.0,0.0,1691605.0
2243,2015-07-01,3.0,Ethiopia,Tigray,Western,3.0,2.0,Tigray,Western,440553,396358,0.0,0.0,396358.0,0.0,0.0,396358.0,0.0,0.0,396358.0,0.0,0.0,396358.0,0.0,396358.0,0.0,0.0,0.0,396358.0
2244,2015-07-01,3.0,Ethiopia,SNNP,Wolayita,3.0,2.0,SNNP,Wolayita,1999292,1798731,0.0,0.0,1798731.0,0.0,0.0,1798731.0,0.0,0.0,1798731.0,0.0,0.0,1798731.0,0.0,1798731.0,0.0,0.0,0.0,1798731.0
2245,2015-07-01,3.0,Ethiopia,SNNP,Yem Special,3.0,2.0,SNNP,Yem Special,102526,92241,0.0,0.0,92241.0,0.0,0.0,92241.0,0.0,0.0,92241.0,0.0,0.0,92241.0,0.0,92241.0,0.0,0.0,0.0,92241.0
2246,2015-07-01,3.0,Ethiopia,Afar,Zone 1 (Awsi Rasu),3.0,3.0,Afar,Zone 1 (Awsi Rasu),643036,578529,0.0,0.0,578529.0,0.0,0.0,578529.0,0.0,0.0,578529.0,0.0,0.0,578529.0,0.0,0.0,578529.0,0.0,0.0,578529.0
2247,2015-07-01,3.0,Ethiopia,Afar,Zone 2 (Kilbet Rasu),3.0,3.0,Afar,Zone 2 (Kilbet Rasu),493764,444231,0.0,0.0,444231.0,0.0,0.0,444231.0,0.0,0.0,444231.0,0.0,0.0,444231.0,0.0,0.0,444231.0,0.0,0.0,444231.0
2248,2015-07-01,3.0,Ethiopia,Afar,Zone 3 (Gabi Rasu),3.0,3.0,Afar,Zone 3 (Gabi Rasu),281357,253132,0.0,0.0,253132.0,0.0,0.0,253132.0,0.0,0.0,253132.0,0.0,0.0,253132.0,0.0,0.0,253132.0,0.0,0.0,253132.0
2249,2015-07-01,3.0,Ethiopia,Afar,Zone 4 (Fantana Rasu),3.0,3.0,Afar,Zone 4 (Fantana Rasu),276855,249082,0.0,0.0,249082.0,0.0,0.0,249082.0,0.0,0.0,249082.0,0.0,0.0,249082.0,0.0,0.0,249082.0,0.0,0.0,249082.0
2250,2015-07-01,3.0,Ethiopia,Afar,Zone 5 (Hari Rasu),3.0,3.0,Afar,Zone 5 (Hari Rasu),209402,188395,0.0,0.0,188395.0,0.0,0.0,188395.0,0.0,0.0,188395.0,0.0,0.0,188395.0,0.0,0.0,188395.0,0.0,0.0,188395.0
2251,2015-07-01,2.0,Ethiopia,Gambela,Agnewak,2.0,2.0,Gambela,Agnewak,164054,147596,0.0,147596.0,0.0,0.0,0.0,147596.0,0.0,147596.0,0.0,0.0,0.0,147596.0,0.0,147596.0,0.0,0.0,0.0,147596.0
2252,2015-07-01,2.0,Ethiopia,Somali,Doolo,2.0,2.0,Somali,Doolo,425824,383107,0.0,383107.0,0.0,0.0,0.0,383107.0,0.0,383107.0,0.0,0.0,0.0,383107.0,0.0,383107.0,0.0,0.0,0.0,383107.0
2253,2015-07-01,2.0,Ethiopia,Somali,Korahe,2.0,2.0,Somali,Korahe,511890,460539,0.0,460539.0,0.0,0.0,0.0,460539.0,0.0,460539.0,0.0,0.0,0.0,460539.0,0.0,460539.0,0.0,0.0,0.0,460539.0
2254,2015-07-01,2.0,Ethiopia,Oromia,Finfine Special,2.0,1.0,Oromia,Finfine Special,1040106,935766,0.0,935766.0,0.0,0.0,0.0,935766.0,0.0,935766.0,0.0,0.0,0.0,935766.0,935766.0,0.0,0.0,0.0,0.0,935766.0
2255,2015-07-01,1.0,Ethiopia,Addis Ababa,Region 14,1.0,1.0,Addis Ababa,Region 14,3585647,3225949,3225949.0,0.0,0.0,0.0,0.0,3225949.0,3225949.0,0.0,0.0,0.0,0.0,3225949.0,3225949.0,0.0,0.0,0.0,0.0,3225949.0
2256,2015-07-01,1.0,Ethiopia,Amhara,West Gojam,1.0,1.0,Amhara,West Gojam,2894095,2603771,2603771.0,0.0,0.0,0.0,0.0,2603771.0,2603771.0,0.0,0.0,0.0,0.0,2603771.0,2603771.0,0.0,0.0,0.0,0.0,2603771.0
2257,2015-07-01,2.0,Ethiopia,SNNP,Basketo,2.0,1.0,SNNP,Basketo,75512,67936,0.0,67936.0,0.0,0.0,0.0,67936.0,0.0,67936.0,0.0,0.0,0.0,67936.0,67936.0,0.0,0.0,0.0,0.0,67936.0
2258,2015-07-01,1.0,Ethiopia,SNNP,Bench Maji,1.0,1.0,SNNP,Bench Maji,603595,543044,543044.0,0.0,0.0,0.0,0.0,543044.0,543044.0,0.0,0.0,0.0,0.0,543044.0,543044.0,0.0,0.0,0.0,0.0,543044.0
2259,2015-07-01,3.0,Ethiopia,Gambela,Etang Special woreda,2.0,2.0,Gambela,Etang Special woreda,50260,45218,0.0,0.0,45218.0,0.0,0.0,45218.0,0.0,45218.0,0.0,0.0,0.0,45218.0,0.0,45218.0,0.0,0.0,0.0,45218.0
2260,2015-07-01,1.0,Ethiopia,Oromia,Ilu Aba Bora,1.0,1.0,Oromia,Ilu Aba Bora,953178,857559,857559.0,0.0,0.0,0.0,0.0,857559.0,857559.0,0.0,0.0,0.0,0.0,857559.0,857559.0,0.0,0.0,0.0,0.0,857559.0
2261,2015-07-01,1.0,Ethiopia,SNNP,Kefa,1.0,1.0,SNNP,Kefa,1053546,947858,947858.0,0.0,0.0,0.0,0.0,947858.0,947858.0,0.0,0.0,0.0,0.0,947858.0,947858.0,0.0,0.0,0.0,0.0,947858.0
2262,2015-07-01,1.0,Ethiopia,SNNP,Konta Special,1.0,1.0,SNNP,Konta Special,119904,107875,107875.0,0.0,0.0,0.0,0.0,107875.0,107875.0,0.0,0.0,0.0,0.0,107875.0,107875.0,0.0,0.0,0.0,0.0,107875.0
2263,2015-07-01,1.0,Ethiopia,Gambela,Mejenger,1.0,1.0,Gambela,Mejenger,81617,73429,73429.0,0.0,0.0,0.0,0.0,73429.0,73429.0,0.0,0.0,0.0,0.0,73429.0,73429.0,0.0,0.0,0.0,0.0,73429.0
2264,2015-07-01,2.0,Ethiopia,Benishangul Gumz,Asosa,2.0,2.0,Benishangul Gumz,Asosa,402287,361931,0.0,361931.0,0.0,0.0,0.0,361931.0,0.0,361931.0,0.0,0.0,0.0,361931.0,0.0,361931.0,0.0,0.0,0.0,361931.0
2265,2015-07-01,2.0,Ethiopia,Dire Dawa,Dire Dawa urban,2.0,2.0,Dire Dawa,Dire Dawa urban,319985,287885,0.0,287885.0,0.0,0.0,0.0,287885.0,0.0,287885.0,0.0,0.0,0.0,287885.0,0.0,287885.0,0.0,0.0,0.0,287885.0
2266,2015-07-01,1.0,Ethiopia,Oromia,Horo Gudru Wellega,1.0,1.0,Oromia,Horo Gudru Wellega,791731,712307,712307.0,0.0,0.0,0.0,0.0,712307.0,712307.0,0.0,0.0,0.0,0.0,712307.0,712307.0,0.0,0.0,0.0,0.0,712307.0
2267,2015-07-01,3.0,Ethiopia,Oromia,Kelem Wellega,2.0,2.0,Oromia,Kelem Wellega,1141498,1026987,0.0,0.0,1026987.0,0.0,0.0,1026987.0,0.0,1026987.0,0.0,0.0,0.0,1026987.0,0.0,1026987.0,0.0,0.0,0.0,1026987.0
2268,2015-07-01,3.0,Ethiopia,Benishangul Gumz,Mao Komo Special,3.0,2.0,Benishangul Gumz,Mao Komo Special,70414,63350,0.0,0.0,63350.0,0.0,0.0,63350.0,0.0,0.0,63350.0,0.0,0.0,63350.0,0.0,63350.0,0.0,0.0,0.0,63350.0
2269,2015-07-01,1.0,Ethiopia,Benishangul Gumz,Metekel,1.0,1.0,Benishangul Gumz,Metekel,479162,431094,431094.0,0.0,0.0,0.0,0.0,431094.0,431094.0,0.0,0.0,0.0,0.0,431094.0,431094.0,0.0,0.0,0.0,0.0,431094.0
2270,2015-07-01,2.0,Ethiopia,Oromia,North Shewa,2.0,1.0,Oromia,North Shewa,1626893,1463689,0.0,1463689.0,0.0,0.0,0.0,1463689.0,0.0,1463689.0,0.0,0.0,0.0,1463689.0,1463689.0,0.0,0.0,0.0,0.0,1463689.0
2271,2015-07-01,1.0,Ethiopia,SNNP,Sheka,1.0,1.0,SNNP,Sheka,274212,246704,246704.0,0.0,0.0,0.0,0.0,246704.0,246704.0,0.0,0.0,0.0,0.0,246704.0,246704.0,0.0,0.0,0.0,0.0,246704.0
2272,2015-07-01,2.0,Ethiopia,Oromia,West Shewa,2.0,1.0,Oromia,West Shewa,2773901,2495634,0.0,2495634.0,0.0,0.0,0.0,2495634.0,0.0,2495634.0,0.0,0.0,0.0,2495634.0,2495634.0,0.0,0.0,0.0,0.0,2495634.0
2273,2015-07-01,1.0,Ethiopia,Amhara,Awi,1.0,1.0,Amhara,Awi,1338704,1204410,1204410.0,0.0,0.0,0.0,0.0,1204410.0,1204410.0,0.0,0.0,0.0,0.0,1204410.0,1204410.0,0.0,0.0,0.0,0.0,1204410.0
2274,2015-07-01,1.0,Ethiopia,Amhara,West Gondar,1.0,1.0,Amhara,West Gondar,381393,343133,343133.0,0.0,0.0,0.0,0.0,343133.0,343133.0,0.0,0.0,0.0,0.0,343133.0,343133.0,0.0,0.0,0.0,0.0,343133.0
2275,2015-10-01,2.0,Ethiopia,Somali,Afder,2.0,2.0,Somali,Afder,654828,589138,0.0,589138.0,0.0,0.0,0.0,589138.0,0.0,589138.0,0.0,0.0,0.0,589138.0,0.0,589138.0,0.0,0.0,0.0,589138.0
2276,2015-10-01,3.0,Ethiopia,SNNP,Alle,3.0,3.0,SNNP,Alle,81190,73045,0.0,0.0,73045.0,0.0,0.0,73045.0,0.0,0.0,73045.0,0.0,0.0,73045.0,0.0,0.0,73045.0,0.0,0.0,73045.0
2277,2015-10-01,3.0,Ethiopia,SNNP,Amaro,3.0,3.0,SNNP,Amaro,195252,175665,0.0,0.0,175665.0,0.0,0.0,175665.0,0.0,0.0,175665.0,0.0,0.0,175665.0,0.0,0.0,175665.0,0.0,0.0,175665.0
2278,2015-10-01,3.0,Ethiopia,Oromia,Arsi,3.0,4.0,Oromia,Arsi,3645492,3279791,0.0,0.0,3279791.0,0.0,0.0,3279791.0,0.0,0.0,3279791.0,0.0,0.0,3279791.0,0.0,0.0,0.0,3279791.0,0.0,3279791.0
2279,2015-10-01,3.0,Ethiopia,Oromia,Bale,3.0,4.0,Oromia,Bale,1887498,1698152,0.0,0.0,1698152.0,0.0,0.0,1698152.0,0.0,0.0,1698152.0,0.0,0.0,1698152.0,0.0,0.0,0.0,1698152.0,0.0,1698152.0
2280,2015-10-01,2.0,Ethiopia,Oromia,Borena,2.0,2.0,Oromia,Borena,545493,490771,0.0,490771.0,0.0,0.0,0.0,490771.0,0.0,490771.0,0.0,0.0,0.0,490771.0,0.0,490771.0,0.0,0.0,0.0,490771.0
2281,2015-10-01,1.0,Ethiopia,Oromia,Buno Bedele,1.0,1.0,Oromia,Buno Bedele,809088,727923,727923.0,0.0,0.0,0.0,0.0,727923.0,727923.0,0.0,0.0,0.0,0.0,727923.0,727923.0,0.0,0.0,0.0,0.0,727923.0
2282,2015-10-01,2.0,Ethiopia,SNNP,Burji,2.0,2.0,SNNP,Burji,71728,64532,0.0,64532.0,0.0,0.0,0.0,64532.0,0.0,64532.0,0.0,0.0,0.0,64532.0,0.0,64532.0,0.0,0.0,0.0,64532.0
2283,2015-10-01,3.0,Ethiopia,Tigray,Central,3.0,3.0,Tigray,Central,1384454,1245571,0.0,0.0,1245571.0,0.0,0.0,1245571.0,0.0,0.0,1245571.0,0.0,0.0,1245571.0,0.0,0.0,1245571.0,0.0,0.0,1245571.0
2284,2015-10-01,3.0,Ethiopia,Amhara,Central Gondar,3.0,3.0,Amhara,Central Gondar,2719899,2447050,0.0,0.0,2447050.0,0.0,0.0,2447050.0,0.0,0.0,2447050.0,0.0,0.0,2447050.0,0.0,0.0,2447050.0,0.0,0.0,2447050.0
2285,2015-10-01,2.0,Ethiopia,Somali,Daawa,2.0,2.0,Somali,Daawa,457130,411272,0.0,411272.0,0.0,0.0,0.0,411272.0,0.0,411272.0,0.0,0.0,0.0,411272.0,0.0,411272.0,0.0,0.0,0.0,411272.0
2286,2015-10-01,3.0,Ethiopia,SNNP,Dawuro,3.0,3.0,SNNP,Dawuro,643931,579334,0.0,0.0,579334.0,0.0,0.0,579334.0,0.0,0.0,579334.0,0.0,0.0,579334.0,0.0,0.0,579334.0,0.0,0.0,579334.0
2287,2015-10-01,3.0,Ethiopia,SNNP,Derashe,3.0,3.0,SNNP,Derashe,107301,96537,0.0,0.0,96537.0,0.0,0.0,96537.0,0.0,0.0,96537.0,0.0,0.0,96537.0,0.0,0.0,96537.0,0.0,0.0,96537.0
2288,2015-10-01,4.0,Ethiopia,Dire Dawa,Dire Dawa rural,4.0,4.0,Dire Dawa,Dire Dawa rural,188933,169980,0.0,0.0,0.0,169980.0,0.0,169980.0,0.0,0.0,0.0,169980.0,0.0,169980.0,0.0,0.0,0.0,169980.0,0.0,169980.0
2289,2015-10-01,3.0,Ethiopia,Amhara,East Gojam,3.0,3.0,Amhara,East Gojam,2672621,2404514,0.0,0.0,2404514.0,0.0,0.0,2404514.0,0.0,0.0,2404514.0,0.0,0.0,2404514.0,0.0,0.0,2404514.0,0.0,0.0,2404514.0
2290,2015-10-01,4.0,Ethiopia,Oromia,East Hararge,4.0,4.0,Oromia,East Hararge,3739861,3364693,0.0,0.0,0.0,3364693.0,0.0,3364693.0,0.0,0.0,0.0,3364693.0,0.0,3364693.0,0.0,0.0,0.0,3364693.0,0.0,3364693.0
2291,2015-10-01,4.0,Ethiopia,Oromia,East Shewa,4.0,4.0,Oromia,East Shewa,2234419,2010271,0.0,0.0,0.0,2010271.0,0.0,2010271.0,0.0,0.0,0.0,2010271.0,0.0,2010271.0,0.0,0.0,0.0,2010271.0,0.0,2010271.0
2292,2015-10-01,1.0,Ethiopia,Oromia,East Wellega,1.0,1.0,Oromia,East Wellega,1693681,1523777,1523777.0,0.0,0.0,0.0,0.0,1523777.0,1523777.0,0.0,0.0,0.0,0.0,1523777.0,1523777.0,0.0,0.0,0.0,0.0,1523777.0
2293,2015-10-01,3.0,Ethiopia,Tigray,Eastern,3.0,3.0,Tigray,Eastern,940053,845750,0.0,0.0,845750.0,0.0,0.0,845750.0,0.0,0.0,845750.0,0.0,0.0,845750.0,0.0,0.0,845750.0,0.0,0.0,845750.0
2294,2015-10-01,3.0,Ethiopia,Somali,Erer,3.0,4.0,Somali,Erer,268901,241925,0.0,0.0,241925.0,0.0,0.0,241925.0,0.0,0.0,241925.0,0.0,0.0,241925.0,0.0,0.0,0.0,241925.0,0.0,241925.0
2295,2015-10-01,4.0,Ethiopia,Somali,Fafan,4.0,4.0,Somali,Fafan,1242707,1118043,0.0,0.0,0.0,1118043.0,0.0,1118043.0,0.0,0.0,0.0,1118043.0,0.0,1118043.0,0.0,0.0,0.0,1118043.0,0.0,1118043.0
2296,2015-10-01,3.0,Ethiopia,SNNP,Gamo,3.0,3.0,SNNP,Gamo,1462777,1316037,0.0,0.0,1316037.0,0.0,0.0,1316037.0,0.0,0.0,1316037.0,0.0,0.0,1316037.0,0.0,0.0,1316037.0,0.0,0.0,1316037.0
2297,2015-10-01,2.0,Ethiopia,SNNP,Gedeo,2.0,2.0,SNNP,Gedeo,1131834,1018293,0.0,1018293.0,0.0,0.0,0.0,1018293.0,0.0,1018293.0,0.0,0.0,0.0,1018293.0,0.0,1018293.0,0.0,0.0,0.0,1018293.0
2298,2015-10-01,3.0,Ethiopia,SNNP,Gofa,3.0,3.0,SNNP,Gofa,623589,561033,0.0,0.0,561033.0,0.0,0.0,561033.0,0.0,0.0,561033.0,0.0,0.0,561033.0,0.0,0.0,561033.0,0.0,0.0,561033.0
2299,2015-10-01,2.0,Ethiopia,Oromia,Guji,2.0,2.0,Oromia,Guji,1482472,1333756,0.0,1333756.0,0.0,0.0,0.0,1333756.0,0.0,1333756.0,0.0,0.0,0.0,1333756.0,0.0,1333756.0,0.0,0.0,0.0,1333756.0
2300,2015-10-01,3.0,Ethiopia,SNNP,Guraghe,3.0,3.0,SNNP,Guraghe,1882107,1693301,0.0,0.0,1693301.0,0.0,0.0,1693301.0,0.0,0.0,1693301.0,0.0,0.0,1693301.0,0.0,0.0,1693301.0,0.0,0.0,1693301.0
2301,2015-10-01,3.0,Ethiopia,SNNP,Hadiya,3.0,3.0,SNNP,Hadiya,1700138,1529587,0.0,0.0,1529587.0,0.0,0.0,1529587.0,0.0,0.0,1529587.0,0.0,0.0,1529587.0,0.0,0.0,1529587.0,0.0,0.0,1529587.0
2302,2015-10-01,3.0,Ethiopia,SNNP,Halaba Special,3.0,3.0,SNNP,Halaba Special,658130,592109,0.0,0.0,592109.0,0.0,0.0,592109.0,0.0,0.0,592109.0,0.0,0.0,592109.0,0.0,0.0,592109.0,0.0,0.0,592109.0
2303,2015-10-01,3.0,Ethiopia,Harari,Harari,3.0,4.0,Harari,Harari,260022,233937,0.0,0.0,233937.0,0.0,0.0,233937.0,0.0,0.0,233937.0,0.0,0.0,233937.0,0.0,0.0,0.0,233937.0,0.0,233937.0
2304,2015-10-01,2.0,Ethiopia,Somali,Jarar,2.0,2.0,Somali,Jarar,641077,576766,0.0,576766.0,0.0,0.0,0.0,576766.0,0.0,576766.0,0.0,0.0,0.0,576766.0,0.0,576766.0,0.0,0.0,0.0,576766.0
2305,2015-10-01,3.0,Ethiopia,Oromia,Jimma,3.0,3.0,Oromia,Jimma,3672640,3304216,0.0,0.0,3304216.0,0.0,0.0,3304216.0,0.0,0.0,3304216.0,0.0,0.0,3304216.0,0.0,0.0,3304216.0,0.0,0.0,3304216.0
2306,2015-10-01,2.0,Ethiopia,Benishangul Gumz,Kemashi,2.0,2.0,Benishangul Gumz,Kemashi,150986,135839,0.0,135839.0,0.0,0.0,0.0,135839.0,0.0,135839.0,0.0,0.0,0.0,135839.0,0.0,135839.0,0.0,0.0,0.0,135839.0
2307,2015-10-01,3.0,Ethiopia,SNNP,Kembata Tibaro,3.0,3.0,SNNP,Kembata Tibaro,911347,819924,0.0,0.0,819924.0,0.0,0.0,819924.0,0.0,0.0,819924.0,0.0,0.0,819924.0,0.0,0.0,819924.0,0.0,0.0,819924.0
2308,2015-10-01,1.0,Ethiopia,SNNP,Konso,1.0,1.0,SNNP,Konso,284360,255834,255834.0,0.0,0.0,0.0,0.0,255834.0,255834.0,0.0,0.0,0.0,0.0,255834.0,255834.0,0.0,0.0,0.0,0.0,255834.0
2309,2015-10-01,2.0,Ethiopia,Somali,Liban,2.0,2.0,Somali,Liban,505190,454511,0.0,454511.0,0.0,0.0,0.0,454511.0,0.0,454511.0,0.0,0.0,0.0,454511.0,0.0,454511.0,0.0,0.0,0.0,454511.0
2310,2015-10-01,3.0,Ethiopia,Tigray,Mekele Special,3.0,3.0,Tigray,Mekele Special,418327,376362,0.0,0.0,376362.0,0.0,0.0,376362.0,0.0,0.0,376362.0,0.0,0.0,376362.0,0.0,0.0,376362.0,0.0,0.0,376362.0
2311,2015-10-01,2.0,Ethiopia,SNNP,Mirab Omo,2.0,3.0,SNNP,Mirab Omo,262515,236180,0.0,236180.0,0.0,0.0,0.0,236180.0,0.0,236180.0,0.0,0.0,0.0,236180.0,0.0,0.0,236180.0,0.0,0.0,236180.0
2312,2015-10-01,2.0,Ethiopia,Somali,Nogob,2.0,2.0,Somali,Nogob,217220,195429,0.0,195429.0,0.0,0.0,0.0,195429.0,0.0,195429.0,0.0,0.0,0.0,195429.0,0.0,195429.0,0.0,0.0,0.0,195429.0
2313,2015-10-01,3.0,Ethiopia,Amhara,North Gondar,3.0,3.0,Amhara,North Gondar,889977,800698,0.0,0.0,800698.0,0.0,0.0,800698.0,0.0,0.0,800698.0,0.0,0.0,800698.0,0.0,0.0,800698.0,0.0,0.0,800698.0
2314,2015-10-01,4.0,Ethiopia,Amhara,North Shewa,4.0,4.0,Amhara,North Shewa,2293091,2063057,0.0,0.0,0.0,2063057.0,0.0,2063057.0,0.0,0.0,0.0,2063057.0,0.0,2063057.0,0.0,0.0,0.0,2063057.0,0.0,2063057.0
2315,2015-10-01,3.0,Ethiopia,Amhara,North Wello,3.0,3.0,Amhara,North Wello,1740337,1565753,0.0,0.0,1565753.0,0.0,0.0,1565753.0,0.0,0.0,1565753.0,0.0,0.0,1565753.0,0.0,0.0,1565753.0,0.0,0.0,1565753.0
2316,2015-10-01,3.0,Ethiopia,Tigray,North Western,3.0,3.0,Tigray,North Western,893262,803653,0.0,0.0,803653.0,0.0,0.0,803653.0,0.0,0.0,803653.0,0.0,0.0,803653.0,0.0,0.0,803653.0,0.0,0.0,803653.0
2317,2015-10-01,3.0,Ethiopia,Gambela,Nuwer,3.0,3.0,Gambela,Nuwer,166901,150158,0.0,0.0,150158.0,0.0,0.0,150158.0,0.0,0.0,150158.0,0.0,0.0,150158.0,0.0,0.0,150158.0,0.0,0.0,150158.0
2318,2015-10-01,3.0,Ethiopia,Amhara,Oromia,3.0,3.0,Amhara,Oromia,569808,512647,0.0,0.0,512647.0,0.0,0.0,512647.0,0.0,0.0,512647.0,0.0,0.0,512647.0,0.0,0.0,512647.0,0.0,0.0,512647.0
2319,2015-10-01,3.0,Ethiopia,Somali,Shabelle,3.0,2.0,Somali,Shabelle,647430,582482,0.0,0.0,582482.0,0.0,0.0,582482.0,0.0,0.0,582482.0,0.0,0.0,582482.0,0.0,582482.0,0.0,0.0,0.0,582482.0
2320,2015-10-01,3.0,Ethiopia,SNNP,Sidama,3.0,3.0,SNNP,Sidama,4212331,3789767,0.0,0.0,3789767.0,0.0,0.0,3789767.0,0.0,0.0,3789767.0,0.0,0.0,3789767.0,0.0,0.0,3789767.0,0.0,0.0,3789767.0
2321,2015-10-01,3.0,Ethiopia,SNNP,Siltie,3.0,3.0,SNNP,Siltie,1051444,945967,0.0,0.0,945967.0,0.0,0.0,945967.0,0.0,0.0,945967.0,0.0,0.0,945967.0,0.0,0.0,945967.0,0.0,0.0,945967.0
2322,2015-10-01,4.0,Ethiopia,Somali,Siti,4.0,4.0,Somali,Siti,644214,579589,0.0,0.0,0.0,579589.0,0.0,579589.0,0.0,0.0,0.0,579589.0,0.0,579589.0,0.0,0.0,0.0,579589.0,0.0,579589.0
2323,2015-10-01,3.0,Ethiopia,Tigray,South Eastern,3.0,3.0,Tigray,South Eastern,528199,475212,0.0,0.0,475212.0,0.0,0.0,475212.0,0.0,0.0,475212.0,0.0,0.0,475212.0,0.0,0.0,475212.0,0.0,0.0,475212.0
2324,2015-10-01,3.0,Ethiopia,Amhara,South Gondar,3.0,3.0,Amhara,South Gondar,2526963,2273468,0.0,0.0,2273468.0,0.0,0.0,2273468.0,0.0,0.0,2273468.0,0.0,0.0,2273468.0,0.0,0.0,2273468.0,0.0,0.0,2273468.0
2325,2015-10-01,3.0,Ethiopia,SNNP,South Omo,3.0,3.0,SNNP,South Omo,754134,678482,0.0,0.0,678482.0,0.0,0.0,678482.0,0.0,0.0,678482.0,0.0,0.0,678482.0,0.0,0.0,678482.0,0.0,0.0,678482.0
2326,2015-10-01,3.0,Ethiopia,Amhara,South Wello,3.0,3.0,Amhara,South Wello,3246827,2921118,0.0,0.0,2921118.0,0.0,0.0,2921118.0,0.0,0.0,2921118.0,0.0,0.0,2921118.0,0.0,0.0,2921118.0,0.0,0.0,2921118.0
2327,2015-10-01,3.0,Ethiopia,Oromia,South West Shewa,3.0,3.0,Oromia,South West Shewa,1264234,1137411,0.0,0.0,1137411.0,0.0,0.0,1137411.0,0.0,0.0,1137411.0,0.0,0.0,1137411.0,0.0,0.0,1137411.0,0.0,0.0,1137411.0
2328,2015-10-01,3.0,Ethiopia,Tigray,Southern,3.0,3.0,Tigray,Southern,752344,676871,0.0,0.0,676871.0,0.0,0.0,676871.0,0.0,0.0,676871.0,0.0,0.0,676871.0,0.0,0.0,676871.0,0.0,0.0,676871.0
2329,2015-10-01,3.0,Ethiopia,Amhara,Wag Hamra,3.0,3.0,Amhara,Wag Hamra,516457,464648,0.0,0.0,464648.0,0.0,0.0,464648.0,0.0,0.0,464648.0,0.0,0.0,464648.0,0.0,0.0,464648.0,0.0,0.0,464648.0
2330,2015-10-01,3.0,Ethiopia,Oromia,West Arsi,3.0,3.0,Oromia,West Arsi,2868933,2581133,0.0,0.0,2581133.0,0.0,0.0,2581133.0,0.0,0.0,2581133.0,0.0,0.0,2581133.0,0.0,0.0,2581133.0,0.0,0.0,2581133.0
2331,2015-10-01,3.0,Ethiopia,Oromia,West Guji,3.0,3.0,Oromia,West Guji,1223292,1100576,0.0,0.0,1100576.0,0.0,0.0,1100576.0,0.0,0.0,1100576.0,0.0,0.0,1100576.0,0.0,0.0,1100576.0,0.0,0.0,1100576.0
2332,2015-10-01,4.0,Ethiopia,Oromia,West Hararge,4.0,4.0,Oromia,West Hararge,2568661,2310983,0.0,0.0,0.0,2310983.0,0.0,2310983.0,0.0,0.0,0.0,2310983.0,0.0,2310983.0,0.0,0.0,0.0,2310983.0,0.0,2310983.0
2333,2015-10-01,1.0,Ethiopia,Oromia,West Wellega,1.0,1.0,Oromia,West Wellega,1880222,1691605,1691605.0,0.0,0.0,0.0,0.0,1691605.0,1691605.0,0.0,0.0,0.0,0.0,1691605.0,1691605.0,0.0,0.0,0.0,0.0,1691605.0
2334,2015-10-01,2.0,Ethiopia,Tigray,Western,2.0,2.0,Tigray,Western,440553,396358,0.0,396358.0,0.0,0.0,0.0,396358.0,0.0,396358.0,0.0,0.0,0.0,396358.0,0.0,396358.0,0.0,0.0,0.0,396358.0
2335,2015-10-01,3.0,Ethiopia,SNNP,Wolayita,3.0,3.0,SNNP,Wolayita,1999292,1798731,0.0,0.0,1798731.0,0.0,0.0,1798731.0,0.0,0.0,1798731.0,0.0,0.0,1798731.0,0.0,0.0,1798731.0,0.0,0.0,1798731.0
2336,2015-10-01,3.0,Ethiopia,SNNP,Yem Special,3.0,3.0,SNNP,Yem Special,102526,92241,0.0,0.0,92241.0,0.0,0.0,92241.0,0.0,0.0,92241.0,0.0,0.0,92241.0,0.0,0.0,92241.0,0.0,0.0,92241.0
2337,2015-10-01,4.0,Ethiopia,Afar,Zone 1 (Awsi Rasu),4.0,4.0,Afar,Zone 1 (Awsi Rasu),643036,578529,0.0,0.0,0.0,578529.0,0.0,578529.0,0.0,0.0,0.0,578529.0,0.0,578529.0,0.0,0.0,0.0,578529.0,0.0,578529.0
2338,2015-10-01,3.0,Ethiopia,Afar,Zone 2 (Kilbet Rasu),3.0,3.0,Afar,Zone 2 (Kilbet Rasu),493764,444231,0.0,0.0,444231.0,0.0,0.0,444231.0,0.0,0.0,444231.0,0.0,0.0,444231.0,0.0,0.0,444231.0,0.0,0.0,444231.0
2339,2015-10-01,4.0,Ethiopia,Afar,Zone 3 (Gabi Rasu),4.0,4.0,Afar,Zone 3 (Gabi Rasu),281357,253132,0.0,0.0,0.0,253132.0,0.0,253132.0,0.0,0.0,0.0,253132.0,0.0,253132.0,0.0,0.0,0.0,253132.0,0.0,253132.0
2340,2015-10-01,3.0,Ethiopia,Afar,Zone 4 (Fantana Rasu),3.0,3.0,Afar,Zone 4 (Fantana Rasu),276855,249082,0.0,0.0,249082.0,0.0,0.0,249082.0,0.0,0.0,249082.0,0.0,0.0,249082.0,0.0,0.0,249082.0,0.0,0.0,249082.0
2341,2015-10-01,4.0,Ethiopia,Afar,Zone 5 (Hari Rasu),4.0,4.0,Afar,Zone 5 (Hari Rasu),209402,188395,0.0,0.0,0.0,188395.0,0.0,188395.0,0.0,0.0,0.0,188395.0,0.0,188395.0,0.0,0.0,0.0,188395.0,0.0,188395.0
2342,2015-10-01,2.0,Ethiopia,Gambela,Agnewak,2.0,3.0,Gambela,Agnewak,164054,147596,0.0,147596.0,0.0,0.0,0.0,147596.0,0.0,147596.0,0.0,0.0,0.0,147596.0,0.0,0.0,147596.0,0.0,0.0,147596.0
2343,2015-10-01,2.0,Ethiopia,Somali,Doolo,2.0,2.0,Somali,Doolo,425824,383107,0.0,383107.0,0.0,0.0,0.0,383107.0,0.0,383107.0,0.0,0.0,0.0,383107.0,0.0,383107.0,0.0,0.0,0.0,383107.0
2344,2015-10-01,2.0,Ethiopia,Somali,Korahe,3.0,2.0,Somali,Korahe,511890,460539,0.0,460539.0,0.0,0.0,0.0,460539.0,0.0,0.0,460539.0,0.0,0.0,460539.0,0.0,460539.0,0.0,0.0,0.0,460539.0
2345,2015-10-01,2.0,Ethiopia,Oromia,Finfine Special,2.0,2.0,Oromia,Finfine Special,1040106,935766,0.0,935766.0,0.0,0.0,0.0,935766.0,0.0,935766.0,0.0,0.0,0.0,935766.0,0.0,935766.0,0.0,0.0,0.0,935766.0
2346,2015-10-01,1.0,Ethiopia,Addis Ababa,Region 14,1.0,1.0,Addis Ababa,Region 14,3585647,3225949,3225949.0,0.0,0.0,0.0,0.0,3225949.0,3225949.0,0.0,0.0,0.0,0.0,3225949.0,3225949.0,0.0,0.0,0.0,0.0,3225949.0
2347,2015-10-01,2.0,Ethiopia,Amhara,West Gojam,2.0,3.0,Amhara,West Gojam,2894095,2603771,0.0,2603771.0,0.0,0.0,0.0,2603771.0,0.0,2603771.0,0.0,0.0,0.0,2603771.0,0.0,0.0,2603771.0,0.0,0.0,2603771.0
2348,2015-10-01,1.0,Ethiopia,SNNP,Basketo,1.0,1.0,SNNP,Basketo,75512,67936,67936.0,0.0,0.0,0.0,0.0,67936.0,67936.0,0.0,0.0,0.0,0.0,67936.0,67936.0,0.0,0.0,0.0,0.0,67936.0
2349,2015-10-01,1.0,Ethiopia,SNNP,Bench Maji,1.0,1.0,SNNP,Bench Maji,603595,543044,543044.0,0.0,0.0,0.0,0.0,543044.0,543044.0,0.0,0.0,0.0,0.0,543044.0,543044.0,0.0,0.0,0.0,0.0,543044.0
2350,2015-10-01,2.0,Ethiopia,Gambela,Etang Special woreda,2.0,3.0,Gambela,Etang Special woreda,50260,45218,0.0,45218.0,0.0,0.0,0.0,45218.0,0.0,45218.0,0.0,0.0,0.0,45218.0,0.0,0.0,45218.0,0.0,0.0,45218.0
2351,2015-10-01,1.0,Ethiopia,Oromia,Ilu Aba Bora,1.0,1.0,Oromia,Ilu Aba Bora,953178,857559,857559.0,0.0,0.0,0.0,0.0,857559.0,857559.0,0.0,0.0,0.0,0.0,857559.0,857559.0,0.0,0.0,0.0,0.0,857559.0
2352,2015-10-01,1.0,Ethiopia,SNNP,Kefa,1.0,1.0,SNNP,Kefa,1053546,947858,947858.0,0.0,0.0,0.0,0.0,947858.0,947858.0,0.0,0.0,0.0,0.0,947858.0,947858.0,0.0,0.0,0.0,0.0,947858.0
2353,2015-10-01,1.0,Ethiopia,SNNP,Konta Special,1.0,1.0,SNNP,Konta Special,119904,107875,107875.0,0.0,0.0,0.0,0.0,107875.0,107875.0,0.0,0.0,0.0,0.0,107875.0,107875.0,0.0,0.0,0.0,0.0,107875.0
2354,2015-10-01,1.0,Ethiopia,Gambela,Mejenger,1.0,1.0,Gambela,Mejenger,81617,73429,73429.0,0.0,0.0,0.0,0.0,73429.0,73429.0,0.0,0.0,0.0,0.0,73429.0,73429.0,0.0,0.0,0.0,0.0,73429.0
2355,2015-10-01,2.0,Ethiopia,Benishangul Gumz,Asosa,2.0,2.0,Benishangul Gumz,Asosa,402287,361931,0.0,361931.0,0.0,0.0,0.0,361931.0,0.0,361931.0,0.0,0.0,0.0,361931.0,0.0,361931.0,0.0,0.0,0.0,361931.0
2356,2015-10-01,3.0,Ethiopia,Dire Dawa,Dire Dawa urban,3.0,3.0,Dire Dawa,Dire Dawa urban,319985,287885,0.0,0.0,287885.0,0.0,0.0,287885.0,0.0,0.0,287885.0,0.0,0.0,287885.0,0.0,0.0,287885.0,0.0,0.0,287885.0
2357,2015-10-01,1.0,Ethiopia,Oromia,Horo Gudru Wellega,1.0,1.0,Oromia,Horo Gudru Wellega,791731,712307,712307.0,0.0,0.0,0.0,0.0,712307.0,712307.0,0.0,0.0,0.0,0.0,712307.0,712307.0,0.0,0.0,0.0,0.0,712307.0
2358,2015-10-01,2.0,Ethiopia,Oromia,Kelem Wellega,2.0,3.0,Oromia,Kelem Wellega,1141498,1026987,0.0,1026987.0,0.0,0.0,0.0,1026987.0,0.0,1026987.0,0.0,0.0,0.0,1026987.0,0.0,0.0,1026987.0,0.0,0.0,1026987.0
2359,2015-10-01,2.0,Ethiopia,Benishangul Gumz,Mao Komo Special,2.0,3.0,Benishangul Gumz,Mao Komo Special,70414,63350,0.0,63350.0,0.0,0.0,0.0,63350.0,0.0,63350.0,0.0,0.0,0.0,63350.0,0.0,0.0,63350.0,0.0,0.0,63350.0
2360,2015-10-01,1.0,Ethiopia,Benishangul Gumz,Metekel,1.0,1.0,Benishangul Gumz,Metekel,479162,431094,431094.0,0.0,0.0,0.0,0.0,431094.0,431094.0,0.0,0.0,0.0,0.0,431094.0,431094.0,0.0,0.0,0.0,0.0,431094.0
2361,2015-10-01,2.0,Ethiopia,Oromia,North Shewa,2.0,2.0,Oromia,North Shewa,1626893,1463689,0.0,1463689.0,0.0,0.0,0.0,1463689.0,0.0,1463689.0,0.0,0.0,0.0,1463689.0,0.0,1463689.0,0.0,0.0,0.0,1463689.0
2362,2015-10-01,1.0,Ethiopia,SNNP,Sheka,1.0,1.0,SNNP,Sheka,274212,246704,246704.0,0.0,0.0,0.0,0.0,246704.0,246704.0,0.0,0.0,0.0,0.0,246704.0,246704.0,0.0,0.0,0.0,0.0,246704.0
2363,2015-10-01,2.0,Ethiopia,Oromia,West Shewa,2.0,2.0,Oromia,West Shewa,2773901,2495634,0.0,2495634.0,0.0,0.0,0.0,2495634.0,0.0,2495634.0,0.0,0.0,0.0,2495634.0,0.0,2495634.0,0.0,0.0,0.0,2495634.0
2364,2015-10-01,1.0,Ethiopia,Amhara,Awi,1.0,1.0,Amhara,Awi,1338704,1204410,1204410.0,0.0,0.0,0.0,0.0,1204410.0,1204410.0,0.0,0.0,0.0,0.0,1204410.0,1204410.0,0.0,0.0,0.0,0.0,1204410.0
2365,2015-10-01,1.0,Ethiopia,Amhara,West Gondar,1.0,1.0,Amhara,West Gondar,381393,343133,343133.0,0.0,0.0,0.0,0.0,343133.0,343133.0,0.0,0.0,0.0,0.0,343133.0,343133.0,0.0,0.0,0.0,0.0,343133.0
2366,2016-02-01,3.0,Ethiopia,Somali,Afder,3.0,2.0,Somali,Afder,654828,605310,0.0,0.0,605310.0,0.0,0.0,605310.0,0.0,0.0,605310.0,0.0,0.0,605310.0,0.0,605310.0,0.0,0.0,0.0,605310.0
2367,2016-02-01,3.0,Ethiopia,SNNP,Alle,3.0,2.0,SNNP,Alle,81190,75050,0.0,0.0,75050.0,0.0,0.0,75050.0,0.0,0.0,75050.0,0.0,0.0,75050.0,0.0,75050.0,0.0,0.0,0.0,75050.0
2368,2016-02-01,3.0,Ethiopia,SNNP,Amaro,3.0,2.0,SNNP,Amaro,195252,180487,0.0,0.0,180487.0,0.0,0.0,180487.0,0.0,0.0,180487.0,0.0,0.0,180487.0,0.0,180487.0,0.0,0.0,0.0,180487.0
2369,2016-02-01,4.0,Ethiopia,Oromia,Arsi,4.0,4.0,Oromia,Arsi,3645492,3369825,0.0,0.0,0.0,3369825.0,0.0,3369825.0,0.0,0.0,0.0,3369825.0,0.0,3369825.0,0.0,0.0,0.0,3369825.0,0.0,3369825.0
2370,2016-02-01,4.0,Ethiopia,Oromia,Bale,4.0,4.0,Oromia,Bale,1887498,1744768,0.0,0.0,0.0,1744768.0,0.0,1744768.0,0.0,0.0,0.0,1744768.0,0.0,1744768.0,0.0,0.0,0.0,1744768.0,0.0,1744768.0
2371,2016-02-01,2.0,Ethiopia,Oromia,Borena,2.0,2.0,Oromia,Borena,545493,504243,0.0,504243.0,0.0,0.0,0.0,504243.0,0.0,504243.0,0.0,0.0,0.0,504243.0,0.0,504243.0,0.0,0.0,0.0,504243.0
2372,2016-02-01,1.0,Ethiopia,Oromia,Buno Bedele,1.0,1.0,Oromia,Buno Bedele,809088,747905,747905.0,0.0,0.0,0.0,0.0,747905.0,747905.0,0.0,0.0,0.0,0.0,747905.0,747905.0,0.0,0.0,0.0,0.0,747905.0
2373,2016-02-01,2.0,Ethiopia,SNNP,Burji,2.0,2.0,SNNP,Burji,71728,66304,0.0,66304.0,0.0,0.0,0.0,66304.0,0.0,66304.0,0.0,0.0,0.0,66304.0,0.0,66304.0,0.0,0.0,0.0,66304.0
2374,2016-02-01,3.0,Ethiopia,Tigray,Central,4.0,4.0,Tigray,Central,1384454,1279763,0.0,0.0,1279763.0,0.0,0.0,1279763.0,0.0,0.0,0.0,1279763.0,0.0,1279763.0,0.0,0.0,0.0,1279763.0,0.0,1279763.0
2375,2016-02-01,4.0,Ethiopia,Amhara,Central Gondar,4.0,4.0,Amhara,Central Gondar,2719899,2514224,0.0,0.0,0.0,2514224.0,0.0,2514224.0,0.0,0.0,0.0,2514224.0,0.0,2514224.0,0.0,0.0,0.0,2514224.0,0.0,2514224.0
2376,2016-02-01,2.0,Ethiopia,Somali,Daawa,2.0,2.0,Somali,Daawa,457130,422562,0.0,422562.0,0.0,0.0,0.0,422562.0,0.0,422562.0,0.0,0.0,0.0,422562.0,0.0,422562.0,0.0,0.0,0.0,422562.0
2377,2016-02-01,3.0,Ethiopia,SNNP,Dawuro,3.0,2.0,SNNP,Dawuro,643931,595237,0.0,0.0,595237.0,0.0,0.0,595237.0,0.0,0.0,595237.0,0.0,0.0,595237.0,0.0,595237.0,0.0,0.0,0.0,595237.0
2378,2016-02-01,3.0,Ethiopia,SNNP,Derashe,3.0,2.0,SNNP,Derashe,107301,99187,0.0,0.0,99187.0,0.0,0.0,99187.0,0.0,0.0,99187.0,0.0,0.0,99187.0,0.0,99187.0,0.0,0.0,0.0,99187.0
2379,2016-02-01,4.0,Ethiopia,Dire Dawa,Dire Dawa rural,4.0,4.0,Dire Dawa,Dire Dawa rural,188933,174646,0.0,0.0,0.0,174646.0,0.0,174646.0,0.0,0.0,0.0,174646.0,0.0,174646.0,0.0,0.0,0.0,174646.0,0.0,174646.0
2380,2016-02-01,3.0,Ethiopia,Amhara,East Gojam,3.0,3.0,Amhara,East Gojam,2672621,2470521,0.0,0.0,2470521.0,0.0,0.0,2470521.0,0.0,0.0,2470521.0,0.0,0.0,2470521.0,0.0,0.0,2470521.0,0.0,0.0,2470521.0
2381,2016-02-01,4.0,Ethiopia,Oromia,East Hararge,4.0,4.0,Oromia,East Hararge,3739861,3457058,0.0,0.0,0.0,3457058.0,0.0,3457058.0,0.0,0.0,0.0,3457058.0,0.0,3457058.0,0.0,0.0,0.0,3457058.0,0.0,3457058.0
2382,2016-02-01,4.0,Ethiopia,Oromia,East Shewa,4.0,4.0,Oromia,East Shewa,2234419,2065455,0.0,0.0,0.0,2065455.0,0.0,2065455.0,0.0,0.0,0.0,2065455.0,0.0,2065455.0,0.0,0.0,0.0,2065455.0,0.0,2065455.0
2383,2016-02-01,1.0,Ethiopia,Oromia,East Wellega,1.0,1.0,Oromia,East Wellega,1693681,1565607,1565607.0,0.0,0.0,0.0,0.0,1565607.0,1565607.0,0.0,0.0,0.0,0.0,1565607.0,1565607.0,0.0,0.0,0.0,0.0,1565607.0
2384,2016-02-01,3.0,Ethiopia,Tigray,Eastern,3.0,3.0,Tigray,Eastern,940053,868967,0.0,0.0,868967.0,0.0,0.0,868967.0,0.0,0.0,868967.0,0.0,0.0,868967.0,0.0,0.0,868967.0,0.0,0.0,868967.0
2385,2016-02-01,4.0,Ethiopia,Somali,Erer,4.0,4.0,Somali,Erer,268901,248567,0.0,0.0,0.0,248567.0,0.0,248567.0,0.0,0.0,0.0,248567.0,0.0,248567.0,0.0,0.0,0.0,248567.0,0.0,248567.0
2386,2016-02-01,4.0,Ethiopia,Somali,Fafan,4.0,4.0,Somali,Fafan,1242707,1148735,0.0,0.0,0.0,1148735.0,0.0,1148735.0,0.0,0.0,0.0,1148735.0,0.0,1148735.0,0.0,0.0,0.0,1148735.0,0.0,1148735.0
2387,2016-02-01,3.0,Ethiopia,SNNP,Gamo,3.0,2.0,SNNP,Gamo,1462777,1352163,0.0,0.0,1352163.0,0.0,0.0,1352163.0,0.0,0.0,1352163.0,0.0,0.0,1352163.0,0.0,1352163.0,0.0,0.0,0.0,1352163.0
2388,2016-02-01,2.0,Ethiopia,SNNP,Gedeo,2.0,2.0,SNNP,Gedeo,1131834,1046246,0.0,1046246.0,0.0,0.0,0.0,1046246.0,0.0,1046246.0,0.0,0.0,0.0,1046246.0,0.0,1046246.0,0.0,0.0,0.0,1046246.0
2389,2016-02-01,3.0,Ethiopia,SNNP,Gofa,3.0,2.0,SNNP,Gofa,623589,576434,0.0,0.0,576434.0,0.0,0.0,576434.0,0.0,0.0,576434.0,0.0,0.0,576434.0,0.0,576434.0,0.0,0.0,0.0,576434.0
2390,2016-02-01,3.0,Ethiopia,Oromia,Guji,3.0,3.0,Oromia,Guji,1482472,1370369,0.0,0.0,1370369.0,0.0,0.0,1370369.0,0.0,0.0,1370369.0,0.0,0.0,1370369.0,0.0,0.0,1370369.0,0.0,0.0,1370369.0
2391,2016-02-01,3.0,Ethiopia,SNNP,Guraghe,3.0,3.0,SNNP,Guraghe,1882107,1739784,0.0,0.0,1739784.0,0.0,0.0,1739784.0,0.0,0.0,1739784.0,0.0,0.0,1739784.0,0.0,0.0,1739784.0,0.0,0.0,1739784.0
2392,2016-02-01,3.0,Ethiopia,SNNP,Hadiya,3.0,4.0,SNNP,Hadiya,1700138,1571576,0.0,0.0,1571576.0,0.0,0.0,1571576.0,0.0,0.0,1571576.0,0.0,0.0,1571576.0,0.0,0.0,0.0,1571576.0,0.0,1571576.0
2393,2016-02-01,3.0,Ethiopia,SNNP,Halaba Special,3.0,4.0,SNNP,Halaba Special,658130,608363,0.0,0.0,608363.0,0.0,0.0,608363.0,0.0,0.0,608363.0,0.0,0.0,608363.0,0.0,0.0,0.0,608363.0,0.0,608363.0
2394,2016-02-01,4.0,Ethiopia,Harari,Harari,4.0,4.0,Harari,Harari,260022,240359,0.0,0.0,0.0,240359.0,0.0,240359.0,0.0,0.0,0.0,240359.0,0.0,240359.0,0.0,0.0,0.0,240359.0,0.0,240359.0
2395,2016-02-01,2.0,Ethiopia,Somali,Jarar,2.0,2.0,Somali,Jarar,641077,592599,0.0,592599.0,0.0,0.0,0.0,592599.0,0.0,592599.0,0.0,0.0,0.0,592599.0,0.0,592599.0,0.0,0.0,0.0,592599.0
2396,2016-02-01,3.0,Ethiopia,Oromia,Jimma,3.0,2.0,Oromia,Jimma,3672640,3394920,0.0,0.0,3394920.0,0.0,0.0,3394920.0,0.0,0.0,3394920.0,0.0,0.0,3394920.0,0.0,3394920.0,0.0,0.0,0.0,3394920.0
2397,2016-02-01,2.0,Ethiopia,Benishangul Gumz,Kemashi,2.0,2.0,Benishangul Gumz,Kemashi,150986,139568,0.0,139568.0,0.0,0.0,0.0,139568.0,0.0,139568.0,0.0,0.0,0.0,139568.0,0.0,139568.0,0.0,0.0,0.0,139568.0
2398,2016-02-01,3.0,Ethiopia,SNNP,Kembata Tibaro,3.0,3.0,SNNP,Kembata Tibaro,911347,842432,0.0,0.0,842432.0,0.0,0.0,842432.0,0.0,0.0,842432.0,0.0,0.0,842432.0,0.0,0.0,842432.0,0.0,0.0,842432.0
2399,2016-02-01,1.0,Ethiopia,SNNP,Konso,1.0,1.0,SNNP,Konso,284360,262857,262857.0,0.0,0.0,0.0,0.0,262857.0,262857.0,0.0,0.0,0.0,0.0,262857.0,262857.0,0.0,0.0,0.0,0.0,262857.0
2400,2016-02-01,2.0,Ethiopia,Somali,Liban,2.0,2.0,Somali,Liban,505190,466988,0.0,466988.0,0.0,0.0,0.0,466988.0,0.0,466988.0,0.0,0.0,0.0,466988.0,0.0,466988.0,0.0,0.0,0.0,466988.0
2401,2016-02-01,2.0,Ethiopia,Tigray,Mekele Special,2.0,3.0,Tigray,Mekele Special,418327,386693,0.0,386693.0,0.0,0.0,0.0,386693.0,0.0,386693.0,0.0,0.0,0.0,386693.0,0.0,0.0,386693.0,0.0,0.0,386693.0
2402,2016-02-01,2.0,Ethiopia,SNNP,Mirab Omo,3.0,2.0,SNNP,Mirab Omo,262515,242664,0.0,242664.0,0.0,0.0,0.0,242664.0,0.0,0.0,242664.0,0.0,0.0,242664.0,0.0,242664.0,0.0,0.0,0.0,242664.0
2403,2016-02-01,3.0,Ethiopia,Somali,Nogob,3.0,2.0,Somali,Nogob,217220,200794,0.0,0.0,200794.0,0.0,0.0,200794.0,0.0,0.0,200794.0,0.0,0.0,200794.0,0.0,200794.0,0.0,0.0,0.0,200794.0
2404,2016-02-01,4.0,Ethiopia,Amhara,North Gondar,4.0,4.0,Amhara,North Gondar,889977,822678,0.0,0.0,0.0,822678.0,0.0,822678.0,0.0,0.0,0.0,822678.0,0.0,822678.0,0.0,0.0,0.0,822678.0,0.0,822678.0
2405,2016-02-01,4.0,Ethiopia,Amhara,North Shewa,4.0,4.0,Amhara,North Shewa,2293091,2119690,0.0,0.0,0.0,2119690.0,0.0,2119690.0,0.0,0.0,0.0,2119690.0,0.0,2119690.0,0.0,0.0,0.0,2119690.0,0.0,2119690.0
2406,2016-02-01,4.0,Ethiopia,Amhara,North Wello,4.0,4.0,Amhara,North Wello,1740337,1608735,0.0,0.0,0.0,1608735.0,0.0,1608735.0,0.0,0.0,0.0,1608735.0,0.0,1608735.0,0.0,0.0,0.0,1608735.0,0.0,1608735.0
2407,2016-02-01,3.0,Ethiopia,Tigray,North Western,3.0,4.0,Tigray,North Western,893262,825714,0.0,0.0,825714.0,0.0,0.0,825714.0,0.0,0.0,825714.0,0.0,0.0,825714.0,0.0,0.0,0.0,825714.0,0.0,825714.0
2408,2016-02-01,3.0,Ethiopia,Gambela,Nuwer,3.0,4.0,Gambela,Nuwer,166901,154280,0.0,0.0,154280.0,0.0,0.0,154280.0,0.0,0.0,154280.0,0.0,0.0,154280.0,0.0,0.0,0.0,154280.0,0.0,154280.0
2409,2016-02-01,3.0,Ethiopia,Amhara,Oromia,3.0,4.0,Amhara,Oromia,569808,526719,0.0,0.0,526719.0,0.0,0.0,526719.0,0.0,0.0,526719.0,0.0,0.0,526719.0,0.0,0.0,0.0,526719.0,0.0,526719.0
2410,2016-02-01,3.0,Ethiopia,Somali,Shabelle,3.0,2.0,Somali,Shabelle,647430,598472,0.0,0.0,598472.0,0.0,0.0,598472.0,0.0,0.0,598472.0,0.0,0.0,598472.0,0.0,598472.0,0.0,0.0,0.0,598472.0
2411,2016-02-01,3.0,Ethiopia,SNNP,Sidama,3.0,4.0,SNNP,Sidama,4212331,3893800,0.0,0.0,3893800.0,0.0,0.0,3893800.0,0.0,0.0,3893800.0,0.0,0.0,3893800.0,0.0,0.0,0.0,3893800.0,0.0,3893800.0
2412,2016-02-01,3.0,Ethiopia,SNNP,Siltie,3.0,3.0,SNNP,Siltie,1051444,971935,0.0,0.0,971935.0,0.0,0.0,971935.0,0.0,0.0,971935.0,0.0,0.0,971935.0,0.0,0.0,971935.0,0.0,0.0,971935.0
2413,2016-02-01,4.0,Ethiopia,Somali,Siti,4.0,4.0,Somali,Siti,644214,595499,0.0,0.0,0.0,595499.0,0.0,595499.0,0.0,0.0,0.0,595499.0,0.0,595499.0,0.0,0.0,0.0,595499.0,0.0,595499.0
2414,2016-02-01,3.0,Ethiopia,Tigray,South Eastern,4.0,4.0,Tigray,South Eastern,528199,488257,0.0,0.0,488257.0,0.0,0.0,488257.0,0.0,0.0,0.0,488257.0,0.0,488257.0,0.0,0.0,0.0,488257.0,0.0,488257.0
2415,2016-02-01,3.0,Ethiopia,Amhara,South Gondar,3.0,3.0,Amhara,South Gondar,2526963,2335877,0.0,0.0,2335877.0,0.0,0.0,2335877.0,0.0,0.0,2335877.0,0.0,0.0,2335877.0,0.0,0.0,2335877.0,0.0,0.0,2335877.0
2416,2016-02-01,3.0,Ethiopia,SNNP,South Omo,3.0,2.0,SNNP,South Omo,754134,697107,0.0,0.0,697107.0,0.0,0.0,697107.0,0.0,0.0,697107.0,0.0,0.0,697107.0,0.0,697107.0,0.0,0.0,0.0,697107.0
2417,2016-02-01,4.0,Ethiopia,Amhara,South Wello,4.0,4.0,Amhara,South Wello,3246827,3001306,0.0,0.0,0.0,3001306.0,0.0,3001306.0,0.0,0.0,0.0,3001306.0,0.0,3001306.0,0.0,0.0,0.0,3001306.0,0.0,3001306.0
2418,2016-02-01,3.0,Ethiopia,Oromia,South West Shewa,3.0,3.0,Oromia,South West Shewa,1264234,1168634,0.0,0.0,1168634.0,0.0,0.0,1168634.0,0.0,0.0,1168634.0,0.0,0.0,1168634.0,0.0,0.0,1168634.0,0.0,0.0,1168634.0
2419,2016-02-01,3.0,Ethiopia,Tigray,Southern,4.0,4.0,Tigray,Southern,752344,695452,0.0,0.0,695452.0,0.0,0.0,695452.0,0.0,0.0,0.0,695452.0,0.0,695452.0,0.0,0.0,0.0,695452.0,0.0,695452.0
2420,2016-02-01,4.0,Ethiopia,Amhara,Wag Hamra,4.0,4.0,Amhara,Wag Hamra,516457,477403,0.0,0.0,0.0,477403.0,0.0,477403.0,0.0,0.0,0.0,477403.0,0.0,477403.0,0.0,0.0,0.0,477403.0,0.0,477403.0
2421,2016-02-01,3.0,Ethiopia,Oromia,West Arsi,3.0,4.0,Oromia,West Arsi,2868933,2651988,0.0,0.0,2651988.0,0.0,0.0,2651988.0,0.0,0.0,2651988.0,0.0,0.0,2651988.0,0.0,0.0,0.0,2651988.0,0.0,2651988.0
2422,2016-02-01,3.0,Ethiopia,Oromia,West Guji,3.0,2.0,Oromia,West Guji,1223292,1130788,0.0,0.0,1130788.0,0.0,0.0,1130788.0,0.0,0.0,1130788.0,0.0,0.0,1130788.0,0.0,1130788.0,0.0,0.0,0.0,1130788.0
2423,2016-02-01,4.0,Ethiopia,Oromia,West Hararge,4.0,4.0,Oromia,West Hararge,2568661,2374422,0.0,0.0,0.0,2374422.0,0.0,2374422.0,0.0,0.0,0.0,2374422.0,0.0,2374422.0,0.0,0.0,0.0,2374422.0,0.0,2374422.0
2424,2016-02-01,1.0,Ethiopia,Oromia,West Wellega,1.0,1.0,Oromia,West Wellega,1880222,1738042,1738042.0,0.0,0.0,0.0,0.0,1738042.0,1738042.0,0.0,0.0,0.0,0.0,1738042.0,1738042.0,0.0,0.0,0.0,0.0,1738042.0
2425,2016-02-01,3.0,Ethiopia,Tigray,Western,3.0,3.0,Tigray,Western,440553,407239,0.0,0.0,407239.0,0.0,0.0,407239.0,0.0,0.0,407239.0,0.0,0.0,407239.0,0.0,0.0,407239.0,0.0,0.0,407239.0
2426,2016-02-01,3.0,Ethiopia,SNNP,Wolayita,3.0,2.0,SNNP,Wolayita,1999292,1848108,0.0,0.0,1848108.0,0.0,0.0,1848108.0,0.0,0.0,1848108.0,0.0,0.0,1848108.0,0.0,1848108.0,0.0,0.0,0.0,1848108.0
2427,2016-02-01,3.0,Ethiopia,SNNP,Yem Special,3.0,2.0,SNNP,Yem Special,102526,94773,0.0,0.0,94773.0,0.0,0.0,94773.0,0.0,0.0,94773.0,0.0,0.0,94773.0,0.0,94773.0,0.0,0.0,0.0,94773.0
2428,2016-02-01,4.0,Ethiopia,Afar,Zone 1 (Awsi Rasu),4.0,4.0,Afar,Zone 1 (Awsi Rasu),643036,594410,0.0,0.0,0.0,594410.0,0.0,594410.0,0.0,0.0,0.0,594410.0,0.0,594410.0,0.0,0.0,0.0,594410.0,0.0,594410.0
2429,2016-02-01,3.0,Ethiopia,Afar,Zone 2 (Kilbet Rasu),3.0,4.0,Afar,Zone 2 (Kilbet Rasu),493764,456426,0.0,0.0,456426.0,0.0,0.0,456426.0,0.0,0.0,456426.0,0.0,0.0,456426.0,0.0,0.0,0.0,456426.0,0.0,456426.0
2430,2016-02-01,4.0,Ethiopia,Afar,Zone 3 (Gabi Rasu),4.0,4.0,Afar,Zone 3 (Gabi Rasu),281357,260081,0.0,0.0,0.0,260081.0,0.0,260081.0,0.0,0.0,0.0,260081.0,0.0,260081.0,0.0,0.0,0.0,260081.0,0.0,260081.0
2431,2016-02-01,4.0,Ethiopia,Afar,Zone 4 (Fantana Rasu),4.0,4.0,Afar,Zone 4 (Fantana Rasu),276855,255919,0.0,0.0,0.0,255919.0,0.0,255919.0,0.0,0.0,0.0,255919.0,0.0,255919.0,0.0,0.0,0.0,255919.0,0.0,255919.0
2432,2016-02-01,4.0,Ethiopia,Afar,Zone 5 (Hari Rasu),4.0,4.0,Afar,Zone 5 (Hari Rasu),209402,193567,0.0,0.0,0.0,193567.0,0.0,193567.0,0.0,0.0,0.0,193567.0,0.0,193567.0,0.0,0.0,0.0,193567.0,0.0,193567.0
2433,2016-02-01,2.0,Ethiopia,Gambela,Agnewak,2.0,2.0,Gambela,Agnewak,164054,151648,0.0,151648.0,0.0,0.0,0.0,151648.0,0.0,151648.0,0.0,0.0,0.0,151648.0,0.0,151648.0,0.0,0.0,0.0,151648.0
2434,2016-02-01,1.0,Ethiopia,Somali,Doolo,2.0,1.0,Somali,Doolo,425824,393623,393623.0,0.0,0.0,0.0,0.0,393623.0,0.0,393623.0,0.0,0.0,0.0,393623.0,393623.0,0.0,0.0,0.0,0.0,393623.0
2435,2016-02-01,1.0,Ethiopia,Somali,Korahe,1.0,1.0,Somali,Korahe,511890,473181,473181.0,0.0,0.0,0.0,0.0,473181.0,473181.0,0.0,0.0,0.0,0.0,473181.0,473181.0,0.0,0.0,0.0,0.0,473181.0
2436,2016-02-01,2.0,Ethiopia,Oromia,Finfine Special,2.0,3.0,Oromia,Finfine Special,1040106,961454,0.0,961454.0,0.0,0.0,0.0,961454.0,0.0,961454.0,0.0,0.0,0.0,961454.0,0.0,0.0,961454.0,0.0,0.0,961454.0
2437,2016-02-01,1.0,Ethiopia,Addis Ababa,Region 14,1.0,1.0,Addis Ababa,Region 14,3585647,3314505,3314505.0,0.0,0.0,0.0,0.0,3314505.0,3314505.0,0.0,0.0,0.0,0.0,3314505.0,3314505.0,0.0,0.0,0.0,0.0,3314505.0
2438,2016-02-01,2.0,Ethiopia,Amhara,West Gojam,2.0,3.0,Amhara,West Gojam,2894095,2675247,0.0,2675247.0,0.0,0.0,0.0,2675247.0,0.0,2675247.0,0.0,0.0,0.0,2675247.0,0.0,0.0,2675247.0,0.0,0.0,2675247.0
2439,2016-02-01,1.0,Ethiopia,SNNP,Basketo,1.0,1.0,SNNP,Basketo,75512,69801,69801.0,0.0,0.0,0.0,0.0,69801.0,69801.0,0.0,0.0,0.0,0.0,69801.0,69801.0,0.0,0.0,0.0,0.0,69801.0
2440,2016-02-01,1.0,Ethiopia,SNNP,Bench Maji,1.0,1.0,SNNP,Bench Maji,603595,557952,557952.0,0.0,0.0,0.0,0.0,557952.0,557952.0,0.0,0.0,0.0,0.0,557952.0,557952.0,0.0,0.0,0.0,0.0,557952.0
2441,2016-02-01,2.0,Ethiopia,Gambela,Etang Special woreda,2.0,3.0,Gambela,Etang Special woreda,50260,46459,0.0,46459.0,0.0,0.0,0.0,46459.0,0.0,46459.0,0.0,0.0,0.0,46459.0,0.0,0.0,46459.0,0.0,0.0,46459.0
2442,2016-02-01,1.0,Ethiopia,Oromia,Ilu Aba Bora,1.0,1.0,Oromia,Ilu Aba Bora,953178,881100,881100.0,0.0,0.0,0.0,0.0,881100.0,881100.0,0.0,0.0,0.0,0.0,881100.0,881100.0,0.0,0.0,0.0,0.0,881100.0
2443,2016-02-01,1.0,Ethiopia,SNNP,Kefa,1.0,1.0,SNNP,Kefa,1053546,973878,973878.0,0.0,0.0,0.0,0.0,973878.0,973878.0,0.0,0.0,0.0,0.0,973878.0,973878.0,0.0,0.0,0.0,0.0,973878.0
2444,2016-02-01,1.0,Ethiopia,SNNP,Konta Special,1.0,1.0,SNNP,Konta Special,119904,110837,110837.0,0.0,0.0,0.0,0.0,110837.0,110837.0,0.0,0.0,0.0,0.0,110837.0,110837.0,0.0,0.0,0.0,0.0,110837.0
2445,2016-02-01,1.0,Ethiopia,Gambela,Mejenger,1.0,1.0,Gambela,Mejenger,81617,75445,75445.0,0.0,0.0,0.0,0.0,75445.0,75445.0,0.0,0.0,0.0,0.0,75445.0,75445.0,0.0,0.0,0.0,0.0,75445.0
2446,2016-02-01,2.0,Ethiopia,Benishangul Gumz,Asosa,3.0,3.0,Benishangul Gumz,Asosa,402287,371866,0.0,371866.0,0.0,0.0,0.0,371866.0,0.0,0.0,371866.0,0.0,0.0,371866.0,0.0,0.0,371866.0,0.0,0.0,371866.0
2447,2016-02-01,3.0,Ethiopia,Dire Dawa,Dire Dawa urban,3.0,3.0,Dire Dawa,Dire Dawa urban,319985,295788,0.0,0.0,295788.0,0.0,0.0,295788.0,0.0,0.0,295788.0,0.0,0.0,295788.0,0.0,0.0,295788.0,0.0,0.0,295788.0
2448,2016-02-01,1.0,Ethiopia,Oromia,Horo Gudru Wellega,1.0,1.0,Oromia,Horo Gudru Wellega,791731,731861,731861.0,0.0,0.0,0.0,0.0,731861.0,731861.0,0.0,0.0,0.0,0.0,731861.0,731861.0,0.0,0.0,0.0,0.0,731861.0
2449,2016-02-01,2.0,Ethiopia,Oromia,Kelem Wellega,2.0,3.0,Oromia,Kelem Wellega,1141498,1055179,0.0,1055179.0,0.0,0.0,0.0,1055179.0,0.0,1055179.0,0.0,0.0,0.0,1055179.0,0.0,0.0,1055179.0,0.0,0.0,1055179.0
2450,2016-02-01,2.0,Ethiopia,Benishangul Gumz,Mao Komo Special,3.0,3.0,Benishangul Gumz,Mao Komo Special,70414,65089,0.0,65089.0,0.0,0.0,0.0,65089.0,0.0,0.0,65089.0,0.0,0.0,65089.0,0.0,0.0,65089.0,0.0,0.0,65089.0
2451,2016-02-01,1.0,Ethiopia,Benishangul Gumz,Metekel,1.0,1.0,Benishangul Gumz,Metekel,479162,442928,442928.0,0.0,0.0,0.0,0.0,442928.0,442928.0,0.0,0.0,0.0,0.0,442928.0,442928.0,0.0,0.0,0.0,0.0,442928.0
2452,2016-02-01,2.0,Ethiopia,Oromia,North Shewa,3.0,3.0,Oromia,North Shewa,1626893,1503869,0.0,1503869.0,0.0,0.0,0.0,1503869.0,0.0,0.0,1503869.0,0.0,0.0,1503869.0,0.0,0.0,1503869.0,0.0,0.0,1503869.0
2453,2016-02-01,1.0,Ethiopia,SNNP,Sheka,1.0,1.0,SNNP,Sheka,274212,253476,253476.0,0.0,0.0,0.0,0.0,253476.0,253476.0,0.0,0.0,0.0,0.0,253476.0,253476.0,0.0,0.0,0.0,0.0,253476.0
2454,2016-02-01,2.0,Ethiopia,Oromia,West Shewa,2.0,3.0,Oromia,West Shewa,2773901,2564142,0.0,2564142.0,0.0,0.0,0.0,2564142.0,0.0,2564142.0,0.0,0.0,0.0,2564142.0,0.0,0.0,2564142.0,0.0,0.0,2564142.0
2455,2016-02-01,1.0,Ethiopia,Amhara,Awi,1.0,1.0,Amhara,Awi,1338704,1237473,1237473.0,0.0,0.0,0.0,0.0,1237473.0,1237473.0,0.0,0.0,0.0,0.0,1237473.0,1237473.0,0.0,0.0,0.0,0.0,1237473.0
2456,2016-02-01,1.0,Ethiopia,Amhara,West Gondar,1.0,1.0,Amhara,West Gondar,381393,352552,352552.0,0.0,0.0,0.0,0.0,352552.0,352552.0,0.0,0.0,0.0,0.0,352552.0,352552.0,0.0,0.0,0.0,0.0,352552.0
2457,2016-06-01,3.0,Ethiopia,Somali,Afder,3.0,2.0,Somali,Afder,654828,605310,0.0,0.0,605310.0,0.0,0.0,605310.0,0.0,0.0,605310.0,0.0,0.0,605310.0,0.0,605310.0,0.0,0.0,0.0,605310.0
2458,2016-06-01,3.0,Ethiopia,SNNP,Alle,2.0,1.0,SNNP,Alle,81190,75050,0.0,0.0,75050.0,0.0,0.0,75050.0,0.0,75050.0,0.0,0.0,0.0,75050.0,75050.0,0.0,0.0,0.0,0.0,75050.0
2459,2016-06-01,3.0,Ethiopia,SNNP,Amaro,2.0,1.0,SNNP,Amaro,195252,180487,0.0,0.0,180487.0,0.0,0.0,180487.0,0.0,180487.0,0.0,0.0,0.0,180487.0,180487.0,0.0,0.0,0.0,0.0,180487.0
2460,2016-06-01,3.0,Ethiopia,Oromia,Arsi,3.0,2.0,Oromia,Arsi,3645492,3369825,0.0,0.0,3369825.0,0.0,0.0,3369825.0,0.0,0.0,3369825.0,0.0,0.0,3369825.0,0.0,3369825.0,0.0,0.0,0.0,3369825.0
2461,2016-06-01,3.0,Ethiopia,Oromia,Bale,3.0,2.0,Oromia,Bale,1887498,1744768,0.0,0.0,1744768.0,0.0,0.0,1744768.0,0.0,0.0,1744768.0,0.0,0.0,1744768.0,0.0,1744768.0,0.0,0.0,0.0,1744768.0
2462,2016-06-01,2.0,Ethiopia,Oromia,Borena,2.0,2.0,Oromia,Borena,545493,504243,0.0,504243.0,0.0,0.0,0.0,504243.0,0.0,504243.0,0.0,0.0,0.0,504243.0,0.0,504243.0,0.0,0.0,0.0,504243.0
2463,2016-06-01,1.0,Ethiopia,Oromia,Buno Bedele,1.0,1.0,Oromia,Buno Bedele,809088,747905,747905.0,0.0,0.0,0.0,0.0,747905.0,747905.0,0.0,0.0,0.0,0.0,747905.0,747905.0,0.0,0.0,0.0,0.0,747905.0
2464,2016-06-01,2.0,Ethiopia,SNNP,Burji,2.0,2.0,SNNP,Burji,71728,66304,0.0,66304.0,0.0,0.0,0.0,66304.0,0.0,66304.0,0.0,0.0,0.0,66304.0,0.0,66304.0,0.0,0.0,0.0,66304.0
2465,2016-06-01,3.0,Ethiopia,Tigray,Central,3.0,2.0,Tigray,Central,1384454,1279763,0.0,0.0,1279763.0,0.0,0.0,1279763.0,0.0,0.0,1279763.0,0.0,0.0,1279763.0,0.0,1279763.0,0.0,0.0,0.0,1279763.0
2466,2016-06-01,3.0,Ethiopia,Amhara,Central Gondar,3.0,2.0,Amhara,Central Gondar,2719899,2514224,0.0,0.0,2514224.0,0.0,0.0,2514224.0,0.0,0.0,2514224.0,0.0,0.0,2514224.0,0.0,2514224.0,0.0,0.0,0.0,2514224.0
2467,2016-06-01,2.0,Ethiopia,Somali,Daawa,2.0,2.0,Somali,Daawa,457130,422562,0.0,422562.0,0.0,0.0,0.0,422562.0,0.0,422562.0,0.0,0.0,0.0,422562.0,0.0,422562.0,0.0,0.0,0.0,422562.0
2468,2016-06-01,3.0,Ethiopia,SNNP,Dawuro,2.0,1.0,SNNP,Dawuro,643931,595237,0.0,0.0,595237.0,0.0,0.0,595237.0,0.0,595237.0,0.0,0.0,0.0,595237.0,595237.0,0.0,0.0,0.0,0.0,595237.0
2469,2016-06-01,3.0,Ethiopia,SNNP,Derashe,2.0,1.0,SNNP,Derashe,107301,99187,0.0,0.0,99187.0,0.0,0.0,99187.0,0.0,99187.0,0.0,0.0,0.0,99187.0,99187.0,0.0,0.0,0.0,0.0,99187.0
2470,2016-06-01,3.0,Ethiopia,Dire Dawa,Dire Dawa rural,3.0,3.0,Dire Dawa,Dire Dawa rural,188933,174646,0.0,0.0,174646.0,0.0,0.0,174646.0,0.0,0.0,174646.0,0.0,0.0,174646.0,0.0,0.0,174646.0,0.0,0.0,174646.0
2471,2016-06-01,2.0,Ethiopia,Amhara,East Gojam,2.0,1.0,Amhara,East Gojam,2672621,2470521,0.0,2470521.0,0.0,0.0,0.0,2470521.0,0.0,2470521.0,0.0,0.0,0.0,2470521.0,2470521.0,0.0,0.0,0.0,0.0,2470521.0
2472,2016-06-01,3.0,Ethiopia,Oromia,East Hararge,3.0,3.0,Oromia,East Hararge,3739861,3457058,0.0,0.0,3457058.0,0.0,0.0,3457058.0,0.0,0.0,3457058.0,0.0,0.0,3457058.0,0.0,0.0,3457058.0,0.0,0.0,3457058.0
2473,2016-06-01,3.0,Ethiopia,Oromia,East Shewa,3.0,3.0,Oromia,East Shewa,2234419,2065455,0.0,0.0,2065455.0,0.0,0.0,2065455.0,0.0,0.0,2065455.0,0.0,0.0,2065455.0,0.0,0.0,2065455.0,0.0,0.0,2065455.0
2474,2016-06-01,1.0,Ethiopia,Oromia,East Wellega,1.0,1.0,Oromia,East Wellega,1693681,1565607,1565607.0,0.0,0.0,0.0,0.0,1565607.0,1565607.0,0.0,0.0,0.0,0.0,1565607.0,1565607.0,0.0,0.0,0.0,0.0,1565607.0
2475,2016-06-01,3.0,Ethiopia,Tigray,Eastern,3.0,2.0,Tigray,Eastern,940053,868967,0.0,0.0,868967.0,0.0,0.0,868967.0,0.0,0.0,868967.0,0.0,0.0,868967.0,0.0,868967.0,0.0,0.0,0.0,868967.0
2476,2016-06-01,3.0,Ethiopia,Somali,Erer,3.0,2.0,Somali,Erer,268901,248567,0.0,0.0,248567.0,0.0,0.0,248567.0,0.0,0.0,248567.0,0.0,0.0,248567.0,0.0,248567.0,0.0,0.0,0.0,248567.0
2477,2016-06-01,3.0,Ethiopia,Somali,Fafan,3.0,3.0,Somali,Fafan,1242707,1148735,0.0,0.0,1148735.0,0.0,0.0,1148735.0,0.0,0.0,1148735.0,0.0,0.0,1148735.0,0.0,0.0,1148735.0,0.0,0.0,1148735.0
2478,2016-06-01,3.0,Ethiopia,SNNP,Gamo,2.0,1.0,SNNP,Gamo,1462777,1352163,0.0,0.0,1352163.0,0.0,0.0,1352163.0,0.0,1352163.0,0.0,0.0,0.0,1352163.0,1352163.0,0.0,0.0,0.0,0.0,1352163.0
2479,2016-06-01,2.0,Ethiopia,SNNP,Gedeo,2.0,1.0,SNNP,Gedeo,1131834,1046246,0.0,1046246.0,0.0,0.0,0.0,1046246.0,0.0,1046246.0,0.0,0.0,0.0,1046246.0,1046246.0,0.0,0.0,0.0,0.0,1046246.0
2480,2016-06-01,3.0,Ethiopia,SNNP,Gofa,2.0,1.0,SNNP,Gofa,623589,576434,0.0,0.0,576434.0,0.0,0.0,576434.0,0.0,576434.0,0.0,0.0,0.0,576434.0,576434.0,0.0,0.0,0.0,0.0,576434.0
2481,2016-06-01,3.0,Ethiopia,Oromia,Guji,3.0,2.0,Oromia,Guji,1482472,1370369,0.0,0.0,1370369.0,0.0,0.0,1370369.0,0.0,0.0,1370369.0,0.0,0.0,1370369.0,0.0,1370369.0,0.0,0.0,0.0,1370369.0
2482,2016-06-01,3.0,Ethiopia,SNNP,Guraghe,3.0,1.0,SNNP,Guraghe,1882107,1739784,0.0,0.0,1739784.0,0.0,0.0,1739784.0,0.0,0.0,1739784.0,0.0,0.0,1739784.0,1739784.0,0.0,0.0,0.0,0.0,1739784.0
2483,2016-06-01,3.0,Ethiopia,SNNP,Hadiya,3.0,1.0,SNNP,Hadiya,1700138,1571576,0.0,0.0,1571576.0,0.0,0.0,1571576.0,0.0,0.0,1571576.0,0.0,0.0,1571576.0,1571576.0,0.0,0.0,0.0,0.0,1571576.0
2484,2016-06-01,3.0,Ethiopia,SNNP,Halaba Special,3.0,1.0,SNNP,Halaba Special,658130,608363,0.0,0.0,608363.0,0.0,0.0,608363.0,0.0,0.0,608363.0,0.0,0.0,608363.0,608363.0,0.0,0.0,0.0,0.0,608363.0
2485,2016-06-01,3.0,Ethiopia,Harari,Harari,3.0,2.0,Harari,Harari,260022,240359,0.0,0.0,240359.0,0.0,0.0,240359.0,0.0,0.0,240359.0,0.0,0.0,240359.0,0.0,240359.0,0.0,0.0,0.0,240359.0
2486,2016-06-01,2.0,Ethiopia,Somali,Jarar,2.0,2.0,Somali,Jarar,641077,592599,0.0,592599.0,0.0,0.0,0.0,592599.0,0.0,592599.0,0.0,0.0,0.0,592599.0,0.0,592599.0,0.0,0.0,0.0,592599.0
2487,2016-06-01,3.0,Ethiopia,Oromia,Jimma,2.0,1.0,Oromia,Jimma,3672640,3394920,0.0,0.0,3394920.0,0.0,0.0,3394920.0,0.0,3394920.0,0.0,0.0,0.0,3394920.0,3394920.0,0.0,0.0,0.0,0.0,3394920.0
2488,2016-06-01,2.0,Ethiopia,Benishangul Gumz,Kemashi,2.0,2.0,Benishangul Gumz,Kemashi,150986,139568,0.0,139568.0,0.0,0.0,0.0,139568.0,0.0,139568.0,0.0,0.0,0.0,139568.0,0.0,139568.0,0.0,0.0,0.0,139568.0
2489,2016-06-01,3.0,Ethiopia,SNNP,Kembata Tibaro,3.0,1.0,SNNP,Kembata Tibaro,911347,842432,0.0,0.0,842432.0,0.0,0.0,842432.0,0.0,0.0,842432.0,0.0,0.0,842432.0,842432.0,0.0,0.0,0.0,0.0,842432.0
2490,2016-06-01,1.0,Ethiopia,SNNP,Konso,1.0,2.0,SNNP,Konso,284360,262857,262857.0,0.0,0.0,0.0,0.0,262857.0,262857.0,0.0,0.0,0.0,0.0,262857.0,0.0,262857.0,0.0,0.0,0.0,262857.0
2491,2016-06-01,2.0,Ethiopia,Somali,Liban,2.0,2.0,Somali,Liban,505190,466988,0.0,466988.0,0.0,0.0,0.0,466988.0,0.0,466988.0,0.0,0.0,0.0,466988.0,0.0,466988.0,0.0,0.0,0.0,466988.0
2492,2016-06-01,2.0,Ethiopia,Tigray,Mekele Special,2.0,1.0,Tigray,Mekele Special,418327,386693,0.0,386693.0,0.0,0.0,0.0,386693.0,0.0,386693.0,0.0,0.0,0.0,386693.0,386693.0,0.0,0.0,0.0,0.0,386693.0
2493,2016-06-01,3.0,Ethiopia,SNNP,Mirab Omo,3.0,3.0,SNNP,Mirab Omo,262515,242664,0.0,0.0,242664.0,0.0,0.0,242664.0,0.0,0.0,242664.0,0.0,0.0,242664.0,0.0,0.0,242664.0,0.0,0.0,242664.0
2494,2016-06-01,3.0,Ethiopia,Somali,Nogob,3.0,2.0,Somali,Nogob,217220,200794,0.0,0.0,200794.0,0.0,0.0,200794.0,0.0,0.0,200794.0,0.0,0.0,200794.0,0.0,200794.0,0.0,0.0,0.0,200794.0
2495,2016-06-01,3.0,Ethiopia,Amhara,North Gondar,3.0,2.0,Amhara,North Gondar,889977,822678,0.0,0.0,822678.0,0.0,0.0,822678.0,0.0,0.0,822678.0,0.0,0.0,822678.0,0.0,822678.0,0.0,0.0,0.0,822678.0
2496,2016-06-01,3.0,Ethiopia,Amhara,North Shewa,3.0,3.0,Amhara,North Shewa,2293091,2119690,0.0,0.0,2119690.0,0.0,0.0,2119690.0,0.0,0.0,2119690.0,0.0,0.0,2119690.0,0.0,0.0,2119690.0,0.0,0.0,2119690.0
2497,2016-06-01,3.0,Ethiopia,Amhara,North Wello,3.0,2.0,Amhara,North Wello,1740337,1608735,0.0,0.0,1608735.0,0.0,0.0,1608735.0,0.0,0.0,1608735.0,0.0,0.0,1608735.0,0.0,1608735.0,0.0,0.0,0.0,1608735.0
2498,2016-06-01,3.0,Ethiopia,Tigray,North Western,3.0,2.0,Tigray,North Western,893262,825714,0.0,0.0,825714.0,0.0,0.0,825714.0,0.0,0.0,825714.0,0.0,0.0,825714.0,0.0,825714.0,0.0,0.0,0.0,825714.0
2499,2016-06-01,3.0,Ethiopia,Gambela,Nuwer,3.0,3.0,Gambela,Nuwer,166901,154280,0.0,0.0,154280.0,0.0,0.0,154280.0,0.0,0.0,154280.0,0.0,0.0,154280.0,0.0,0.0,154280.0,0.0,0.0,154280.0
2500,2016-06-01,3.0,Ethiopia,Amhara,Oromia,3.0,2.0,Amhara,Oromia,569808,526719,0.0,0.0,526719.0,0.0,0.0,526719.0,0.0,0.0,526719.0,0.0,0.0,526719.0,0.0,526719.0,0.0,0.0,0.0,526719.0
2501,2016-06-01,3.0,Ethiopia,Somali,Shabelle,3.0,3.0,Somali,Shabelle,647430,598472,0.0,0.0,598472.0,0.0,0.0,598472.0,0.0,0.0,598472.0,0.0,0.0,598472.0,0.0,0.0,598472.0,0.0,0.0,598472.0
2502,2016-06-01,3.0,Ethiopia,SNNP,Sidama,3.0,1.0,SNNP,Sidama,4212331,3893800,0.0,0.0,3893800.0,0.0,0.0,3893800.0,0.0,0.0,3893800.0,0.0,0.0,3893800.0,3893800.0,0.0,0.0,0.0,0.0,3893800.0
2503,2016-06-01,3.0,Ethiopia,SNNP,Siltie,3.0,1.0,SNNP,Siltie,1051444,971935,0.0,0.0,971935.0,0.0,0.0,971935.0,0.0,0.0,971935.0,0.0,0.0,971935.0,971935.0,0.0,0.0,0.0,0.0,971935.0
2504,2016-06-01,3.0,Ethiopia,Somali,Siti,3.0,3.0,Somali,Siti,644214,595499,0.0,0.0,595499.0,0.0,0.0,595499.0,0.0,0.0,595499.0,0.0,0.0,595499.0,0.0,0.0,595499.0,0.0,0.0,595499.0
2505,2016-06-01,3.0,Ethiopia,Tigray,South Eastern,3.0,2.0,Tigray,South Eastern,528199,488257,0.0,0.0,488257.0,0.0,0.0,488257.0,0.0,0.0,488257.0,0.0,0.0,488257.0,0.0,488257.0,0.0,0.0,0.0,488257.0
2506,2016-06-01,2.0,Ethiopia,Amhara,South Gondar,2.0,2.0,Amhara,South Gondar,2526963,2335877,0.0,2335877.0,0.0,0.0,0.0,2335877.0,0.0,2335877.0,0.0,0.0,0.0,2335877.0,0.0,2335877.0,0.0,0.0,0.0,2335877.0
2507,2016-06-01,3.0,Ethiopia,SNNP,South Omo,3.0,3.0,SNNP,South Omo,754134,697107,0.0,0.0,697107.0,0.0,0.0,697107.0,0.0,0.0,697107.0,0.0,0.0,697107.0,0.0,0.0,697107.0,0.0,0.0,697107.0
2508,2016-06-01,3.0,Ethiopia,Amhara,South Wello,3.0,2.0,Amhara,South Wello,3246827,3001306,0.0,0.0,3001306.0,0.0,0.0,3001306.0,0.0,0.0,3001306.0,0.0,0.0,3001306.0,0.0,3001306.0,0.0,0.0,0.0,3001306.0
2509,2016-06-01,3.0,Ethiopia,Oromia,South West Shewa,3.0,1.0,Oromia,South West Shewa,1264234,1168634,0.0,0.0,1168634.0,0.0,0.0,1168634.0,0.0,0.0,1168634.0,0.0,0.0,1168634.0,1168634.0,0.0,0.0,0.0,0.0,1168634.0
2510,2016-06-01,3.0,Ethiopia,Tigray,Southern,3.0,2.0,Tigray,Southern,752344,695452,0.0,0.0,695452.0,0.0,0.0,695452.0,0.0,0.0,695452.0,0.0,0.0,695452.0,0.0,695452.0,0.0,0.0,0.0,695452.0
2511,2016-06-01,3.0,Ethiopia,Amhara,Wag Hamra,3.0,2.0,Amhara,Wag Hamra,516457,477403,0.0,0.0,477403.0,0.0,0.0,477403.0,0.0,0.0,477403.0,0.0,0.0,477403.0,0.0,477403.0,0.0,0.0,0.0,477403.0
2512,2016-06-01,3.0,Ethiopia,Oromia,West Arsi,3.0,2.0,Oromia,West Arsi,2868933,2651988,0.0,0.0,2651988.0,0.0,0.0,2651988.0,0.0,0.0,2651988.0,0.0,0.0,2651988.0,0.0,2651988.0,0.0,0.0,0.0,2651988.0
2513,2016-06-01,3.0,Ethiopia,Oromia,West Guji,2.0,2.0,Oromia,West Guji,1223292,1130788,0.0,0.0,1130788.0,0.0,0.0,1130788.0,0.0,1130788.0,0.0,0.0,0.0,1130788.0,0.0,1130788.0,0.0,0.0,0.0,1130788.0
2514,2016-06-01,3.0,Ethiopia,Oromia,West Hararge,3.0,3.0,Oromia,West Hararge,2568661,2374422,0.0,0.0,2374422.0,0.0,0.0,2374422.0,0.0,0.0,2374422.0,0.0,0.0,2374422.0,0.0,0.0,2374422.0,0.0,0.0,2374422.0
2515,2016-06-01,1.0,Ethiopia,Oromia,West Wellega,1.0,1.0,Oromia,West Wellega,1880222,1738042,1738042.0,0.0,0.0,0.0,0.0,1738042.0,1738042.0,0.0,0.0,0.0,0.0,1738042.0,1738042.0,0.0,0.0,0.0,0.0,1738042.0
2516,2016-06-01,3.0,Ethiopia,Tigray,Western,3.0,2.0,Tigray,Western,440553,407239,0.0,0.0,407239.0,0.0,0.0,407239.0,0.0,0.0,407239.0,0.0,0.0,407239.0,0.0,407239.0,0.0,0.0,0.0,407239.0
2517,2016-06-01,3.0,Ethiopia,SNNP,Wolayita,2.0,1.0,SNNP,Wolayita,1999292,1848108,0.0,0.0,1848108.0,0.0,0.0,1848108.0,0.0,1848108.0,0.0,0.0,0.0,1848108.0,1848108.0,0.0,0.0,0.0,0.0,1848108.0
2518,2016-06-01,3.0,Ethiopia,SNNP,Yem Special,2.0,1.0,SNNP,Yem Special,102526,94773,0.0,0.0,94773.0,0.0,0.0,94773.0,0.0,94773.0,0.0,0.0,0.0,94773.0,94773.0,0.0,0.0,0.0,0.0,94773.0
2519,2016-06-01,3.0,Ethiopia,Afar,Zone 1 (Awsi Rasu),3.0,3.0,Afar,Zone 1 (Awsi Rasu),643036,594410,0.0,0.0,594410.0,0.0,0.0,594410.0,0.0,0.0,594410.0,0.0,0.0,594410.0,0.0,0.0,594410.0,0.0,0.0,594410.0
2520,2016-06-01,3.0,Ethiopia,Afar,Zone 2 (Kilbet Rasu),3.0,2.0,Afar,Zone 2 (Kilbet Rasu),493764,456426,0.0,0.0,456426.0,0.0,0.0,456426.0,0.0,0.0,456426.0,0.0,0.0,456426.0,0.0,456426.0,0.0,0.0,0.0,456426.0
2521,2016-06-01,3.0,Ethiopia,Afar,Zone 3 (Gabi Rasu),3.0,3.0,Afar,Zone 3 (Gabi Rasu),281357,260081,0.0,0.0,260081.0,0.0,0.0,260081.0,0.0,0.0,260081.0,0.0,0.0,260081.0,0.0,0.0,260081.0,0.0,0.0,260081.0
2522,2016-06-01,3.0,Ethiopia,Afar,Zone 4 (Fantana Rasu),3.0,2.0,Afar,Zone 4 (Fantana Rasu),276855,255919,0.0,0.0,255919.0,0.0,0.0,255919.0,0.0,0.0,255919.0,0.0,0.0,255919.0,0.0,255919.0,0.0,0.0,0.0,255919.0
2523,2016-06-01,3.0,Ethiopia,Afar,Zone 5 (Hari Rasu),3.0,3.0,Afar,Zone 5 (Hari Rasu),209402,193567,0.0,0.0,193567.0,0.0,0.0,193567.0,0.0,0.0,193567.0,0.0,0.0,193567.0,0.0,0.0,193567.0,0.0,0.0,193567.0
2524,2016-06-01,3.0,Ethiopia,Gambela,Agnewak,3.0,2.0,Gambela,Agnewak,164054,151648,0.0,0.0,151648.0,0.0,0.0,151648.0,0.0,0.0,151648.0,0.0,0.0,151648.0,0.0,151648.0,0.0,0.0,0.0,151648.0
2525,2016-06-01,1.0,Ethiopia,Somali,Doolo,2.0,2.0,Somali,Doolo,425824,393623,393623.0,0.0,0.0,0.0,0.0,393623.0,0.0,393623.0,0.0,0.0,0.0,393623.0,0.0,393623.0,0.0,0.0,0.0,393623.0
2526,2016-06-01,1.0,Ethiopia,Somali,Korahe,1.0,2.0,Somali,Korahe,511890,473181,473181.0,0.0,0.0,0.0,0.0,473181.0,473181.0,0.0,0.0,0.0,0.0,473181.0,0.0,473181.0,0.0,0.0,0.0,473181.0
2527,2016-06-01,2.0,Ethiopia,Oromia,Finfine Special,2.0,1.0,Oromia,Finfine Special,1040106,961454,0.0,961454.0,0.0,0.0,0.0,961454.0,0.0,961454.0,0.0,0.0,0.0,961454.0,961454.0,0.0,0.0,0.0,0.0,961454.0
2528,2016-06-01,1.0,Ethiopia,Addis Ababa,Region 14,1.0,1.0,Addis Ababa,Region 14,3585647,3314505,3314505.0,0.0,0.0,0.0,0.0,3314505.0,3314505.0,0.0,0.0,0.0,0.0,3314505.0,3314505.0,0.0,0.0,0.0,0.0,3314505.0
2529,2016-06-01,2.0,Ethiopia,Amhara,West Gojam,2.0,1.0,Amhara,West Gojam,2894095,2675247,0.0,2675247.0,0.0,0.0,0.0,2675247.0,0.0,2675247.0,0.0,0.0,0.0,2675247.0,2675247.0,0.0,0.0,0.0,0.0,2675247.0
2530,2016-06-01,1.0,Ethiopia,SNNP,Basketo,1.0,1.0,SNNP,Basketo,75512,69801,69801.0,0.0,0.0,0.0,0.0,69801.0,69801.0,0.0,0.0,0.0,0.0,69801.0,69801.0,0.0,0.0,0.0,0.0,69801.0
2531,2016-06-01,1.0,Ethiopia,SNNP,Bench Maji,1.0,1.0,SNNP,Bench Maji,603595,557952,557952.0,0.0,0.0,0.0,0.0,557952.0,557952.0,0.0,0.0,0.0,0.0,557952.0,557952.0,0.0,0.0,0.0,0.0,557952.0
2532,2016-06-01,3.0,Ethiopia,Gambela,Etang Special woreda,3.0,2.0,Gambela,Etang Special woreda,50260,46459,0.0,0.0,46459.0,0.0,0.0,46459.0,0.0,0.0,46459.0,0.0,0.0,46459.0,0.0,46459.0,0.0,0.0,0.0,46459.0
2533,2016-06-01,1.0,Ethiopia,Oromia,Ilu Aba Bora,1.0,1.0,Oromia,Ilu Aba Bora,953178,881100,881100.0,0.0,0.0,0.0,0.0,881100.0,881100.0,0.0,0.0,0.0,0.0,881100.0,881100.0,0.0,0.0,0.0,0.0,881100.0
2534,2016-06-01,1.0,Ethiopia,SNNP,Kefa,1.0,1.0,SNNP,Kefa,1053546,973878,973878.0,0.0,0.0,0.0,0.0,973878.0,973878.0,0.0,0.0,0.0,0.0,973878.0,973878.0,0.0,0.0,0.0,0.0,973878.0
2535,2016-06-01,1.0,Ethiopia,SNNP,Konta Special,1.0,1.0,SNNP,Konta Special,119904,110837,110837.0,0.0,0.0,0.0,0.0,110837.0,110837.0,0.0,0.0,0.0,0.0,110837.0,110837.0,0.0,0.0,0.0,0.0,110837.0
2536,2016-06-01,1.0,Ethiopia,Gambela,Mejenger,1.0,1.0,Gambela,Mejenger,81617,75445,75445.0,0.0,0.0,0.0,0.0,75445.0,75445.0,0.0,0.0,0.0,0.0,75445.0,75445.0,0.0,0.0,0.0,0.0,75445.0
2537,2016-06-01,3.0,Ethiopia,Benishangul Gumz,Asosa,3.0,2.0,Benishangul Gumz,Asosa,402287,371866,0.0,0.0,371866.0,0.0,0.0,371866.0,0.0,0.0,371866.0,0.0,0.0,371866.0,0.0,371866.0,0.0,0.0,0.0,371866.0
2538,2016-06-01,3.0,Ethiopia,Dire Dawa,Dire Dawa urban,3.0,2.0,Dire Dawa,Dire Dawa urban,319985,295788,0.0,0.0,295788.0,0.0,0.0,295788.0,0.0,0.0,295788.0,0.0,0.0,295788.0,0.0,295788.0,0.0,0.0,0.0,295788.0
2539,2016-06-01,1.0,Ethiopia,Oromia,Horo Gudru Wellega,1.0,1.0,Oromia,Horo Gudru Wellega,791731,731861,731861.0,0.0,0.0,0.0,0.0,731861.0,731861.0,0.0,0.0,0.0,0.0,731861.0,731861.0,0.0,0.0,0.0,0.0,731861.0
2540,2016-06-01,3.0,Ethiopia,Oromia,Kelem Wellega,3.0,2.0,Oromia,Kelem Wellega,1141498,1055179,0.0,0.0,1055179.0,0.0,0.0,1055179.0,0.0,0.0,1055179.0,0.0,0.0,1055179.0,0.0,1055179.0,0.0,0.0,0.0,1055179.0
2541,2016-06-01,3.0,Ethiopia,Benishangul Gumz,Mao Komo Special,3.0,2.0,Benishangul Gumz,Mao Komo Special,70414,65089,0.0,0.0,65089.0,0.0,0.0,65089.0,0.0,0.0,65089.0,0.0,0.0,65089.0,0.0,65089.0,0.0,0.0,0.0,65089.0
2542,2016-06-01,1.0,Ethiopia,Benishangul Gumz,Metekel,1.0,1.0,Benishangul Gumz,Metekel,479162,442928,442928.0,0.0,0.0,0.0,0.0,442928.0,442928.0,0.0,0.0,0.0,0.0,442928.0,442928.0,0.0,0.0,0.0,0.0,442928.0
2543,2016-06-01,2.0,Ethiopia,Oromia,North Shewa,2.0,1.0,Oromia,North Shewa,1626893,1503869,0.0,1503869.0,0.0,0.0,0.0,1503869.0,0.0,1503869.0,0.0,0.0,0.0,1503869.0,1503869.0,0.0,0.0,0.0,0.0,1503869.0
2544,2016-06-01,1.0,Ethiopia,SNNP,Sheka,1.0,1.0,SNNP,Sheka,274212,253476,253476.0,0.0,0.0,0.0,0.0,253476.0,253476.0,0.0,0.0,0.0,0.0,253476.0,253476.0,0.0,0.0,0.0,0.0,253476.0
2545,2016-06-01,2.0,Ethiopia,Oromia,West Shewa,2.0,1.0,Oromia,West Shewa,2773901,2564142,0.0,2564142.0,0.0,0.0,0.0,2564142.0,0.0,2564142.0,0.0,0.0,0.0,2564142.0,2564142.0,0.0,0.0,0.0,0.0,2564142.0
2546,2016-06-01,1.0,Ethiopia,Amhara,Awi,1.0,1.0,Amhara,Awi,1338704,1237473,1237473.0,0.0,0.0,0.0,0.0,1237473.0,1237473.0,0.0,0.0,0.0,0.0,1237473.0,1237473.0,0.0,0.0,0.0,0.0,1237473.0
2547,2016-06-01,1.0,Ethiopia,Amhara,West Gondar,1.0,1.0,Amhara,West Gondar,381393,352552,352552.0,0.0,0.0,0.0,0.0,352552.0,352552.0,0.0,0.0,0.0,0.0,352552.0,352552.0,0.0,0.0,0.0,0.0,352552.0
2548,2016-10-01,2.0,Ethiopia,Somali,Afder,2.0,3.0,Somali,Afder,654828,605310,0.0,605310.0,0.0,0.0,0.0,605310.0,0.0,605310.0,0.0,0.0,0.0,605310.0,0.0,0.0,605310.0,0.0,0.0,605310.0
2549,2016-10-01,2.0,Ethiopia,SNNP,Alle,2.0,3.0,SNNP,Alle,81190,75050,0.0,75050.0,0.0,0.0,0.0,75050.0,0.0,75050.0,0.0,0.0,0.0,75050.0,0.0,0.0,75050.0,0.0,0.0,75050.0
2550,2016-10-01,2.0,Ethiopia,SNNP,Amaro,2.0,3.0,SNNP,Amaro,195252,180487,0.0,180487.0,0.0,0.0,0.0,180487.0,0.0,180487.0,0.0,0.0,0.0,180487.0,0.0,0.0,180487.0,0.0,0.0,180487.0
2551,2016-10-01,2.0,Ethiopia,Oromia,Arsi,2.0,3.0,Oromia,Arsi,3645492,3369825,0.0,3369825.0,0.0,0.0,0.0,3369825.0,0.0,3369825.0,0.0,0.0,0.0,3369825.0,0.0,0.0,3369825.0,0.0,0.0,3369825.0
2552,2016-10-01,2.0,Ethiopia,Oromia,Bale,2.0,3.0,Oromia,Bale,1887498,1744768,0.0,1744768.0,0.0,0.0,0.0,1744768.0,0.0,1744768.0,0.0,0.0,0.0,1744768.0,0.0,0.0,1744768.0,0.0,0.0,1744768.0
2553,2016-10-01,2.0,Ethiopia,Oromia,Borena,2.0,3.0,Oromia,Borena,545493,504243,0.0,504243.0,0.0,0.0,0.0,504243.0,0.0,504243.0,0.0,0.0,0.0,504243.0,0.0,0.0,504243.0,0.0,0.0,504243.0
2554,2016-10-01,1.0,Ethiopia,Oromia,Buno Bedele,1.0,1.0,Oromia,Buno Bedele,809088,747905,747905.0,0.0,0.0,0.0,0.0,747905.0,747905.0,0.0,0.0,0.0,0.0,747905.0,747905.0,0.0,0.0,0.0,0.0,747905.0
2555,2016-10-01,2.0,Ethiopia,SNNP,Burji,2.0,3.0,SNNP,Burji,71728,66304,0.0,66304.0,0.0,0.0,0.0,66304.0,0.0,66304.0,0.0,0.0,0.0,66304.0,0.0,0.0,66304.0,0.0,0.0,66304.0
2556,2016-10-01,2.0,Ethiopia,Tigray,Central,2.0,3.0,Tigray,Central,1384454,1279763,0.0,1279763.0,0.0,0.0,0.0,1279763.0,0.0,1279763.0,0.0,0.0,0.0,1279763.0,0.0,0.0,1279763.0,0.0,0.0,1279763.0
2557,2016-10-01,2.0,Ethiopia,Amhara,Central Gondar,2.0,3.0,Amhara,Central Gondar,2719899,2514224,0.0,2514224.0,0.0,0.0,0.0,2514224.0,0.0,2514224.0,0.0,0.0,0.0,2514224.0,0.0,0.0,2514224.0,0.0,0.0,2514224.0
2558,2016-10-01,2.0,Ethiopia,Somali,Daawa,2.0,3.0,Somali,Daawa,457130,422562,0.0,422562.0,0.0,0.0,0.0,422562.0,0.0,422562.0,0.0,0.0,0.0,422562.0,0.0,0.0,422562.0,0.0,0.0,422562.0
2559,2016-10-01,1.0,Ethiopia,SNNP,Dawuro,1.0,2.0,SNNP,Dawuro,643931,595237,595237.0,0.0,0.0,0.0,0.0,595237.0,595237.0,0.0,0.0,0.0,0.0,595237.0,0.0,595237.0,0.0,0.0,0.0,595237.0
2560,2016-10-01,2.0,Ethiopia,SNNP,Derashe,2.0,3.0,SNNP,Derashe,107301,99187,0.0,99187.0,0.0,0.0,0.0,99187.0,0.0,99187.0,0.0,0.0,0.0,99187.0,0.0,0.0,99187.0,0.0,0.0,99187.0
2561,2016-10-01,3.0,Ethiopia,Dire Dawa,Dire Dawa rural,3.0,3.0,Dire Dawa,Dire Dawa rural,188933,174646,0.0,0.0,174646.0,0.0,0.0,174646.0,0.0,0.0,174646.0,0.0,0.0,174646.0,0.0,0.0,174646.0,0.0,0.0,174646.0
2562,2016-10-01,2.0,Ethiopia,Amhara,East Gojam,1.0,1.0,Amhara,East Gojam,2672621,2470521,0.0,2470521.0,0.0,0.0,0.0,2470521.0,2470521.0,0.0,0.0,0.0,0.0,2470521.0,2470521.0,0.0,0.0,0.0,0.0,2470521.0
2563,2016-10-01,3.0,Ethiopia,Oromia,East Hararge,3.0,3.0,Oromia,East Hararge,3739861,3457058,0.0,0.0,3457058.0,0.0,0.0,3457058.0,0.0,0.0,3457058.0,0.0,0.0,3457058.0,0.0,0.0,3457058.0,0.0,0.0,3457058.0
2564,2016-10-01,3.0,Ethiopia,Oromia,East Shewa,3.0,3.0,Oromia,East Shewa,2234419,2065455,0.0,0.0,2065455.0,0.0,0.0,2065455.0,0.0,0.0,2065455.0,0.0,0.0,2065455.0,0.0,0.0,2065455.0,0.0,0.0,2065455.0
2565,2016-10-01,1.0,Ethiopia,Oromia,East Wellega,1.0,1.0,Oromia,East Wellega,1693681,1565607,1565607.0,0.0,0.0,0.0,0.0,1565607.0,1565607.0,0.0,0.0,0.0,0.0,1565607.0,1565607.0,0.0,0.0,0.0,0.0,1565607.0
2566,2016-10-01,2.0,Ethiopia,Tigray,Eastern,2.0,2.0,Tigray,Eastern,940053,868967,0.0,868967.0,0.0,0.0,0.0,868967.0,0.0,868967.0,0.0,0.0,0.0,868967.0,0.0,868967.0,0.0,0.0,0.0,868967.0
2567,2016-10-01,2.0,Ethiopia,Somali,Erer,2.0,3.0,Somali,Erer,268901,248567,0.0,248567.0,0.0,0.0,0.0,248567.0,0.0,248567.0,0.0,0.0,0.0,248567.0,0.0,0.0,248567.0,0.0,0.0,248567.0
2568,2016-10-01,3.0,Ethiopia,Somali,Fafan,3.0,3.0,Somali,Fafan,1242707,1148735,0.0,0.0,1148735.0,0.0,0.0,1148735.0,0.0,0.0,1148735.0,0.0,0.0,1148735.0,0.0,0.0,1148735.0,0.0,0.0,1148735.0
2569,2016-10-01,2.0,Ethiopia,SNNP,Gamo,2.0,3.0,SNNP,Gamo,1462777,1352163,0.0,1352163.0,0.0,0.0,0.0,1352163.0,0.0,1352163.0,0.0,0.0,0.0,1352163.0,0.0,0.0,1352163.0,0.0,0.0,1352163.0
2570,2016-10-01,2.0,Ethiopia,SNNP,Gedeo,2.0,3.0,SNNP,Gedeo,1131834,1046246,0.0,1046246.0,0.0,0.0,0.0,1046246.0,0.0,1046246.0,0.0,0.0,0.0,1046246.0,0.0,0.0,1046246.0,0.0,0.0,1046246.0
2571,2016-10-01,1.0,Ethiopia,SNNP,Gofa,1.0,3.0,SNNP,Gofa,623589,576434,576434.0,0.0,0.0,0.0,0.0,576434.0,576434.0,0.0,0.0,0.0,0.0,576434.0,0.0,0.0,576434.0,0.0,0.0,576434.0
2572,2016-10-01,2.0,Ethiopia,Oromia,Guji,2.0,3.0,Oromia,Guji,1482472,1370369,0.0,1370369.0,0.0,0.0,0.0,1370369.0,0.0,1370369.0,0.0,0.0,0.0,1370369.0,0.0,0.0,1370369.0,0.0,0.0,1370369.0
2573,2016-10-01,2.0,Ethiopia,SNNP,Guraghe,2.0,3.0,SNNP,Guraghe,1882107,1739784,0.0,1739784.0,0.0,0.0,0.0,1739784.0,0.0,1739784.0,0.0,0.0,0.0,1739784.0,0.0,0.0,1739784.0,0.0,0.0,1739784.0
2574,2016-10-01,1.0,Ethiopia,SNNP,Hadiya,1.0,3.0,SNNP,Hadiya,1700138,1571576,1571576.0,0.0,0.0,0.0,0.0,1571576.0,1571576.0,0.0,0.0,0.0,0.0,1571576.0,0.0,0.0,1571576.0,0.0,0.0,1571576.0
2575,2016-10-01,2.0,Ethiopia,SNNP,Halaba Special,2.0,3.0,SNNP,Halaba Special,658130,608363,0.0,608363.0,0.0,0.0,0.0,608363.0,0.0,608363.0,0.0,0.0,0.0,608363.0,0.0,0.0,608363.0,0.0,0.0,608363.0
2576,2016-10-01,2.0,Ethiopia,Harari,Harari,2.0,3.0,Harari,Harari,260022,240359,0.0,240359.0,0.0,0.0,0.0,240359.0,0.0,240359.0,0.0,0.0,0.0,240359.0,0.0,0.0,240359.0,0.0,0.0,240359.0
2577,2016-10-01,2.0,Ethiopia,Somali,Jarar,2.0,3.0,Somali,Jarar,641077,592599,0.0,592599.0,0.0,0.0,0.0,592599.0,0.0,592599.0,0.0,0.0,0.0,592599.0,0.0,0.0,592599.0,0.0,0.0,592599.0
2578,2016-10-01,1.0,Ethiopia,Oromia,Jimma,1.0,1.0,Oromia,Jimma,3672640,3394920,3394920.0,0.0,0.0,0.0,0.0,3394920.0,3394920.0,0.0,0.0,0.0,0.0,3394920.0,3394920.0,0.0,0.0,0.0,0.0,3394920.0
2579,2016-10-01,2.0,Ethiopia,Benishangul Gumz,Kemashi,2.0,2.0,Benishangul Gumz,Kemashi,150986,139568,0.0,139568.0,0.0,0.0,0.0,139568.0,0.0,139568.0,0.0,0.0,0.0,139568.0,0.0,139568.0,0.0,0.0,0.0,139568.0
2580,2016-10-01,1.0,Ethiopia,SNNP,Kembata Tibaro,1.0,2.0,SNNP,Kembata Tibaro,911347,842432,842432.0,0.0,0.0,0.0,0.0,842432.0,842432.0,0.0,0.0,0.0,0.0,842432.0,0.0,842432.0,0.0,0.0,0.0,842432.0
2581,2016-10-01,2.0,Ethiopia,SNNP,Konso,2.0,3.0,SNNP,Konso,284360,262857,0.0,262857.0,0.0,0.0,0.0,262857.0,0.0,262857.0,0.0,0.0,0.0,262857.0,0.0,0.0,262857.0,0.0,0.0,262857.0
2582,2016-10-01,2.0,Ethiopia,Somali,Liban,2.0,3.0,Somali,Liban,505190,466988,0.0,466988.0,0.0,0.0,0.0,466988.0,0.0,466988.0,0.0,0.0,0.0,466988.0,0.0,0.0,466988.0,0.0,0.0,466988.0
2583,2016-10-01,1.0,Ethiopia,Tigray,Mekele Special,1.0,1.0,Tigray,Mekele Special,418327,386693,386693.0,0.0,0.0,0.0,0.0,386693.0,386693.0,0.0,0.0,0.0,0.0,386693.0,386693.0,0.0,0.0,0.0,0.0,386693.0
2584,2016-10-01,2.0,Ethiopia,SNNP,Mirab Omo,3.0,3.0,SNNP,Mirab Omo,262515,242664,0.0,242664.0,0.0,0.0,0.0,242664.0,0.0,0.0,242664.0,0.0,0.0,242664.0,0.0,0.0,242664.0,0.0,0.0,242664.0
2585,2016-10-01,2.0,Ethiopia,Somali,Nogob,2.0,3.0,Somali,Nogob,217220,200794,0.0,200794.0,0.0,0.0,0.0,200794.0,0.0,200794.0,0.0,0.0,0.0,200794.0,0.0,0.0,200794.0,0.0,0.0,200794.0
2586,2016-10-01,2.0,Ethiopia,Amhara,North Gondar,2.0,3.0,Amhara,North Gondar,889977,822678,0.0,822678.0,0.0,0.0,0.0,822678.0,0.0,822678.0,0.0,0.0,0.0,822678.0,0.0,0.0,822678.0,0.0,0.0,822678.0
2587,2016-10-01,3.0,Ethiopia,Amhara,North Shewa,3.0,3.0,Amhara,North Shewa,2293091,2119690,0.0,0.0,2119690.0,0.0,0.0,2119690.0,0.0,0.0,2119690.0,0.0,0.0,2119690.0,0.0,0.0,2119690.0,0.0,0.0,2119690.0
2588,2016-10-01,2.0,Ethiopia,Amhara,North Wello,2.0,3.0,Amhara,North Wello,1740337,1608735,0.0,1608735.0,0.0,0.0,0.0,1608735.0,0.0,1608735.0,0.0,0.0,0.0,1608735.0,0.0,0.0,1608735.0,0.0,0.0,1608735.0
2589,2016-10-01,2.0,Ethiopia,Tigray,North Western,2.0,3.0,Tigray,North Western,893262,825714,0.0,825714.0,0.0,0.0,0.0,825714.0,0.0,825714.0,0.0,0.0,0.0,825714.0,0.0,0.0,825714.0,0.0,0.0,825714.0
2590,2016-10-01,3.0,Ethiopia,Gambela,Nuwer,3.0,4.0,Gambela,Nuwer,166901,154280,0.0,0.0,154280.0,0.0,0.0,154280.0,0.0,0.0,154280.0,0.0,0.0,154280.0,0.0,0.0,0.0,154280.0,0.0,154280.0
2591,2016-10-01,2.0,Ethiopia,Amhara,Oromia,2.0,2.0,Amhara,Oromia,569808,526719,0.0,526719.0,0.0,0.0,0.0,526719.0,0.0,526719.0,0.0,0.0,0.0,526719.0,0.0,526719.0,0.0,0.0,0.0,526719.0
2592,2016-10-01,3.0,Ethiopia,Somali,Shabelle,3.0,3.0,Somali,Shabelle,647430,598472,0.0,0.0,598472.0,0.0,0.0,598472.0,0.0,0.0,598472.0,0.0,0.0,598472.0,0.0,0.0,598472.0,0.0,0.0,598472.0
2593,2016-10-01,2.0,Ethiopia,SNNP,Sidama,2.0,3.0,SNNP,Sidama,4212331,3893800,0.0,3893800.0,0.0,0.0,0.0,3893800.0,0.0,3893800.0,0.0,0.0,0.0,3893800.0,0.0,0.0,3893800.0,0.0,0.0,3893800.0
2594,2016-10-01,2.0,Ethiopia,SNNP,Siltie,2.0,3.0,SNNP,Siltie,1051444,971935,0.0,971935.0,0.0,0.0,0.0,971935.0,0.0,971935.0,0.0,0.0,0.0,971935.0,0.0,0.0,971935.0,0.0,0.0,971935.0
2595,2016-10-01,3.0,Ethiopia,Somali,Siti,3.0,3.0,Somali,Siti,644214,595499,0.0,0.0,595499.0,0.0,0.0,595499.0,0.0,0.0,595499.0,0.0,0.0,595499.0,0.0,0.0,595499.0,0.0,0.0,595499.0
2596,2016-10-01,2.0,Ethiopia,Tigray,South Eastern,2.0,3.0,Tigray,South Eastern,528199,488257,0.0,488257.0,0.0,0.0,0.0,488257.0,0.0,488257.0,0.0,0.0,0.0,488257.0,0.0,0.0,488257.0,0.0,0.0,488257.0
2597,2016-10-01,2.0,Ethiopia,Amhara,South Gondar,2.0,2.0,Amhara,South Gondar,2526963,2335877,0.0,2335877.0,0.0,0.0,0.0,2335877.0,0.0,2335877.0,0.0,0.0,0.0,2335877.0,0.0,2335877.0,0.0,0.0,0.0,2335877.0
2598,2016-10-01,2.0,Ethiopia,SNNP,South Omo,3.0,3.0,SNNP,South Omo,754134,697107,0.0,697107.0,0.0,0.0,0.0,697107.0,0.0,0.0,697107.0,0.0,0.0,697107.0,0.0,0.0,697107.0,0.0,0.0,697107.0
2599,2016-10-01,2.0,Ethiopia,Amhara,South Wello,2.0,3.0,Amhara,South Wello,3246827,3001306,0.0,3001306.0,0.0,0.0,0.0,3001306.0,0.0,3001306.0,0.0,0.0,0.0,3001306.0,0.0,0.0,3001306.0,0.0,0.0,3001306.0
2600,2016-10-01,2.0,Ethiopia,Oromia,South West Shewa,1.0,2.0,Oromia,South West Shewa,1264234,1168634,0.0,1168634.0,0.0,0.0,0.0,1168634.0,1168634.0,0.0,0.0,0.0,0.0,1168634.0,0.0,1168634.0,0.0,0.0,0.0,1168634.0
2601,2016-10-01,2.0,Ethiopia,Tigray,Southern,2.0,3.0,Tigray,Southern,752344,695452,0.0,695452.0,0.0,0.0,0.0,695452.0,0.0,695452.0,0.0,0.0,0.0,695452.0,0.0,0.0,695452.0,0.0,0.0,695452.0
2602,2016-10-01,2.0,Ethiopia,Amhara,Wag Hamra,2.0,3.0,Amhara,Wag Hamra,516457,477403,0.0,477403.0,0.0,0.0,0.0,477403.0,0.0,477403.0,0.0,0.0,0.0,477403.0,0.0,0.0,477403.0,0.0,0.0,477403.0
2603,2016-10-01,2.0,Ethiopia,Oromia,West Arsi,2.0,3.0,Oromia,West Arsi,2868933,2651988,0.0,2651988.0,0.0,0.0,0.0,2651988.0,0.0,2651988.0,0.0,0.0,0.0,2651988.0,0.0,0.0,2651988.0,0.0,0.0,2651988.0
2604,2016-10-01,2.0,Ethiopia,Oromia,West Guji,2.0,3.0,Oromia,West Guji,1223292,1130788,0.0,1130788.0,0.0,0.0,0.0,1130788.0,0.0,1130788.0,0.0,0.0,0.0,1130788.0,0.0,0.0,1130788.0,0.0,0.0,1130788.0
2605,2016-10-01,3.0,Ethiopia,Oromia,West Hararge,3.0,3.0,Oromia,West Hararge,2568661,2374422,0.0,0.0,2374422.0,0.0,0.0,2374422.0,0.0,0.0,2374422.0,0.0,0.0,2374422.0,0.0,0.0,2374422.0,0.0,0.0,2374422.0
2606,2016-10-01,1.0,Ethiopia,Oromia,West Wellega,1.0,1.0,Oromia,West Wellega,1880222,1738042,1738042.0,0.0,0.0,0.0,0.0,1738042.0,1738042.0,0.0,0.0,0.0,0.0,1738042.0,1738042.0,0.0,0.0,0.0,0.0,1738042.0
2607,2016-10-01,2.0,Ethiopia,Tigray,Western,2.0,2.0,Tigray,Western,440553,407239,0.0,407239.0,0.0,0.0,0.0,407239.0,0.0,407239.0,0.0,0.0,0.0,407239.0,0.0,407239.0,0.0,0.0,0.0,407239.0
2608,2016-10-01,2.0,Ethiopia,SNNP,Wolayita,2.0,3.0,SNNP,Wolayita,1999292,1848108,0.0,1848108.0,0.0,0.0,0.0,1848108.0,0.0,1848108.0,0.0,0.0,0.0,1848108.0,0.0,0.0,1848108.0,0.0,0.0,1848108.0
2609,2016-10-01,1.0,Ethiopia,SNNP,Yem Special,1.0,1.0,SNNP,Yem Special,102526,94773,94773.0,0.0,0.0,0.0,0.0,94773.0,94773.0,0.0,0.0,0.0,0.0,94773.0,94773.0,0.0,0.0,0.0,0.0,94773.0
2610,2016-10-01,3.0,Ethiopia,Afar,Zone 1 (Awsi Rasu),3.0,3.0,Afar,Zone 1 (Awsi Rasu),643036,594410,0.0,0.0,594410.0,0.0,0.0,594410.0,0.0,0.0,594410.0,0.0,0.0,594410.0,0.0,0.0,594410.0,0.0,0.0,594410.0
2611,2016-10-01,2.0,Ethiopia,Afar,Zone 2 (Kilbet Rasu),2.0,2.0,Afar,Zone 2 (Kilbet Rasu),493764,456426,0.0,456426.0,0.0,0.0,0.0,456426.0,0.0,456426.0,0.0,0.0,0.0,456426.0,0.0,456426.0,0.0,0.0,0.0,456426.0
2612,2016-10-01,3.0,Ethiopia,Afar,Zone 3 (Gabi Rasu),3.0,3.0,Afar,Zone 3 (Gabi Rasu),281357,260081,0.0,0.0,260081.0,0.0,0.0,260081.0,0.0,0.0,260081.0,0.0,0.0,260081.0,0.0,0.0,260081.0,0.0,0.0,260081.0
2613,2016-10-01,2.0,Ethiopia,Afar,Zone 4 (Fantana Rasu),2.0,2.0,Afar,Zone 4 (Fantana Rasu),276855,255919,0.0,255919.0,0.0,0.0,0.0,255919.0,0.0,255919.0,0.0,0.0,0.0,255919.0,0.0,255919.0,0.0,0.0,0.0,255919.0
2614,2016-10-01,3.0,Ethiopia,Afar,Zone 5 (Hari Rasu),3.0,3.0,Afar,Zone 5 (Hari Rasu),209402,193567,0.0,0.0,193567.0,0.0,0.0,193567.0,0.0,0.0,193567.0,0.0,0.0,193567.0,0.0,0.0,193567.0,0.0,0.0,193567.0
2615,2016-10-01,2.0,Ethiopia,Gambela,Agnewak,3.0,3.0,Gambela,Agnewak,164054,151648,0.0,151648.0,0.0,0.0,0.0,151648.0,0.0,0.0,151648.0,0.0,0.0,151648.0,0.0,0.0,151648.0,0.0,0.0,151648.0
2616,2016-10-01,2.0,Ethiopia,Somali,Doolo,2.0,3.0,Somali,Doolo,425824,393623,0.0,393623.0,0.0,0.0,0.0,393623.0,0.0,393623.0,0.0,0.0,0.0,393623.0,0.0,0.0,393623.0,0.0,0.0,393623.0
2617,2016-10-01,2.0,Ethiopia,Somali,Korahe,2.0,3.0,Somali,Korahe,511890,473181,0.0,473181.0,0.0,0.0,0.0,473181.0,0.0,473181.0,0.0,0.0,0.0,473181.0,0.0,0.0,473181.0,0.0,0.0,473181.0
2618,2016-10-01,2.0,Ethiopia,Oromia,Finfine Special,2.0,3.0,Oromia,Finfine Special,1040106,961454,0.0,961454.0,0.0,0.0,0.0,961454.0,0.0,961454.0,0.0,0.0,0.0,961454.0,0.0,0.0,961454.0,0.0,0.0,961454.0
2619,2016-10-01,1.0,Ethiopia,Addis Ababa,Region 14,1.0,1.0,Addis Ababa,Region 14,3585647,3314505,3314505.0,0.0,0.0,0.0,0.0,3314505.0,3314505.0,0.0,0.0,0.0,0.0,3314505.0,3314505.0,0.0,0.0,0.0,0.0,3314505.0
2620,2016-10-01,1.0,Ethiopia,Amhara,West Gojam,1.0,1.0,Amhara,West Gojam,2894095,2675247,2675247.0,0.0,0.0,0.0,0.0,2675247.0,2675247.0,0.0,0.0,0.0,0.0,2675247.0,2675247.0,0.0,0.0,0.0,0.0,2675247.0
2621,2016-10-01,1.0,Ethiopia,SNNP,Basketo,1.0,2.0,SNNP,Basketo,75512,69801,69801.0,0.0,0.0,0.0,0.0,69801.0,69801.0,0.0,0.0,0.0,0.0,69801.0,0.0,69801.0,0.0,0.0,0.0,69801.0
2622,2016-10-01,1.0,Ethiopia,SNNP,Bench Maji,1.0,1.0,SNNP,Bench Maji,603595,557952,557952.0,0.0,0.0,0.0,0.0,557952.0,557952.0,0.0,0.0,0.0,0.0,557952.0,557952.0,0.0,0.0,0.0,0.0,557952.0
2623,2016-10-01,2.0,Ethiopia,Gambela,Etang Special woreda,2.0,3.0,Gambela,Etang Special woreda,50260,46459,0.0,46459.0,0.0,0.0,0.0,46459.0,0.0,46459.0,0.0,0.0,0.0,46459.0,0.0,0.0,46459.0,0.0,0.0,46459.0
2624,2016-10-01,1.0,Ethiopia,Oromia,Ilu Aba Bora,1.0,1.0,Oromia,Ilu Aba Bora,953178,881100,881100.0,0.0,0.0,0.0,0.0,881100.0,881100.0,0.0,0.0,0.0,0.0,881100.0,881100.0,0.0,0.0,0.0,0.0,881100.0
2625,2016-10-01,1.0,Ethiopia,SNNP,Kefa,1.0,1.0,SNNP,Kefa,1053546,973878,973878.0,0.0,0.0,0.0,0.0,973878.0,973878.0,0.0,0.0,0.0,0.0,973878.0,973878.0,0.0,0.0,0.0,0.0,973878.0
2626,2016-10-01,1.0,Ethiopia,SNNP,Konta Special,1.0,2.0,SNNP,Konta Special,119904,110837,110837.0,0.0,0.0,0.0,0.0,110837.0,110837.0,0.0,0.0,0.0,0.0,110837.0,0.0,110837.0,0.0,0.0,0.0,110837.0
2627,2016-10-01,1.0,Ethiopia,Gambela,Mejenger,1.0,1.0,Gambela,Mejenger,81617,75445,75445.0,0.0,0.0,0.0,0.0,75445.0,75445.0,0.0,0.0,0.0,0.0,75445.0,75445.0,0.0,0.0,0.0,0.0,75445.0
2628,2016-10-01,2.0,Ethiopia,Benishangul Gumz,Asosa,2.0,2.0,Benishangul Gumz,Asosa,402287,371866,0.0,371866.0,0.0,0.0,0.0,371866.0,0.0,371866.0,0.0,0.0,0.0,371866.0,0.0,371866.0,0.0,0.0,0.0,371866.0
2629,2016-10-01,2.0,Ethiopia,Dire Dawa,Dire Dawa urban,1.0,2.0,Dire Dawa,Dire Dawa urban,319985,295788,0.0,295788.0,0.0,0.0,0.0,295788.0,295788.0,0.0,0.0,0.0,0.0,295788.0,0.0,295788.0,0.0,0.0,0.0,295788.0
2630,2016-10-01,1.0,Ethiopia,Oromia,Horo Gudru Wellega,1.0,1.0,Oromia,Horo Gudru Wellega,791731,731861,731861.0,0.0,0.0,0.0,0.0,731861.0,731861.0,0.0,0.0,0.0,0.0,731861.0,731861.0,0.0,0.0,0.0,0.0,731861.0
2631,2016-10-01,2.0,Ethiopia,Oromia,Kelem Wellega,2.0,3.0,Oromia,Kelem Wellega,1141498,1055179,0.0,1055179.0,0.0,0.0,0.0,1055179.0,0.0,1055179.0,0.0,0.0,0.0,1055179.0,0.0,0.0,1055179.0,0.0,0.0,1055179.0
2632,2016-10-01,2.0,Ethiopia,Benishangul Gumz,Mao Komo Special,2.0,3.0,Benishangul Gumz,Mao Komo Special,70414,65089,0.0,65089.0,0.0,0.0,0.0,65089.0,0.0,65089.0,0.0,0.0,0.0,65089.0,0.0,0.0,65089.0,0.0,0.0,65089.0
2633,2016-10-01,1.0,Ethiopia,Benishangul Gumz,Metekel,1.0,1.0,Benishangul Gumz,Metekel,479162,442928,442928.0,0.0,0.0,0.0,0.0,442928.0,442928.0,0.0,0.0,0.0,0.0,442928.0,442928.0,0.0,0.0,0.0,0.0,442928.0
2634,2016-10-01,2.0,Ethiopia,Oromia,North Shewa,2.0,3.0,Oromia,North Shewa,1626893,1503869,0.0,1503869.0,0.0,0.0,0.0,1503869.0,0.0,1503869.0,0.0,0.0,0.0,1503869.0,0.0,0.0,1503869.0,0.0,0.0,1503869.0
2635,2016-10-01,1.0,Ethiopia,SNNP,Sheka,1.0,1.0,SNNP,Sheka,274212,253476,253476.0,0.0,0.0,0.0,0.0,253476.0,253476.0,0.0,0.0,0.0,0.0,253476.0,253476.0,0.0,0.0,0.0,0.0,253476.0
2636,2016-10-01,2.0,Ethiopia,Oromia,West Shewa,1.0,1.0,Oromia,West Shewa,2773901,2564142,0.0,2564142.0,0.0,0.0,0.0,2564142.0,2564142.0,0.0,0.0,0.0,0.0,2564142.0,2564142.0,0.0,0.0,0.0,0.0,2564142.0
2637,2016-10-01,1.0,Ethiopia,Amhara,Awi,1.0,1.0,Amhara,Awi,1338704,1237473,1237473.0,0.0,0.0,0.0,0.0,1237473.0,1237473.0,0.0,0.0,0.0,0.0,1237473.0,1237473.0,0.0,0.0,0.0,0.0,1237473.0
2638,2016-10-01,1.0,Ethiopia,Amhara,West Gondar,1.0,1.0,Amhara,West Gondar,381393,352552,352552.0,0.0,0.0,0.0,0.0,352552.0,352552.0,0.0,0.0,0.0,0.0,352552.0,352552.0,0.0,0.0,0.0,0.0,352552.0
2639,2017-06-01,4.0,Ethiopia,Somali,Afder,4.0,4.0,Somali,Afder,654828,621649,0.0,0.0,0.0,621649.0,0.0,621649.0,0.0,0.0,0.0,621649.0,0.0,621649.0,0.0,0.0,0.0,621649.0,0.0,621649.0
2640,2017-06-01,3.0,Ethiopia,SNNP,Alle,3.0,2.0,SNNP,Alle,81190,77076,0.0,0.0,77076.0,0.0,0.0,77076.0,0.0,0.0,77076.0,0.0,0.0,77076.0,0.0,77076.0,0.0,0.0,0.0,77076.0
2641,2017-06-01,3.0,Ethiopia,SNNP,Amaro,3.0,2.0,SNNP,Amaro,195252,185359,0.0,0.0,185359.0,0.0,0.0,185359.0,0.0,0.0,185359.0,0.0,0.0,185359.0,0.0,185359.0,0.0,0.0,0.0,185359.0
2642,2017-06-01,3.0,Ethiopia,Oromia,Arsi,3.0,2.0,Oromia,Arsi,3645492,3460785,0.0,0.0,3460785.0,0.0,0.0,3460785.0,0.0,0.0,3460785.0,0.0,0.0,3460785.0,0.0,3460785.0,0.0,0.0,0.0,3460785.0
2643,2017-06-01,3.0,Ethiopia,Oromia,Bale,3.0,3.0,Oromia,Bale,1887498,1791863,0.0,0.0,1791863.0,0.0,0.0,1791863.0,0.0,0.0,1791863.0,0.0,0.0,1791863.0,0.0,0.0,1791863.0,0.0,0.0,1791863.0
2644,2017-06-01,3.0,Ethiopia,Oromia,Borena,3.0,3.0,Oromia,Borena,545493,517854,0.0,0.0,517854.0,0.0,0.0,517854.0,0.0,0.0,517854.0,0.0,0.0,517854.0,0.0,0.0,517854.0,0.0,0.0,517854.0
2645,2017-06-01,1.0,Ethiopia,Oromia,Buno Bedele,1.0,1.0,Oromia,Buno Bedele,809088,768093,768093.0,0.0,0.0,0.0,0.0,768093.0,768093.0,0.0,0.0,0.0,0.0,768093.0,768093.0,0.0,0.0,0.0,0.0,768093.0
2646,2017-06-01,3.0,Ethiopia,SNNP,Burji,3.0,2.0,SNNP,Burji,71728,68093,0.0,0.0,68093.0,0.0,0.0,68093.0,0.0,0.0,68093.0,0.0,0.0,68093.0,0.0,68093.0,0.0,0.0,0.0,68093.0
2647,2017-06-01,3.0,Ethiopia,Tigray,Central,3.0,2.0,Tigray,Central,1384454,1314307,0.0,0.0,1314307.0,0.0,0.0,1314307.0,0.0,0.0,1314307.0,0.0,0.0,1314307.0,0.0,1314307.0,0.0,0.0,0.0,1314307.0
2648,2017-06-01,3.0,Ethiopia,Amhara,Central Gondar,3.0,2.0,Amhara,Central Gondar,2719899,2582089,0.0,0.0,2582089.0,0.0,0.0,2582089.0,0.0,0.0,2582089.0,0.0,0.0,2582089.0,0.0,2582089.0,0.0,0.0,0.0,2582089.0
2649,2017-06-01,3.0,Ethiopia,Somali,Daawa,3.0,3.0,Somali,Daawa,457130,433968,0.0,0.0,433968.0,0.0,0.0,433968.0,0.0,0.0,433968.0,0.0,0.0,433968.0,0.0,0.0,433968.0,0.0,0.0,433968.0
2650,2017-06-01,2.0,Ethiopia,SNNP,Dawuro,2.0,2.0,SNNP,Dawuro,643931,611304,0.0,611304.0,0.0,0.0,0.0,611304.0,0.0,611304.0,0.0,0.0,0.0,611304.0,0.0,611304.0,0.0,0.0,0.0,611304.0
2651,2017-06-01,3.0,Ethiopia,SNNP,Derashe,3.0,2.0,SNNP,Derashe,107301,101864,0.0,0.0,101864.0,0.0,0.0,101864.0,0.0,0.0,101864.0,0.0,0.0,101864.0,0.0,101864.0,0.0,0.0,0.0,101864.0
2652,2017-06-01,3.0,Ethiopia,Dire Dawa,Dire Dawa rural,3.0,2.0,Dire Dawa,Dire Dawa rural,188933,179360,0.0,0.0,179360.0,0.0,0.0,179360.0,0.0,0.0,179360.0,0.0,0.0,179360.0,0.0,179360.0,0.0,0.0,0.0,179360.0
2653,2017-06-01,2.0,Ethiopia,Amhara,East Gojam,3.0,2.0,Amhara,East Gojam,2672621,2537207,0.0,2537207.0,0.0,0.0,0.0,2537207.0,0.0,0.0,2537207.0,0.0,0.0,2537207.0,0.0,2537207.0,0.0,0.0,0.0,2537207.0
2654,2017-06-01,3.0,Ethiopia,Oromia,East Hararge,3.0,2.0,Oromia,East Hararge,3739861,3550373,0.0,0.0,3550373.0,0.0,0.0,3550373.0,0.0,0.0,3550373.0,0.0,0.0,3550373.0,0.0,3550373.0,0.0,0.0,0.0,3550373.0
2655,2017-06-01,3.0,Ethiopia,Oromia,East Shewa,3.0,2.0,Oromia,East Shewa,2234419,2121207,0.0,0.0,2121207.0,0.0,0.0,2121207.0,0.0,0.0,2121207.0,0.0,0.0,2121207.0,0.0,2121207.0,0.0,0.0,0.0,2121207.0
2656,2017-06-01,1.0,Ethiopia,Oromia,East Wellega,1.0,1.0,Oromia,East Wellega,1693681,1607867,1607867.0,0.0,0.0,0.0,0.0,1607867.0,1607867.0,0.0,0.0,0.0,0.0,1607867.0,1607867.0,0.0,0.0,0.0,0.0,1607867.0
2657,2017-06-01,2.0,Ethiopia,Tigray,Eastern,3.0,2.0,Tigray,Eastern,940053,892423,0.0,892423.0,0.0,0.0,0.0,892423.0,0.0,0.0,892423.0,0.0,0.0,892423.0,0.0,892423.0,0.0,0.0,0.0,892423.0
2658,2017-06-01,3.0,Ethiopia,Somali,Erer,3.0,3.0,Somali,Erer,268901,255276,0.0,0.0,255276.0,0.0,0.0,255276.0,0.0,0.0,255276.0,0.0,0.0,255276.0,0.0,0.0,255276.0,0.0,0.0,255276.0
2659,2017-06-01,4.0,Ethiopia,Somali,Fafan,4.0,4.0,Somali,Fafan,1242707,1179742,0.0,0.0,0.0,1179742.0,0.0,1179742.0,0.0,0.0,0.0,1179742.0,0.0,1179742.0,0.0,0.0,0.0,1179742.0,0.0,1179742.0
2660,2017-06-01,3.0,Ethiopia,SNNP,Gamo,3.0,2.0,SNNP,Gamo,1462777,1388662,0.0,0.0,1388662.0,0.0,0.0,1388662.0,0.0,0.0,1388662.0,0.0,0.0,1388662.0,0.0,1388662.0,0.0,0.0,0.0,1388662.0
2661,2017-06-01,3.0,Ethiopia,SNNP,Gedeo,3.0,2.0,SNNP,Gedeo,1131834,1074487,0.0,0.0,1074487.0,0.0,0.0,1074487.0,0.0,0.0,1074487.0,0.0,0.0,1074487.0,0.0,1074487.0,0.0,0.0,0.0,1074487.0
2662,2017-06-01,3.0,Ethiopia,SNNP,Gofa,3.0,2.0,SNNP,Gofa,623589,591993,0.0,0.0,591993.0,0.0,0.0,591993.0,0.0,0.0,591993.0,0.0,0.0,591993.0,0.0,591993.0,0.0,0.0,0.0,591993.0
2663,2017-06-01,3.0,Ethiopia,Oromia,Guji,3.0,2.0,Oromia,Guji,1482472,1407359,0.0,0.0,1407359.0,0.0,0.0,1407359.0,0.0,0.0,1407359.0,0.0,0.0,1407359.0,0.0,1407359.0,0.0,0.0,0.0,1407359.0
2664,2017-06-01,3.0,Ethiopia,SNNP,Guraghe,3.0,2.0,SNNP,Guraghe,1882107,1786746,0.0,0.0,1786746.0,0.0,0.0,1786746.0,0.0,0.0,1786746.0,0.0,0.0,1786746.0,0.0,1786746.0,0.0,0.0,0.0,1786746.0
2665,2017-06-01,3.0,Ethiopia,SNNP,Hadiya,3.0,2.0,SNNP,Hadiya,1700138,1613996,0.0,0.0,1613996.0,0.0,0.0,1613996.0,0.0,0.0,1613996.0,0.0,0.0,1613996.0,0.0,1613996.0,0.0,0.0,0.0,1613996.0
2666,2017-06-01,3.0,Ethiopia,SNNP,Halaba Special,3.0,2.0,SNNP,Halaba Special,658130,624784,0.0,0.0,624784.0,0.0,0.0,624784.0,0.0,0.0,624784.0,0.0,0.0,624784.0,0.0,624784.0,0.0,0.0,0.0,624784.0
2667,2017-06-01,3.0,Ethiopia,Harari,Harari,3.0,2.0,Harari,Harari,260022,246847,0.0,0.0,246847.0,0.0,0.0,246847.0,0.0,0.0,246847.0,0.0,0.0,246847.0,0.0,246847.0,0.0,0.0,0.0,246847.0
2668,2017-06-01,4.0,Ethiopia,Somali,Jarar,4.0,4.0,Somali,Jarar,641077,608595,0.0,0.0,0.0,608595.0,0.0,608595.0,0.0,0.0,0.0,608595.0,0.0,608595.0,0.0,0.0,0.0,608595.0,0.0,608595.0
2669,2017-06-01,2.0,Ethiopia,Oromia,Jimma,2.0,1.0,Oromia,Jimma,3672640,3486557,0.0,3486557.0,0.0,0.0,0.0,3486557.0,0.0,3486557.0,0.0,0.0,0.0,3486557.0,3486557.0,0.0,0.0,0.0,0.0,3486557.0
2670,2017-06-01,2.0,Ethiopia,Benishangul Gumz,Kemashi,2.0,2.0,Benishangul Gumz,Kemashi,150986,143335,0.0,143335.0,0.0,0.0,0.0,143335.0,0.0,143335.0,0.0,0.0,0.0,143335.0,0.0,143335.0,0.0,0.0,0.0,143335.0
2671,2017-06-01,3.0,Ethiopia,SNNP,Kembata Tibaro,3.0,2.0,SNNP,Kembata Tibaro,911347,865171,0.0,0.0,865171.0,0.0,0.0,865171.0,0.0,0.0,865171.0,0.0,0.0,865171.0,0.0,865171.0,0.0,0.0,0.0,865171.0
2672,2017-06-01,3.0,Ethiopia,SNNP,Konso,3.0,2.0,SNNP,Konso,284360,269952,0.0,0.0,269952.0,0.0,0.0,269952.0,0.0,0.0,269952.0,0.0,0.0,269952.0,0.0,269952.0,0.0,0.0,0.0,269952.0
2673,2017-06-01,4.0,Ethiopia,Somali,Liban,4.0,4.0,Somali,Liban,505190,479593,0.0,0.0,0.0,479593.0,0.0,479593.0,0.0,0.0,0.0,479593.0,0.0,479593.0,0.0,0.0,0.0,479593.0,0.0,479593.0
2674,2017-06-01,2.0,Ethiopia,Tigray,Mekele Special,2.0,1.0,Tigray,Mekele Special,418327,397131,0.0,397131.0,0.0,0.0,0.0,397131.0,0.0,397131.0,0.0,0.0,0.0,397131.0,397131.0,0.0,0.0,0.0,0.0,397131.0
2675,2017-06-01,3.0,Ethiopia,SNNP,Mirab Omo,3.0,3.0,SNNP,Mirab Omo,262515,249214,0.0,0.0,249214.0,0.0,0.0,249214.0,0.0,0.0,249214.0,0.0,0.0,249214.0,0.0,0.0,249214.0,0.0,0.0,249214.0
2676,2017-06-01,4.0,Ethiopia,Somali,Nogob,4.0,4.0,Somali,Nogob,217220,206214,0.0,0.0,0.0,206214.0,0.0,206214.0,0.0,0.0,0.0,206214.0,0.0,206214.0,0.0,0.0,0.0,206214.0,0.0,206214.0
2677,2017-06-01,3.0,Ethiopia,Amhara,North Gondar,3.0,2.0,Amhara,North Gondar,889977,844884,0.0,0.0,844884.0,0.0,0.0,844884.0,0.0,0.0,844884.0,0.0,0.0,844884.0,0.0,844884.0,0.0,0.0,0.0,844884.0
2678,2017-06-01,2.0,Ethiopia,Amhara,North Shewa,2.0,1.0,Amhara,North Shewa,2293091,2176906,0.0,2176906.0,0.0,0.0,0.0,2176906.0,0.0,2176906.0,0.0,0.0,0.0,2176906.0,2176906.0,0.0,0.0,0.0,0.0,2176906.0
2679,2017-06-01,3.0,Ethiopia,Amhara,North Wello,3.0,2.0,Amhara,North Wello,1740337,1652159,0.0,0.0,1652159.0,0.0,0.0,1652159.0,0.0,0.0,1652159.0,0.0,0.0,1652159.0,0.0,1652159.0,0.0,0.0,0.0,1652159.0
2680,2017-06-01,3.0,Ethiopia,Tigray,North Western,3.0,2.0,Tigray,North Western,893262,848002,0.0,0.0,848002.0,0.0,0.0,848002.0,0.0,0.0,848002.0,0.0,0.0,848002.0,0.0,848002.0,0.0,0.0,0.0,848002.0
2681,2017-06-01,3.0,Ethiopia,Gambela,Nuwer,3.0,3.0,Gambela,Nuwer,166901,158444,0.0,0.0,158444.0,0.0,0.0,158444.0,0.0,0.0,158444.0,0.0,0.0,158444.0,0.0,0.0,158444.0,0.0,0.0,158444.0
2682,2017-06-01,2.0,Ethiopia,Amhara,Oromia,2.0,1.0,Amhara,Oromia,569808,540937,0.0,540937.0,0.0,0.0,0.0,540937.0,0.0,540937.0,0.0,0.0,0.0,540937.0,540937.0,0.0,0.0,0.0,0.0,540937.0
2683,2017-06-01,4.0,Ethiopia,Somali,Shabelle,4.0,4.0,Somali,Shabelle,647430,614626,0.0,0.0,0.0,614626.0,0.0,614626.0,0.0,0.0,0.0,614626.0,0.0,614626.0,0.0,0.0,0.0,614626.0,0.0,614626.0
2684,2017-06-01,3.0,Ethiopia,SNNP,Sidama,3.0,2.0,SNNP,Sidama,4212331,3998904,0.0,0.0,3998904.0,0.0,0.0,3998904.0,0.0,0.0,3998904.0,0.0,0.0,3998904.0,0.0,3998904.0,0.0,0.0,0.0,3998904.0
2685,2017-06-01,3.0,Ethiopia,SNNP,Siltie,3.0,2.0,SNNP,Siltie,1051444,998170,0.0,0.0,998170.0,0.0,0.0,998170.0,0.0,0.0,998170.0,0.0,0.0,998170.0,0.0,998170.0,0.0,0.0,0.0,998170.0
2686,2017-06-01,3.0,Ethiopia,Somali,Siti,3.0,2.0,Somali,Siti,644214,611573,0.0,0.0,611573.0,0.0,0.0,611573.0,0.0,0.0,611573.0,0.0,0.0,611573.0,0.0,611573.0,0.0,0.0,0.0,611573.0
2687,2017-06-01,3.0,Ethiopia,Tigray,South Eastern,3.0,2.0,Tigray,South Eastern,528199,501436,0.0,0.0,501436.0,0.0,0.0,501436.0,0.0,0.0,501436.0,0.0,0.0,501436.0,0.0,501436.0,0.0,0.0,0.0,501436.0
2688,2017-06-01,2.0,Ethiopia,Amhara,South Gondar,3.0,2.0,Amhara,South Gondar,2526963,2398929,0.0,2398929.0,0.0,0.0,0.0,2398929.0,0.0,0.0,2398929.0,0.0,0.0,2398929.0,0.0,2398929.0,0.0,0.0,0.0,2398929.0
2689,2017-06-01,3.0,Ethiopia,SNNP,South Omo,3.0,3.0,SNNP,South Omo,754134,715924,0.0,0.0,715924.0,0.0,0.0,715924.0,0.0,0.0,715924.0,0.0,0.0,715924.0,0.0,0.0,715924.0,0.0,0.0,715924.0
2690,2017-06-01,2.0,Ethiopia,Amhara,South Wello,3.0,2.0,Amhara,South Wello,3246827,3082319,0.0,3082319.0,0.0,0.0,0.0,3082319.0,0.0,0.0,3082319.0,0.0,0.0,3082319.0,0.0,3082319.0,0.0,0.0,0.0,3082319.0
2691,2017-06-01,3.0,Ethiopia,Oromia,South West Shewa,3.0,2.0,Oromia,South West Shewa,1264234,1200178,0.0,0.0,1200178.0,0.0,0.0,1200178.0,0.0,0.0,1200178.0,0.0,0.0,1200178.0,0.0,1200178.0,0.0,0.0,0.0,1200178.0
2692,2017-06-01,3.0,Ethiopia,Tigray,Southern,3.0,2.0,Tigray,Southern,752344,714224,0.0,0.0,714224.0,0.0,0.0,714224.0,0.0,0.0,714224.0,0.0,0.0,714224.0,0.0,714224.0,0.0,0.0,0.0,714224.0
2693,2017-06-01,3.0,Ethiopia,Amhara,Wag Hamra,3.0,2.0,Amhara,Wag Hamra,516457,490289,0.0,0.0,490289.0,0.0,0.0,490289.0,0.0,0.0,490289.0,0.0,0.0,490289.0,0.0,490289.0,0.0,0.0,0.0,490289.0
2694,2017-06-01,3.0,Ethiopia,Oromia,West Arsi,3.0,2.0,Oromia,West Arsi,2868933,2723572,0.0,0.0,2723572.0,0.0,0.0,2723572.0,0.0,0.0,2723572.0,0.0,0.0,2723572.0,0.0,2723572.0,0.0,0.0,0.0,2723572.0
2695,2017-06-01,3.0,Ethiopia,Oromia,West Guji,3.0,2.0,Oromia,West Guji,1223292,1161311,0.0,0.0,1161311.0,0.0,0.0,1161311.0,0.0,0.0,1161311.0,0.0,0.0,1161311.0,0.0,1161311.0,0.0,0.0,0.0,1161311.0
2696,2017-06-01,3.0,Ethiopia,Oromia,West Hararge,3.0,2.0,Oromia,West Hararge,2568661,2438514,0.0,0.0,2438514.0,0.0,0.0,2438514.0,0.0,0.0,2438514.0,0.0,0.0,2438514.0,0.0,2438514.0,0.0,0.0,0.0,2438514.0
2697,2017-06-01,1.0,Ethiopia,Oromia,West Wellega,1.0,1.0,Oromia,West Wellega,1880222,1784956,1784956.0,0.0,0.0,0.0,0.0,1784956.0,1784956.0,0.0,0.0,0.0,0.0,1784956.0,1784956.0,0.0,0.0,0.0,0.0,1784956.0
2698,2017-06-01,2.0,Ethiopia,Tigray,Western,3.0,2.0,Tigray,Western,440553,418231,0.0,418231.0,0.0,0.0,0.0,418231.0,0.0,0.0,418231.0,0.0,0.0,418231.0,0.0,418231.0,0.0,0.0,0.0,418231.0
2699,2017-06-01,3.0,Ethiopia,SNNP,Wolayita,3.0,2.0,SNNP,Wolayita,1999292,1897993,0.0,0.0,1897993.0,0.0,0.0,1897993.0,0.0,0.0,1897993.0,0.0,0.0,1897993.0,0.0,1897993.0,0.0,0.0,0.0,1897993.0
2700,2017-06-01,2.0,Ethiopia,SNNP,Yem Special,2.0,1.0,SNNP,Yem Special,102526,97331,0.0,97331.0,0.0,0.0,0.0,97331.0,0.0,97331.0,0.0,0.0,0.0,97331.0,97331.0,0.0,0.0,0.0,0.0,97331.0
2701,2017-06-01,2.0,Ethiopia,Afar,Zone 1 (Awsi Rasu),2.0,2.0,Afar,Zone 1 (Awsi Rasu),643036,610455,0.0,610455.0,0.0,0.0,0.0,610455.0,0.0,610455.0,0.0,0.0,0.0,610455.0,0.0,610455.0,0.0,0.0,0.0,610455.0
2702,2017-06-01,2.0,Ethiopia,Afar,Zone 2 (Kilbet Rasu),3.0,2.0,Afar,Zone 2 (Kilbet Rasu),493764,468746,0.0,468746.0,0.0,0.0,0.0,468746.0,0.0,0.0,468746.0,0.0,0.0,468746.0,0.0,468746.0,0.0,0.0,0.0,468746.0
2703,2017-06-01,2.0,Ethiopia,Afar,Zone 3 (Gabi Rasu),3.0,2.0,Afar,Zone 3 (Gabi Rasu),281357,267101,0.0,267101.0,0.0,0.0,0.0,267101.0,0.0,0.0,267101.0,0.0,0.0,267101.0,0.0,267101.0,0.0,0.0,0.0,267101.0
2704,2017-06-01,2.0,Ethiopia,Afar,Zone 4 (Fantana Rasu),3.0,2.0,Afar,Zone 4 (Fantana Rasu),276855,262827,0.0,262827.0,0.0,0.0,0.0,262827.0,0.0,0.0,262827.0,0.0,0.0,262827.0,0.0,262827.0,0.0,0.0,0.0,262827.0
2705,2017-06-01,2.0,Ethiopia,Afar,Zone 5 (Hari Rasu),2.0,1.0,Afar,Zone 5 (Hari Rasu),209402,198792,0.0,198792.0,0.0,0.0,0.0,198792.0,0.0,198792.0,0.0,0.0,0.0,198792.0,198792.0,0.0,0.0,0.0,0.0,198792.0
2706,2017-06-01,3.0,Ethiopia,Gambela,Agnewak,3.0,3.0,Gambela,Agnewak,164054,155741,0.0,0.0,155741.0,0.0,0.0,155741.0,0.0,0.0,155741.0,0.0,0.0,155741.0,0.0,0.0,155741.0,0.0,0.0,155741.0
2707,2017-06-01,4.0,Ethiopia,Somali,Doolo,4.0,4.0,Somali,Doolo,425824,404248,0.0,0.0,0.0,404248.0,0.0,404248.0,0.0,0.0,0.0,404248.0,0.0,404248.0,0.0,0.0,0.0,404248.0,0.0,404248.0
2708,2017-06-01,4.0,Ethiopia,Somali,Korahe,4.0,4.0,Somali,Korahe,511890,485954,0.0,0.0,0.0,485954.0,0.0,485954.0,0.0,0.0,0.0,485954.0,0.0,485954.0,0.0,0.0,0.0,485954.0,0.0,485954.0
2709,2017-06-01,2.0,Ethiopia,Oromia,Finfine Special,2.0,1.0,Oromia,Finfine Special,1040106,987406,0.0,987406.0,0.0,0.0,0.0,987406.0,0.0,987406.0,0.0,0.0,0.0,987406.0,987406.0,0.0,0.0,0.0,0.0,987406.0
2710,2017-06-01,1.0,Ethiopia,Addis Ababa,Region 14,1.0,1.0,Addis Ababa,Region 14,3585647,3403972,3403972.0,0.0,0.0,0.0,0.0,3403972.0,3403972.0,0.0,0.0,0.0,0.0,3403972.0,3403972.0,0.0,0.0,0.0,0.0,3403972.0
2711,2017-06-01,1.0,Ethiopia,Amhara,West Gojam,1.0,1.0,Amhara,West Gojam,2894095,2747459,2747459.0,0.0,0.0,0.0,0.0,2747459.0,2747459.0,0.0,0.0,0.0,0.0,2747459.0,2747459.0,0.0,0.0,0.0,0.0,2747459.0
2712,2017-06-01,2.0,Ethiopia,SNNP,Basketo,2.0,2.0,SNNP,Basketo,75512,71686,0.0,71686.0,0.0,0.0,0.0,71686.0,0.0,71686.0,0.0,0.0,0.0,71686.0,0.0,71686.0,0.0,0.0,0.0,71686.0
2713,2017-06-01,1.0,Ethiopia,SNNP,Bench Maji,1.0,1.0,SNNP,Bench Maji,603595,573012,573012.0,0.0,0.0,0.0,0.0,573012.0,573012.0,0.0,0.0,0.0,0.0,573012.0,573012.0,0.0,0.0,0.0,0.0,573012.0
2714,2017-06-01,2.0,Ethiopia,Gambela,Etang Special woreda,2.0,2.0,Gambela,Etang Special woreda,50260,47713,0.0,47713.0,0.0,0.0,0.0,47713.0,0.0,47713.0,0.0,0.0,0.0,47713.0,0.0,47713.0,0.0,0.0,0.0,47713.0
2715,2017-06-01,1.0,Ethiopia,Oromia,Ilu Aba Bora,1.0,1.0,Oromia,Ilu Aba Bora,953178,904883,904883.0,0.0,0.0,0.0,0.0,904883.0,904883.0,0.0,0.0,0.0,0.0,904883.0,904883.0,0.0,0.0,0.0,0.0,904883.0
2716,2017-06-01,2.0,Ethiopia,SNNP,Kefa,2.0,2.0,SNNP,Kefa,1053546,1000165,0.0,1000165.0,0.0,0.0,0.0,1000165.0,0.0,1000165.0,0.0,0.0,0.0,1000165.0,0.0,1000165.0,0.0,0.0,0.0,1000165.0
2717,2017-06-01,2.0,Ethiopia,SNNP,Konta Special,2.0,2.0,SNNP,Konta Special,119904,113828,0.0,113828.0,0.0,0.0,0.0,113828.0,0.0,113828.0,0.0,0.0,0.0,113828.0,0.0,113828.0,0.0,0.0,0.0,113828.0
2718,2017-06-01,1.0,Ethiopia,Gambela,Mejenger,1.0,1.0,Gambela,Mejenger,81617,77481,77481.0,0.0,0.0,0.0,0.0,77481.0,77481.0,0.0,0.0,0.0,0.0,77481.0,77481.0,0.0,0.0,0.0,0.0,77481.0
2719,2017-06-01,3.0,Ethiopia,Benishangul Gumz,Asosa,3.0,2.0,Benishangul Gumz,Asosa,402287,381904,0.0,0.0,381904.0,0.0,0.0,381904.0,0.0,0.0,381904.0,0.0,0.0,381904.0,0.0,381904.0,0.0,0.0,0.0,381904.0
2720,2017-06-01,3.0,Ethiopia,Dire Dawa,Dire Dawa urban,3.0,2.0,Dire Dawa,Dire Dawa urban,319985,303772,0.0,0.0,303772.0,0.0,0.0,303772.0,0.0,0.0,303772.0,0.0,0.0,303772.0,0.0,303772.0,0.0,0.0,0.0,303772.0
2721,2017-06-01,1.0,Ethiopia,Oromia,Horo Gudru Wellega,1.0,1.0,Oromia,Horo Gudru Wellega,791731,751616,751616.0,0.0,0.0,0.0,0.0,751616.0,751616.0,0.0,0.0,0.0,0.0,751616.0,751616.0,0.0,0.0,0.0,0.0,751616.0
2722,2017-06-01,2.0,Ethiopia,Oromia,Kelem Wellega,2.0,2.0,Oromia,Kelem Wellega,1141498,1083661,0.0,1083661.0,0.0,0.0,0.0,1083661.0,0.0,1083661.0,0.0,0.0,0.0,1083661.0,0.0,1083661.0,0.0,0.0,0.0,1083661.0
2723,2017-06-01,3.0,Ethiopia,Benishangul Gumz,Mao Komo Special,3.0,2.0,Benishangul Gumz,Mao Komo Special,70414,66846,0.0,0.0,66846.0,0.0,0.0,66846.0,0.0,0.0,66846.0,0.0,0.0,66846.0,0.0,66846.0,0.0,0.0,0.0,66846.0
2724,2017-06-01,1.0,Ethiopia,Benishangul Gumz,Metekel,1.0,1.0,Benishangul Gumz,Metekel,479162,454884,454884.0,0.0,0.0,0.0,0.0,454884.0,454884.0,0.0,0.0,0.0,0.0,454884.0,454884.0,0.0,0.0,0.0,0.0,454884.0
2725,2017-06-01,2.0,Ethiopia,Oromia,North Shewa,2.0,1.0,Oromia,North Shewa,1626893,1544463,0.0,1544463.0,0.0,0.0,0.0,1544463.0,0.0,1544463.0,0.0,0.0,0.0,1544463.0,1544463.0,0.0,0.0,0.0,0.0,1544463.0
2726,2017-06-01,1.0,Ethiopia,SNNP,Sheka,1.0,1.0,SNNP,Sheka,274212,260318,260318.0,0.0,0.0,0.0,0.0,260318.0,260318.0,0.0,0.0,0.0,0.0,260318.0,260318.0,0.0,0.0,0.0,0.0,260318.0
2727,2017-06-01,1.0,Ethiopia,Oromia,West Shewa,1.0,1.0,Oromia,West Shewa,2773901,2633355,2633355.0,0.0,0.0,0.0,0.0,2633355.0,2633355.0,0.0,0.0,0.0,0.0,2633355.0,2633355.0,0.0,0.0,0.0,0.0,2633355.0
2728,2017-06-01,1.0,Ethiopia,Amhara,Awi,1.0,1.0,Amhara,Awi,1338704,1270875,1270875.0,0.0,0.0,0.0,0.0,1270875.0,1270875.0,0.0,0.0,0.0,0.0,1270875.0,1270875.0,0.0,0.0,0.0,0.0,1270875.0
2729,2017-06-01,1.0,Ethiopia,Amhara,West Gondar,1.0,1.0,Amhara,West Gondar,381393,362068,362068.0,0.0,0.0,0.0,0.0,362068.0,362068.0,0.0,0.0,0.0,0.0,362068.0,362068.0,0.0,0.0,0.0,0.0,362068.0
2730,2017-10-01,3.0,Ethiopia,Somali,Afder,3.0,4.0,Somali,Afder,654828,621649,0.0,0.0,621649.0,0.0,0.0,621649.0,0.0,0.0,621649.0,0.0,0.0,621649.0,0.0,0.0,0.0,621649.0,0.0,621649.0
2731,2017-10-01,2.0,Ethiopia,SNNP,Alle,2.0,3.0,SNNP,Alle,81190,77076,0.0,77076.0,0.0,0.0,0.0,77076.0,0.0,77076.0,0.0,0.0,0.0,77076.0,0.0,0.0,77076.0,0.0,0.0,77076.0
2732,2017-10-01,2.0,Ethiopia,SNNP,Amaro,2.0,3.0,SNNP,Amaro,195252,185359,0.0,185359.0,0.0,0.0,0.0,185359.0,0.0,185359.0,0.0,0.0,0.0,185359.0,0.0,0.0,185359.0,0.0,0.0,185359.0
2733,2017-10-01,2.0,Ethiopia,Oromia,Arsi,2.0,3.0,Oromia,Arsi,3645492,3460785,0.0,3460785.0,0.0,0.0,0.0,3460785.0,0.0,3460785.0,0.0,0.0,0.0,3460785.0,0.0,0.0,3460785.0,0.0,0.0,3460785.0
2734,2017-10-01,3.0,Ethiopia,Oromia,Bale,3.0,4.0,Oromia,Bale,1887498,1791863,0.0,0.0,1791863.0,0.0,0.0,1791863.0,0.0,0.0,1791863.0,0.0,0.0,1791863.0,0.0,0.0,0.0,1791863.0,0.0,1791863.0
2735,2017-10-01,3.0,Ethiopia,Oromia,Borena,3.0,3.0,Oromia,Borena,545493,517854,0.0,0.0,517854.0,0.0,0.0,517854.0,0.0,0.0,517854.0,0.0,0.0,517854.0,0.0,0.0,517854.0,0.0,0.0,517854.0
2736,2017-10-01,1.0,Ethiopia,Oromia,Buno Bedele,1.0,1.0,Oromia,Buno Bedele,809088,768093,768093.0,0.0,0.0,0.0,0.0,768093.0,768093.0,0.0,0.0,0.0,0.0,768093.0,768093.0,0.0,0.0,0.0,0.0,768093.0
2737,2017-10-01,2.0,Ethiopia,SNNP,Burji,3.0,3.0,SNNP,Burji,71728,68093,0.0,68093.0,0.0,0.0,0.0,68093.0,0.0,0.0,68093.0,0.0,0.0,68093.0,0.0,0.0,68093.0,0.0,0.0,68093.0
2738,2017-10-01,3.0,Ethiopia,Tigray,Central,2.0,3.0,Tigray,Central,1384454,1314307,0.0,0.0,1314307.0,0.0,0.0,1314307.0,0.0,1314307.0,0.0,0.0,0.0,1314307.0,0.0,0.0,1314307.0,0.0,0.0,1314307.0
2739,2017-10-01,3.0,Ethiopia,Amhara,Central Gondar,2.0,3.0,Amhara,Central Gondar,2719899,2582089,0.0,0.0,2582089.0,0.0,0.0,2582089.0,0.0,2582089.0,0.0,0.0,0.0,2582089.0,0.0,0.0,2582089.0,0.0,0.0,2582089.0
2740,2017-10-01,3.0,Ethiopia,Somali,Daawa,3.0,3.0,Somali,Daawa,457130,433968,0.0,0.0,433968.0,0.0,0.0,433968.0,0.0,0.0,433968.0,0.0,0.0,433968.0,0.0,0.0,433968.0,0.0,0.0,433968.0
2741,2017-10-01,2.0,Ethiopia,SNNP,Dawuro,2.0,3.0,SNNP,Dawuro,643931,611304,0.0,611304.0,0.0,0.0,0.0,611304.0,0.0,611304.0,0.0,0.0,0.0,611304.0,0.0,0.0,611304.0,0.0,0.0,611304.0
2742,2017-10-01,2.0,Ethiopia,SNNP,Derashe,2.0,3.0,SNNP,Derashe,107301,101864,0.0,101864.0,0.0,0.0,0.0,101864.0,0.0,101864.0,0.0,0.0,0.0,101864.0,0.0,0.0,101864.0,0.0,0.0,101864.0
2743,2017-10-01,2.0,Ethiopia,Dire Dawa,Dire Dawa rural,2.0,2.0,Dire Dawa,Dire Dawa rural,188933,179360,0.0,179360.0,0.0,0.0,0.0,179360.0,0.0,179360.0,0.0,0.0,0.0,179360.0,0.0,179360.0,0.0,0.0,0.0,179360.0
2744,2017-10-01,2.0,Ethiopia,Amhara,East Gojam,2.0,3.0,Amhara,East Gojam,2672621,2537207,0.0,2537207.0,0.0,0.0,0.0,2537207.0,0.0,2537207.0,0.0,0.0,0.0,2537207.0,0.0,0.0,2537207.0,0.0,0.0,2537207.0
2745,2017-10-01,3.0,Ethiopia,Oromia,East Hararge,3.0,3.0,Oromia,East Hararge,3739861,3550373,0.0,0.0,3550373.0,0.0,0.0,3550373.0,0.0,0.0,3550373.0,0.0,0.0,3550373.0,0.0,0.0,3550373.0,0.0,0.0,3550373.0
2746,2017-10-01,2.0,Ethiopia,Oromia,East Shewa,2.0,2.0,Oromia,East Shewa,2234419,2121207,0.0,2121207.0,0.0,0.0,0.0,2121207.0,0.0,2121207.0,0.0,0.0,0.0,2121207.0,0.0,2121207.0,0.0,0.0,0.0,2121207.0
2747,2017-10-01,1.0,Ethiopia,Oromia,East Wellega,1.0,1.0,Oromia,East Wellega,1693681,1607867,1607867.0,0.0,0.0,0.0,0.0,1607867.0,1607867.0,0.0,0.0,0.0,0.0,1607867.0,1607867.0,0.0,0.0,0.0,0.0,1607867.0
2748,2017-10-01,2.0,Ethiopia,Tigray,Eastern,2.0,3.0,Tigray,Eastern,940053,892423,0.0,892423.0,0.0,0.0,0.0,892423.0,0.0,892423.0,0.0,0.0,0.0,892423.0,0.0,0.0,892423.0,0.0,0.0,892423.0
2749,2017-10-01,3.0,Ethiopia,Somali,Erer,3.0,3.0,Somali,Erer,268901,255276,0.0,0.0,255276.0,0.0,0.0,255276.0,0.0,0.0,255276.0,0.0,0.0,255276.0,0.0,0.0,255276.0,0.0,0.0,255276.0
2750,2017-10-01,4.0,Ethiopia,Somali,Fafan,4.0,4.0,Somali,Fafan,1242707,1179742,0.0,0.0,0.0,1179742.0,0.0,1179742.0,0.0,0.0,0.0,1179742.0,0.0,1179742.0,0.0,0.0,0.0,1179742.0,0.0,1179742.0
2751,2017-10-01,2.0,Ethiopia,SNNP,Gamo,2.0,3.0,SNNP,Gamo,1462777,1388662,0.0,1388662.0,0.0,0.0,0.0,1388662.0,0.0,1388662.0,0.0,0.0,0.0,1388662.0,0.0,0.0,1388662.0,0.0,0.0,1388662.0
2752,2017-10-01,2.0,Ethiopia,SNNP,Gedeo,2.0,3.0,SNNP,Gedeo,1131834,1074487,0.0,1074487.0,0.0,0.0,0.0,1074487.0,0.0,1074487.0,0.0,0.0,0.0,1074487.0,0.0,0.0,1074487.0,0.0,0.0,1074487.0
2753,2017-10-01,2.0,Ethiopia,SNNP,Gofa,2.0,3.0,SNNP,Gofa,623589,591993,0.0,591993.0,0.0,0.0,0.0,591993.0,0.0,591993.0,0.0,0.0,0.0,591993.0,0.0,0.0,591993.0,0.0,0.0,591993.0
2754,2017-10-01,2.0,Ethiopia,Oromia,Guji,3.0,3.0,Oromia,Guji,1482472,1407359,0.0,1407359.0,0.0,0.0,0.0,1407359.0,0.0,0.0,1407359.0,0.0,0.0,1407359.0,0.0,0.0,1407359.0,0.0,0.0,1407359.0
2755,2017-10-01,2.0,Ethiopia,SNNP,Guraghe,1.0,2.0,SNNP,Guraghe,1882107,1786746,0.0,1786746.0,0.0,0.0,0.0,1786746.0,1786746.0,0.0,0.0,0.0,0.0,1786746.0,0.0,1786746.0,0.0,0.0,0.0,1786746.0
2756,2017-10-01,2.0,Ethiopia,SNNP,Hadiya,2.0,3.0,SNNP,Hadiya,1700138,1613996,0.0,1613996.0,0.0,0.0,0.0,1613996.0,0.0,1613996.0,0.0,0.0,0.0,1613996.0,0.0,0.0,1613996.0,0.0,0.0,1613996.0
2757,2017-10-01,2.0,Ethiopia,SNNP,Halaba Special,2.0,2.0,SNNP,Halaba Special,658130,624784,0.0,624784.0,0.0,0.0,0.0,624784.0,0.0,624784.0,0.0,0.0,0.0,624784.0,0.0,624784.0,0.0,0.0,0.0,624784.0
2758,2017-10-01,2.0,Ethiopia,Harari,Harari,2.0,2.0,Harari,Harari,260022,246847,0.0,246847.0,0.0,0.0,0.0,246847.0,0.0,246847.0,0.0,0.0,0.0,246847.0,0.0,246847.0,0.0,0.0,0.0,246847.0
2759,2017-10-01,4.0,Ethiopia,Somali,Jarar,4.0,4.0,Somali,Jarar,641077,608595,0.0,0.0,0.0,608595.0,0.0,608595.0,0.0,0.0,0.0,608595.0,0.0,608595.0,0.0,0.0,0.0,608595.0,0.0,608595.0
2760,2017-10-01,2.0,Ethiopia,Oromia,Jimma,1.0,2.0,Oromia,Jimma,3672640,3486557,0.0,3486557.0,0.0,0.0,0.0,3486557.0,3486557.0,0.0,0.0,0.0,0.0,3486557.0,0.0,3486557.0,0.0,0.0,0.0,3486557.0
2761,2017-10-01,2.0,Ethiopia,Benishangul Gumz,Kemashi,2.0,2.0,Benishangul Gumz,Kemashi,150986,143335,0.0,143335.0,0.0,0.0,0.0,143335.0,0.0,143335.0,0.0,0.0,0.0,143335.0,0.0,143335.0,0.0,0.0,0.0,143335.0
2762,2017-10-01,2.0,Ethiopia,SNNP,Kembata Tibaro,2.0,2.0,SNNP,Kembata Tibaro,911347,865171,0.0,865171.0,0.0,0.0,0.0,865171.0,0.0,865171.0,0.0,0.0,0.0,865171.0,0.0,865171.0,0.0,0.0,0.0,865171.0
2763,2017-10-01,2.0,Ethiopia,SNNP,Konso,2.0,3.0,SNNP,Konso,284360,269952,0.0,269952.0,0.0,0.0,0.0,269952.0,0.0,269952.0,0.0,0.0,0.0,269952.0,0.0,0.0,269952.0,0.0,0.0,269952.0
2764,2017-10-01,3.0,Ethiopia,Somali,Liban,3.0,4.0,Somali,Liban,505190,479593,0.0,0.0,479593.0,0.0,0.0,479593.0,0.0,0.0,479593.0,0.0,0.0,479593.0,0.0,0.0,0.0,479593.0,0.0,479593.0
2765,2017-10-01,2.0,Ethiopia,Tigray,Mekele Special,1.0,1.0,Tigray,Mekele Special,418327,397131,0.0,397131.0,0.0,0.0,0.0,397131.0,397131.0,0.0,0.0,0.0,0.0,397131.0,397131.0,0.0,0.0,0.0,0.0,397131.0
2766,2017-10-01,4.0,Ethiopia,SNNP,Mirab Omo,4.0,4.0,SNNP,Mirab Omo,262515,249214,0.0,0.0,0.0,249214.0,0.0,249214.0,0.0,0.0,0.0,249214.0,0.0,249214.0,0.0,0.0,0.0,249214.0,0.0,249214.0
2767,2017-10-01,4.0,Ethiopia,Somali,Nogob,4.0,4.0,Somali,Nogob,217220,206214,0.0,0.0,0.0,206214.0,0.0,206214.0,0.0,0.0,0.0,206214.0,0.0,206214.0,0.0,0.0,0.0,206214.0,0.0,206214.0
2768,2017-10-01,3.0,Ethiopia,Amhara,North Gondar,2.0,3.0,Amhara,North Gondar,889977,844884,0.0,0.0,844884.0,0.0,0.0,844884.0,0.0,844884.0,0.0,0.0,0.0,844884.0,0.0,0.0,844884.0,0.0,0.0,844884.0
2769,2017-10-01,2.0,Ethiopia,Amhara,North Shewa,2.0,2.0,Amhara,North Shewa,2293091,2176906,0.0,2176906.0,0.0,0.0,0.0,2176906.0,0.0,2176906.0,0.0,0.0,0.0,2176906.0,0.0,2176906.0,0.0,0.0,0.0,2176906.0
2770,2017-10-01,3.0,Ethiopia,Amhara,North Wello,2.0,3.0,Amhara,North Wello,1740337,1652159,0.0,0.0,1652159.0,0.0,0.0,1652159.0,0.0,1652159.0,0.0,0.0,0.0,1652159.0,0.0,0.0,1652159.0,0.0,0.0,1652159.0
2771,2017-10-01,3.0,Ethiopia,Tigray,North Western,2.0,3.0,Tigray,North Western,893262,848002,0.0,0.0,848002.0,0.0,0.0,848002.0,0.0,848002.0,0.0,0.0,0.0,848002.0,0.0,0.0,848002.0,0.0,0.0,848002.0
2772,2017-10-01,3.0,Ethiopia,Gambela,Nuwer,4.0,4.0,Gambela,Nuwer,166901,158444,0.0,0.0,158444.0,0.0,0.0,158444.0,0.0,0.0,0.0,158444.0,0.0,158444.0,0.0,0.0,0.0,158444.0,0.0,158444.0
2773,2017-10-01,2.0,Ethiopia,Amhara,Oromia,2.0,2.0,Amhara,Oromia,569808,540937,0.0,540937.0,0.0,0.0,0.0,540937.0,0.0,540937.0,0.0,0.0,0.0,540937.0,0.0,540937.0,0.0,0.0,0.0,540937.0
2774,2017-10-01,4.0,Ethiopia,Somali,Shabelle,4.0,4.0,Somali,Shabelle,647430,614626,0.0,0.0,0.0,614626.0,0.0,614626.0,0.0,0.0,0.0,614626.0,0.0,614626.0,0.0,0.0,0.0,614626.0,0.0,614626.0
2775,2017-10-01,2.0,Ethiopia,SNNP,Sidama,2.0,3.0,SNNP,Sidama,4212331,3998904,0.0,3998904.0,0.0,0.0,0.0,3998904.0,0.0,3998904.0,0.0,0.0,0.0,3998904.0,0.0,0.0,3998904.0,0.0,0.0,3998904.0
2776,2017-10-01,2.0,Ethiopia,SNNP,Siltie,2.0,2.0,SNNP,Siltie,1051444,998170,0.0,998170.0,0.0,0.0,0.0,998170.0,0.0,998170.0,0.0,0.0,0.0,998170.0,0.0,998170.0,0.0,0.0,0.0,998170.0
2777,2017-10-01,3.0,Ethiopia,Somali,Siti,2.0,3.0,Somali,Siti,644214,611573,0.0,0.0,611573.0,0.0,0.0,611573.0,0.0,611573.0,0.0,0.0,0.0,611573.0,0.0,0.0,611573.0,0.0,0.0,611573.0
2778,2017-10-01,2.0,Ethiopia,Tigray,South Eastern,2.0,3.0,Tigray,South Eastern,528199,501436,0.0,501436.0,0.0,0.0,0.0,501436.0,0.0,501436.0,0.0,0.0,0.0,501436.0,0.0,0.0,501436.0,0.0,0.0,501436.0
2779,2017-10-01,3.0,Ethiopia,Amhara,South Gondar,2.0,3.0,Amhara,South Gondar,2526963,2398929,0.0,0.0,2398929.0,0.0,0.0,2398929.0,0.0,2398929.0,0.0,0.0,0.0,2398929.0,0.0,0.0,2398929.0,0.0,0.0,2398929.0
2780,2017-10-01,4.0,Ethiopia,SNNP,South Omo,4.0,4.0,SNNP,South Omo,754134,715924,0.0,0.0,0.0,715924.0,0.0,715924.0,0.0,0.0,0.0,715924.0,0.0,715924.0,0.0,0.0,0.0,715924.0,0.0,715924.0
2781,2017-10-01,2.0,Ethiopia,Amhara,South Wello,2.0,3.0,Amhara,South Wello,3246827,3082319,0.0,3082319.0,0.0,0.0,0.0,3082319.0,0.0,3082319.0,0.0,0.0,0.0,3082319.0,0.0,0.0,3082319.0,0.0,0.0,3082319.0
2782,2017-10-01,2.0,Ethiopia,Oromia,South West Shewa,1.0,2.0,Oromia,South West Shewa,1264234,1200178,0.0,1200178.0,0.0,0.0,0.0,1200178.0,1200178.0,0.0,0.0,0.0,0.0,1200178.0,0.0,1200178.0,0.0,0.0,0.0,1200178.0
2783,2017-10-01,2.0,Ethiopia,Tigray,Southern,2.0,3.0,Tigray,Southern,752344,714224,0.0,714224.0,0.0,0.0,0.0,714224.0,0.0,714224.0,0.0,0.0,0.0,714224.0,0.0,0.0,714224.0,0.0,0.0,714224.0
2784,2017-10-01,3.0,Ethiopia,Amhara,Wag Hamra,2.0,3.0,Amhara,Wag Hamra,516457,490289,0.0,0.0,490289.0,0.0,0.0,490289.0,0.0,490289.0,0.0,0.0,0.0,490289.0,0.0,0.0,490289.0,0.0,0.0,490289.0
2785,2017-10-01,2.0,Ethiopia,Oromia,West Arsi,2.0,3.0,Oromia,West Arsi,2868933,2723572,0.0,2723572.0,0.0,0.0,0.0,2723572.0,0.0,2723572.0,0.0,0.0,0.0,2723572.0,0.0,0.0,2723572.0,0.0,0.0,2723572.0
2786,2017-10-01,2.0,Ethiopia,Oromia,West Guji,3.0,3.0,Oromia,West Guji,1223292,1161311,0.0,1161311.0,0.0,0.0,0.0,1161311.0,0.0,0.0,1161311.0,0.0,0.0,1161311.0,0.0,0.0,1161311.0,0.0,0.0,1161311.0
2787,2017-10-01,3.0,Ethiopia,Oromia,West Hararge,2.0,3.0,Oromia,West Hararge,2568661,2438514,0.0,0.0,2438514.0,0.0,0.0,2438514.0,0.0,2438514.0,0.0,0.0,0.0,2438514.0,0.0,0.0,2438514.0,0.0,0.0,2438514.0
2788,2017-10-01,1.0,Ethiopia,Oromia,West Wellega,1.0,1.0,Oromia,West Wellega,1880222,1784956,1784956.0,0.0,0.0,0.0,0.0,1784956.0,1784956.0,0.0,0.0,0.0,0.0,1784956.0,1784956.0,0.0,0.0,0.0,0.0,1784956.0
2789,2017-10-01,2.0,Ethiopia,Tigray,Western,2.0,3.0,Tigray,Western,440553,418231,0.0,418231.0,0.0,0.0,0.0,418231.0,0.0,418231.0,0.0,0.0,0.0,418231.0,0.0,0.0,418231.0,0.0,0.0,418231.0
2790,2017-10-01,2.0,Ethiopia,SNNP,Wolayita,2.0,3.0,SNNP,Wolayita,1999292,1897993,0.0,1897993.0,0.0,0.0,0.0,1897993.0,0.0,1897993.0,0.0,0.0,0.0,1897993.0,0.0,0.0,1897993.0,0.0,0.0,1897993.0
2791,2017-10-01,2.0,Ethiopia,SNNP,Yem Special,1.0,2.0,SNNP,Yem Special,102526,97331,0.0,97331.0,0.0,0.0,0.0,97331.0,97331.0,0.0,0.0,0.0,0.0,97331.0,0.0,97331.0,0.0,0.0,0.0,97331.0
2792,2017-10-01,2.0,Ethiopia,Afar,Zone 1 (Awsi Rasu),2.0,2.0,Afar,Zone 1 (Awsi Rasu),643036,610455,0.0,610455.0,0.0,0.0,0.0,610455.0,0.0,610455.0,0.0,0.0,0.0,610455.0,0.0,610455.0,0.0,0.0,0.0,610455.0
2793,2017-10-01,2.0,Ethiopia,Afar,Zone 2 (Kilbet Rasu),2.0,2.0,Afar,Zone 2 (Kilbet Rasu),493764,468746,0.0,468746.0,0.0,0.0,0.0,468746.0,0.0,468746.0,0.0,0.0,0.0,468746.0,0.0,468746.0,0.0,0.0,0.0,468746.0
2794,2017-10-01,2.0,Ethiopia,Afar,Zone 3 (Gabi Rasu),2.0,2.0,Afar,Zone 3 (Gabi Rasu),281357,267101,0.0,267101.0,0.0,0.0,0.0,267101.0,0.0,267101.0,0.0,0.0,0.0,267101.0,0.0,267101.0,0.0,0.0,0.0,267101.0
2795,2017-10-01,2.0,Ethiopia,Afar,Zone 4 (Fantana Rasu),2.0,2.0,Afar,Zone 4 (Fantana Rasu),276855,262827,0.0,262827.0,0.0,0.0,0.0,262827.0,0.0,262827.0,0.0,0.0,0.0,262827.0,0.0,262827.0,0.0,0.0,0.0,262827.0
2796,2017-10-01,2.0,Ethiopia,Afar,Zone 5 (Hari Rasu),2.0,2.0,Afar,Zone 5 (Hari Rasu),209402,198792,0.0,198792.0,0.0,0.0,0.0,198792.0,0.0,198792.0,0.0,0.0,0.0,198792.0,0.0,198792.0,0.0,0.0,0.0,198792.0
2797,2017-10-01,4.0,Ethiopia,Gambela,Agnewak,4.0,4.0,Gambela,Agnewak,164054,155741,0.0,0.0,0.0,155741.0,0.0,155741.0,0.0,0.0,0.0,155741.0,0.0,155741.0,0.0,0.0,0.0,155741.0,0.0,155741.0
2798,2017-10-01,4.0,Ethiopia,Somali,Doolo,4.0,4.0,Somali,Doolo,425824,404248,0.0,0.0,0.0,404248.0,0.0,404248.0,0.0,0.0,0.0,404248.0,0.0,404248.0,0.0,0.0,0.0,404248.0,0.0,404248.0
2799,2017-10-01,4.0,Ethiopia,Somali,Korahe,4.0,4.0,Somali,Korahe,511890,485954,0.0,0.0,0.0,485954.0,0.0,485954.0,0.0,0.0,0.0,485954.0,0.0,485954.0,0.0,0.0,0.0,485954.0,0.0,485954.0
2800,2017-10-01,2.0,Ethiopia,Oromia,Finfine Special,1.0,2.0,Oromia,Finfine Special,1040106,987406,0.0,987406.0,0.0,0.0,0.0,987406.0,987406.0,0.0,0.0,0.0,0.0,987406.0,0.0,987406.0,0.0,0.0,0.0,987406.0
2801,2017-10-01,1.0,Ethiopia,Addis Ababa,Region 14,1.0,1.0,Addis Ababa,Region 14,3585647,3403972,3403972.0,0.0,0.0,0.0,0.0,3403972.0,3403972.0,0.0,0.0,0.0,0.0,3403972.0,3403972.0,0.0,0.0,0.0,0.0,3403972.0
2802,2017-10-01,1.0,Ethiopia,Amhara,West Gojam,1.0,1.0,Amhara,West Gojam,2894095,2747459,2747459.0,0.0,0.0,0.0,0.0,2747459.0,2747459.0,0.0,0.0,0.0,0.0,2747459.0,2747459.0,0.0,0.0,0.0,0.0,2747459.0
2803,2017-10-01,2.0,Ethiopia,SNNP,Basketo,2.0,3.0,SNNP,Basketo,75512,71686,0.0,71686.0,0.0,0.0,0.0,71686.0,0.0,71686.0,0.0,0.0,0.0,71686.0,0.0,0.0,71686.0,0.0,0.0,71686.0
2804,2017-10-01,1.0,Ethiopia,SNNP,Bench Maji,1.0,1.0,SNNP,Bench Maji,603595,573012,573012.0,0.0,0.0,0.0,0.0,573012.0,573012.0,0.0,0.0,0.0,0.0,573012.0,573012.0,0.0,0.0,0.0,0.0,573012.0
2805,2017-10-01,3.0,Ethiopia,Gambela,Etang Special woreda,3.0,4.0,Gambela,Etang Special woreda,50260,47713,0.0,0.0,47713.0,0.0,0.0,47713.0,0.0,0.0,47713.0,0.0,0.0,47713.0,0.0,0.0,0.0,47713.0,0.0,47713.0
2806,2017-10-01,1.0,Ethiopia,Oromia,Ilu Aba Bora,1.0,1.0,Oromia,Ilu Aba Bora,953178,904883,904883.0,0.0,0.0,0.0,0.0,904883.0,904883.0,0.0,0.0,0.0,0.0,904883.0,904883.0,0.0,0.0,0.0,0.0,904883.0
2807,2017-10-01,2.0,Ethiopia,SNNP,Kefa,2.0,2.0,SNNP,Kefa,1053546,1000165,0.0,1000165.0,0.0,0.0,0.0,1000165.0,0.0,1000165.0,0.0,0.0,0.0,1000165.0,0.0,1000165.0,0.0,0.0,0.0,1000165.0
2808,2017-10-01,2.0,Ethiopia,SNNP,Konta Special,2.0,2.0,SNNP,Konta Special,119904,113828,0.0,113828.0,0.0,0.0,0.0,113828.0,0.0,113828.0,0.0,0.0,0.0,113828.0,0.0,113828.0,0.0,0.0,0.0,113828.0
2809,2017-10-01,1.0,Ethiopia,Gambela,Mejenger,1.0,1.0,Gambela,Mejenger,81617,77481,77481.0,0.0,0.0,0.0,0.0,77481.0,77481.0,0.0,0.0,0.0,0.0,77481.0,77481.0,0.0,0.0,0.0,0.0,77481.0
2810,2017-10-01,2.0,Ethiopia,Benishangul Gumz,Asosa,2.0,3.0,Benishangul Gumz,Asosa,402287,381904,0.0,381904.0,0.0,0.0,0.0,381904.0,0.0,381904.0,0.0,0.0,0.0,381904.0,0.0,0.0,381904.0,0.0,0.0,381904.0
2811,2017-10-01,2.0,Ethiopia,Dire Dawa,Dire Dawa urban,2.0,2.0,Dire Dawa,Dire Dawa urban,319985,303772,0.0,303772.0,0.0,0.0,0.0,303772.0,0.0,303772.0,0.0,0.0,0.0,303772.0,0.0,303772.0,0.0,0.0,0.0,303772.0
2812,2017-10-01,1.0,Ethiopia,Oromia,Horo Gudru Wellega,1.0,1.0,Oromia,Horo Gudru Wellega,791731,751616,751616.0,0.0,0.0,0.0,0.0,751616.0,751616.0,0.0,0.0,0.0,0.0,751616.0,751616.0,0.0,0.0,0.0,0.0,751616.0
2813,2017-10-01,3.0,Ethiopia,Oromia,Kelem Wellega,3.0,4.0,Oromia,Kelem Wellega,1141498,1083661,0.0,0.0,1083661.0,0.0,0.0,1083661.0,0.0,0.0,1083661.0,0.0,0.0,1083661.0,0.0,0.0,0.0,1083661.0,0.0,1083661.0
2814,2017-10-01,3.0,Ethiopia,Benishangul Gumz,Mao Komo Special,3.0,4.0,Benishangul Gumz,Mao Komo Special,70414,66846,0.0,0.0,66846.0,0.0,0.0,66846.0,0.0,0.0,66846.0,0.0,0.0,66846.0,0.0,0.0,0.0,66846.0,0.0,66846.0
2815,2017-10-01,1.0,Ethiopia,Benishangul Gumz,Metekel,1.0,1.0,Benishangul Gumz,Metekel,479162,454884,454884.0,0.0,0.0,0.0,0.0,454884.0,454884.0,0.0,0.0,0.0,0.0,454884.0,454884.0,0.0,0.0,0.0,0.0,454884.0
2816,2017-10-01,2.0,Ethiopia,Oromia,North Shewa,1.0,2.0,Oromia,North Shewa,1626893,1544463,0.0,1544463.0,0.0,0.0,0.0,1544463.0,1544463.0,0.0,0.0,0.0,0.0,1544463.0,0.0,1544463.0,0.0,0.0,0.0,1544463.0
2817,2017-10-01,1.0,Ethiopia,SNNP,Sheka,1.0,1.0,SNNP,Sheka,274212,260318,260318.0,0.0,0.0,0.0,0.0,260318.0,260318.0,0.0,0.0,0.0,0.0,260318.0,260318.0,0.0,0.0,0.0,0.0,260318.0
2818,2017-10-01,1.0,Ethiopia,Oromia,West Shewa,1.0,1.0,Oromia,West Shewa,2773901,2633355,2633355.0,0.0,0.0,0.0,0.0,2633355.0,2633355.0,0.0,0.0,0.0,0.0,2633355.0,2633355.0,0.0,0.0,0.0,0.0,2633355.0
2819,2017-10-01,1.0,Ethiopia,Amhara,Awi,1.0,1.0,Amhara,Awi,1338704,1270875,1270875.0,0.0,0.0,0.0,0.0,1270875.0,1270875.0,0.0,0.0,0.0,0.0,1270875.0,1270875.0,0.0,0.0,0.0,0.0,1270875.0
2820,2017-10-01,1.0,Ethiopia,Amhara,West Gondar,1.0,2.0,Amhara,West Gondar,381393,362068,362068.0,0.0,0.0,0.0,0.0,362068.0,362068.0,0.0,0.0,0.0,0.0,362068.0,0.0,362068.0,0.0,0.0,0.0,362068.0
2821,2018-02-01,3.0,Ethiopia,Somali,Afder,3.0,4.0,Somali,Afder,654828,638152,0.0,0.0,638152.0,0.0,0.0,638152.0,0.0,0.0,638152.0,0.0,0.0,638152.0,0.0,0.0,0.0,638152.0,0.0,638152.0
2822,2018-02-01,2.0,Ethiopia,SNNP,Alle,3.0,2.0,SNNP,Alle,81190,79122,0.0,79122.0,0.0,0.0,0.0,79122.0,0.0,0.0,79122.0,0.0,0.0,79122.0,0.0,79122.0,0.0,0.0,0.0,79122.0
2823,2018-02-01,2.0,Ethiopia,SNNP,Amaro,3.0,2.0,SNNP,Amaro,195252,190279,0.0,190279.0,0.0,0.0,0.0,190279.0,0.0,0.0,190279.0,0.0,0.0,190279.0,0.0,190279.0,0.0,0.0,0.0,190279.0
2824,2018-02-01,3.0,Ethiopia,Oromia,Arsi,3.0,3.0,Oromia,Arsi,3645492,3552656,0.0,0.0,3552656.0,0.0,0.0,3552656.0,0.0,0.0,3552656.0,0.0,0.0,3552656.0,0.0,0.0,3552656.0,0.0,0.0,3552656.0
2825,2018-02-01,3.0,Ethiopia,Oromia,Bale,3.0,4.0,Oromia,Bale,1887498,1839431,0.0,0.0,1839431.0,0.0,0.0,1839431.0,0.0,0.0,1839431.0,0.0,0.0,1839431.0,0.0,0.0,0.0,1839431.0,0.0,1839431.0
2826,2018-02-01,3.0,Ethiopia,Oromia,Borena,3.0,3.0,Oromia,Borena,545493,531601,0.0,0.0,531601.0,0.0,0.0,531601.0,0.0,0.0,531601.0,0.0,0.0,531601.0,0.0,0.0,531601.0,0.0,0.0,531601.0
2827,2018-02-01,1.0,Ethiopia,Oromia,Buno Bedele,1.0,1.0,Oromia,Buno Bedele,809088,788483,788483.0,0.0,0.0,0.0,0.0,788483.0,788483.0,0.0,0.0,0.0,0.0,788483.0,788483.0,0.0,0.0,0.0,0.0,788483.0
2828,2018-02-01,2.0,Ethiopia,SNNP,Burji,3.0,2.0,SNNP,Burji,71728,69901,0.0,69901.0,0.0,0.0,0.0,69901.0,0.0,0.0,69901.0,0.0,0.0,69901.0,0.0,69901.0,0.0,0.0,0.0,69901.0
2829,2018-02-01,2.0,Ethiopia,Tigray,Central,2.0,3.0,Tigray,Central,1384454,1349197,0.0,1349197.0,0.0,0.0,0.0,1349197.0,0.0,1349197.0,0.0,0.0,0.0,1349197.0,0.0,0.0,1349197.0,0.0,0.0,1349197.0
2830,2018-02-01,2.0,Ethiopia,Amhara,Central Gondar,2.0,3.0,Amhara,Central Gondar,2719899,2650634,0.0,2650634.0,0.0,0.0,0.0,2650634.0,0.0,2650634.0,0.0,0.0,0.0,2650634.0,0.0,0.0,2650634.0,0.0,0.0,2650634.0
2831,2018-02-01,3.0,Ethiopia,Somali,Daawa,3.0,3.0,Somali,Daawa,457130,445488,0.0,0.0,445488.0,0.0,0.0,445488.0,0.0,0.0,445488.0,0.0,0.0,445488.0,0.0,0.0,445488.0,0.0,0.0,445488.0
2832,2018-02-01,2.0,Ethiopia,SNNP,Dawuro,2.0,2.0,SNNP,Dawuro,643931,627532,0.0,627532.0,0.0,0.0,0.0,627532.0,0.0,627532.0,0.0,0.0,0.0,627532.0,0.0,627532.0,0.0,0.0,0.0,627532.0
2833,2018-02-01,2.0,Ethiopia,SNNP,Derashe,3.0,2.0,SNNP,Derashe,107301,104568,0.0,104568.0,0.0,0.0,0.0,104568.0,0.0,0.0,104568.0,0.0,0.0,104568.0,0.0,104568.0,0.0,0.0,0.0,104568.0
2834,2018-02-01,2.0,Ethiopia,Dire Dawa,Dire Dawa rural,2.0,2.0,Dire Dawa,Dire Dawa rural,188933,184121,0.0,184121.0,0.0,0.0,0.0,184121.0,0.0,184121.0,0.0,0.0,0.0,184121.0,0.0,184121.0,0.0,0.0,0.0,184121.0
2835,2018-02-01,2.0,Ethiopia,Amhara,East Gojam,2.0,3.0,Amhara,East Gojam,2672621,2604560,0.0,2604560.0,0.0,0.0,0.0,2604560.0,0.0,2604560.0,0.0,0.0,0.0,2604560.0,0.0,0.0,2604560.0,0.0,0.0,2604560.0
2836,2018-02-01,3.0,Ethiopia,Oromia,East Hararge,3.0,4.0,Oromia,East Hararge,3739861,3644622,0.0,0.0,3644622.0,0.0,0.0,3644622.0,0.0,0.0,3644622.0,0.0,0.0,3644622.0,0.0,0.0,0.0,3644622.0,0.0,3644622.0
2837,2018-02-01,2.0,Ethiopia,Oromia,East Shewa,2.0,3.0,Oromia,East Shewa,2234419,2177517,0.0,2177517.0,0.0,0.0,0.0,2177517.0,0.0,2177517.0,0.0,0.0,0.0,2177517.0,0.0,0.0,2177517.0,0.0,0.0,2177517.0
2838,2018-02-01,1.0,Ethiopia,Oromia,East Wellega,1.0,1.0,Oromia,East Wellega,1693681,1650550,1650550.0,0.0,0.0,0.0,0.0,1650550.0,1650550.0,0.0,0.0,0.0,0.0,1650550.0,1650550.0,0.0,0.0,0.0,0.0,1650550.0
2839,2018-02-01,2.0,Ethiopia,Tigray,Eastern,2.0,3.0,Tigray,Eastern,940053,916113,0.0,916113.0,0.0,0.0,0.0,916113.0,0.0,916113.0,0.0,0.0,0.0,916113.0,0.0,0.0,916113.0,0.0,0.0,916113.0
2840,2018-02-01,3.0,Ethiopia,Somali,Erer,3.0,3.0,Somali,Erer,268901,262053,0.0,0.0,262053.0,0.0,0.0,262053.0,0.0,0.0,262053.0,0.0,0.0,262053.0,0.0,0.0,262053.0,0.0,0.0,262053.0
2841,2018-02-01,3.0,Ethiopia,Somali,Fafan,3.0,4.0,Somali,Fafan,1242707,1211060,0.0,0.0,1211060.0,0.0,0.0,1211060.0,0.0,0.0,1211060.0,0.0,0.0,1211060.0,0.0,0.0,0.0,1211060.0,0.0,1211060.0
2842,2018-02-01,2.0,Ethiopia,SNNP,Gamo,3.0,2.0,SNNP,Gamo,1462777,1425526,0.0,1425526.0,0.0,0.0,0.0,1425526.0,0.0,0.0,1425526.0,0.0,0.0,1425526.0,0.0,1425526.0,0.0,0.0,0.0,1425526.0
2843,2018-02-01,2.0,Ethiopia,SNNP,Gedeo,2.0,2.0,SNNP,Gedeo,1131834,1103010,0.0,1103010.0,0.0,0.0,0.0,1103010.0,0.0,1103010.0,0.0,0.0,0.0,1103010.0,0.0,1103010.0,0.0,0.0,0.0,1103010.0
2844,2018-02-01,2.0,Ethiopia,SNNP,Gofa,2.0,2.0,SNNP,Gofa,623589,607708,0.0,607708.0,0.0,0.0,0.0,607708.0,0.0,607708.0,0.0,0.0,0.0,607708.0,0.0,607708.0,0.0,0.0,0.0,607708.0
2845,2018-02-01,3.0,Ethiopia,Oromia,Guji,3.0,3.0,Oromia,Guji,1482472,1444719,0.0,0.0,1444719.0,0.0,0.0,1444719.0,0.0,0.0,1444719.0,0.0,0.0,1444719.0,0.0,0.0,1444719.0,0.0,0.0,1444719.0
2846,2018-02-01,2.0,Ethiopia,SNNP,Guraghe,2.0,3.0,SNNP,Guraghe,1882107,1834177,0.0,1834177.0,0.0,0.0,0.0,1834177.0,0.0,1834177.0,0.0,0.0,0.0,1834177.0,0.0,0.0,1834177.0,0.0,0.0,1834177.0
2847,2018-02-01,2.0,Ethiopia,SNNP,Hadiya,2.0,3.0,SNNP,Hadiya,1700138,1656842,0.0,1656842.0,0.0,0.0,0.0,1656842.0,0.0,1656842.0,0.0,0.0,0.0,1656842.0,0.0,0.0,1656842.0,0.0,0.0,1656842.0
2848,2018-02-01,2.0,Ethiopia,SNNP,Halaba Special,2.0,3.0,SNNP,Halaba Special,658130,641370,0.0,641370.0,0.0,0.0,0.0,641370.0,0.0,641370.0,0.0,0.0,0.0,641370.0,0.0,0.0,641370.0,0.0,0.0,641370.0
2849,2018-02-01,2.0,Ethiopia,Harari,Harari,2.0,3.0,Harari,Harari,260022,253400,0.0,253400.0,0.0,0.0,0.0,253400.0,0.0,253400.0,0.0,0.0,0.0,253400.0,0.0,0.0,253400.0,0.0,0.0,253400.0
2850,2018-02-01,3.0,Ethiopia,Somali,Jarar,3.0,4.0,Somali,Jarar,641077,624751,0.0,0.0,624751.0,0.0,0.0,624751.0,0.0,0.0,624751.0,0.0,0.0,624751.0,0.0,0.0,0.0,624751.0,0.0,624751.0
2851,2018-02-01,2.0,Ethiopia,Oromia,Jimma,2.0,2.0,Oromia,Jimma,3672640,3579113,0.0,3579113.0,0.0,0.0,0.0,3579113.0,0.0,3579113.0,0.0,0.0,0.0,3579113.0,0.0,3579113.0,0.0,0.0,0.0,3579113.0
2852,2018-02-01,2.0,Ethiopia,Benishangul Gumz,Kemashi,2.0,3.0,Benishangul Gumz,Kemashi,150986,147141,0.0,147141.0,0.0,0.0,0.0,147141.0,0.0,147141.0,0.0,0.0,0.0,147141.0,0.0,0.0,147141.0,0.0,0.0,147141.0
2853,2018-02-01,2.0,Ethiopia,SNNP,Kembata Tibaro,2.0,2.0,SNNP,Kembata Tibaro,911347,888138,0.0,888138.0,0.0,0.0,0.0,888138.0,0.0,888138.0,0.0,0.0,0.0,888138.0,0.0,888138.0,0.0,0.0,0.0,888138.0
2854,2018-02-01,2.0,Ethiopia,SNNP,Konso,3.0,2.0,SNNP,Konso,284360,277118,0.0,277118.0,0.0,0.0,0.0,277118.0,0.0,0.0,277118.0,0.0,0.0,277118.0,0.0,277118.0,0.0,0.0,0.0,277118.0
2855,2018-02-01,3.0,Ethiopia,Somali,Liban,3.0,4.0,Somali,Liban,505190,492324,0.0,0.0,492324.0,0.0,0.0,492324.0,0.0,0.0,492324.0,0.0,0.0,492324.0,0.0,0.0,0.0,492324.0,0.0,492324.0
2856,2018-02-01,1.0,Ethiopia,Tigray,Mekele Special,2.0,3.0,Tigray,Mekele Special,418327,407673,407673.0,0.0,0.0,0.0,0.0,407673.0,0.0,407673.0,0.0,0.0,0.0,407673.0,0.0,0.0,407673.0,0.0,0.0,407673.0
2857,2018-02-01,4.0,Ethiopia,SNNP,Mirab Omo,4.0,4.0,SNNP,Mirab Omo,262515,255829,0.0,0.0,0.0,255829.0,0.0,255829.0,0.0,0.0,0.0,255829.0,0.0,255829.0,0.0,0.0,0.0,255829.0,0.0,255829.0
2858,2018-02-01,3.0,Ethiopia,Somali,Nogob,3.0,4.0,Somali,Nogob,217220,211688,0.0,0.0,211688.0,0.0,0.0,211688.0,0.0,0.0,211688.0,0.0,0.0,211688.0,0.0,0.0,0.0,211688.0,0.0,211688.0
2859,2018-02-01,2.0,Ethiopia,Amhara,North Gondar,2.0,3.0,Amhara,North Gondar,889977,867313,0.0,867313.0,0.0,0.0,0.0,867313.0,0.0,867313.0,0.0,0.0,0.0,867313.0,0.0,0.0,867313.0,0.0,0.0,867313.0
2860,2018-02-01,2.0,Ethiopia,Amhara,North Shewa,2.0,2.0,Amhara,North Shewa,2293091,2234695,0.0,2234695.0,0.0,0.0,0.0,2234695.0,0.0,2234695.0,0.0,0.0,0.0,2234695.0,0.0,2234695.0,0.0,0.0,0.0,2234695.0
2861,2018-02-01,3.0,Ethiopia,Amhara,North Wello,3.0,3.0,Amhara,North Wello,1740337,1696017,0.0,0.0,1696017.0,0.0,0.0,1696017.0,0.0,0.0,1696017.0,0.0,0.0,1696017.0,0.0,0.0,1696017.0,0.0,0.0,1696017.0
2862,2018-02-01,2.0,Ethiopia,Tigray,North Western,2.0,3.0,Tigray,North Western,893262,870514,0.0,870514.0,0.0,0.0,0.0,870514.0,0.0,870514.0,0.0,0.0,0.0,870514.0,0.0,0.0,870514.0,0.0,0.0,870514.0
2863,2018-02-01,4.0,Ethiopia,Gambela,Nuwer,4.0,4.0,Gambela,Nuwer,166901,162650,0.0,0.0,0.0,162650.0,0.0,162650.0,0.0,0.0,0.0,162650.0,0.0,162650.0,0.0,0.0,0.0,162650.0,0.0,162650.0
2864,2018-02-01,2.0,Ethiopia,Amhara,Oromia,2.0,2.0,Amhara,Oromia,569808,555297,0.0,555297.0,0.0,0.0,0.0,555297.0,0.0,555297.0,0.0,0.0,0.0,555297.0,0.0,555297.0,0.0,0.0,0.0,555297.0
2865,2018-02-01,3.0,Ethiopia,Somali,Shabelle,3.0,4.0,Somali,Shabelle,647430,630942,0.0,0.0,630942.0,0.0,0.0,630942.0,0.0,0.0,630942.0,0.0,0.0,630942.0,0.0,0.0,0.0,630942.0,0.0,630942.0
2866,2018-02-01,2.0,Ethiopia,SNNP,Sidama,2.0,3.0,SNNP,Sidama,4212331,4105060,0.0,4105060.0,0.0,0.0,0.0,4105060.0,0.0,4105060.0,0.0,0.0,0.0,4105060.0,0.0,0.0,4105060.0,0.0,0.0,4105060.0
2867,2018-02-01,2.0,Ethiopia,SNNP,Siltie,2.0,3.0,SNNP,Siltie,1051444,1024668,0.0,1024668.0,0.0,0.0,0.0,1024668.0,0.0,1024668.0,0.0,0.0,0.0,1024668.0,0.0,0.0,1024668.0,0.0,0.0,1024668.0
2868,2018-02-01,2.0,Ethiopia,Somali,Siti,3.0,3.0,Somali,Siti,644214,627808,0.0,627808.0,0.0,0.0,0.0,627808.0,0.0,0.0,627808.0,0.0,0.0,627808.0,0.0,0.0,627808.0,0.0,0.0,627808.0
2869,2018-02-01,2.0,Ethiopia,Tigray,South Eastern,2.0,3.0,Tigray,South Eastern,528199,514748,0.0,514748.0,0.0,0.0,0.0,514748.0,0.0,514748.0,0.0,0.0,0.0,514748.0,0.0,0.0,514748.0,0.0,0.0,514748.0
2870,2018-02-01,2.0,Ethiopia,Amhara,South Gondar,2.0,3.0,Amhara,South Gondar,2526963,2462611,0.0,2462611.0,0.0,0.0,0.0,2462611.0,0.0,2462611.0,0.0,0.0,0.0,2462611.0,0.0,0.0,2462611.0,0.0,0.0,2462611.0
2871,2018-02-01,4.0,Ethiopia,SNNP,South Omo,4.0,4.0,SNNP,South Omo,754134,734929,0.0,0.0,0.0,734929.0,0.0,734929.0,0.0,0.0,0.0,734929.0,0.0,734929.0,0.0,0.0,0.0,734929.0,0.0,734929.0
2872,2018-02-01,3.0,Ethiopia,Amhara,South Wello,3.0,3.0,Amhara,South Wello,3246827,3164144,0.0,0.0,3164144.0,0.0,0.0,3164144.0,0.0,0.0,3164144.0,0.0,0.0,3164144.0,0.0,0.0,3164144.0,0.0,0.0,3164144.0
2873,2018-02-01,2.0,Ethiopia,Oromia,South West Shewa,2.0,2.0,Oromia,South West Shewa,1264234,1232039,0.0,1232039.0,0.0,0.0,0.0,1232039.0,0.0,1232039.0,0.0,0.0,0.0,1232039.0,0.0,1232039.0,0.0,0.0,0.0,1232039.0
2874,2018-02-01,2.0,Ethiopia,Tigray,Southern,2.0,3.0,Tigray,Southern,752344,733184,0.0,733184.0,0.0,0.0,0.0,733184.0,0.0,733184.0,0.0,0.0,0.0,733184.0,0.0,0.0,733184.0,0.0,0.0,733184.0
2875,2018-02-01,2.0,Ethiopia,Amhara,Wag Hamra,2.0,3.0,Amhara,Wag Hamra,516457,503305,0.0,503305.0,0.0,0.0,0.0,503305.0,0.0,503305.0,0.0,0.0,0.0,503305.0,0.0,0.0,503305.0,0.0,0.0,503305.0
2876,2018-02-01,2.0,Ethiopia,Oromia,West Arsi,2.0,3.0,Oromia,West Arsi,2868933,2795873,0.0,2795873.0,0.0,0.0,0.0,2795873.0,0.0,2795873.0,0.0,0.0,0.0,2795873.0,0.0,0.0,2795873.0,0.0,0.0,2795873.0
2877,2018-02-01,3.0,Ethiopia,Oromia,West Guji,3.0,3.0,Oromia,West Guji,1223292,1192139,0.0,0.0,1192139.0,0.0,0.0,1192139.0,0.0,0.0,1192139.0,0.0,0.0,1192139.0,0.0,0.0,1192139.0,0.0,0.0,1192139.0
2878,2018-02-01,3.0,Ethiopia,Oromia,West Hararge,3.0,3.0,Oromia,West Hararge,2568661,2503248,0.0,0.0,2503248.0,0.0,0.0,2503248.0,0.0,0.0,2503248.0,0.0,0.0,2503248.0,0.0,0.0,2503248.0,0.0,0.0,2503248.0
2879,2018-02-01,1.0,Ethiopia,Oromia,West Wellega,1.0,1.0,Oromia,West Wellega,1880222,1832340,1832340.0,0.0,0.0,0.0,0.0,1832340.0,1832340.0,0.0,0.0,0.0,0.0,1832340.0,1832340.0,0.0,0.0,0.0,0.0,1832340.0
2880,2018-02-01,2.0,Ethiopia,Tigray,Western,2.0,3.0,Tigray,Western,440553,429333,0.0,429333.0,0.0,0.0,0.0,429333.0,0.0,429333.0,0.0,0.0,0.0,429333.0,0.0,0.0,429333.0,0.0,0.0,429333.0
2881,2018-02-01,2.0,Ethiopia,SNNP,Wolayita,2.0,2.0,SNNP,Wolayita,1999292,1948378,0.0,1948378.0,0.0,0.0,0.0,1948378.0,0.0,1948378.0,0.0,0.0,0.0,1948378.0,0.0,1948378.0,0.0,0.0,0.0,1948378.0
2882,2018-02-01,2.0,Ethiopia,SNNP,Yem Special,2.0,2.0,SNNP,Yem Special,102526,99915,0.0,99915.0,0.0,0.0,0.0,99915.0,0.0,99915.0,0.0,0.0,0.0,99915.0,0.0,99915.0,0.0,0.0,0.0,99915.0
2883,2018-02-01,2.0,Ethiopia,Afar,Zone 1 (Awsi Rasu),2.0,2.0,Afar,Zone 1 (Awsi Rasu),643036,626660,0.0,626660.0,0.0,0.0,0.0,626660.0,0.0,626660.0,0.0,0.0,0.0,626660.0,0.0,626660.0,0.0,0.0,0.0,626660.0
2884,2018-02-01,2.0,Ethiopia,Afar,Zone 2 (Kilbet Rasu),2.0,3.0,Afar,Zone 2 (Kilbet Rasu),493764,481189,0.0,481189.0,0.0,0.0,0.0,481189.0,0.0,481189.0,0.0,0.0,0.0,481189.0,0.0,0.0,481189.0,0.0,0.0,481189.0
2885,2018-02-01,2.0,Ethiopia,Afar,Zone 3 (Gabi Rasu),3.0,3.0,Afar,Zone 3 (Gabi Rasu),281357,274192,0.0,274192.0,0.0,0.0,0.0,274192.0,0.0,0.0,274192.0,0.0,0.0,274192.0,0.0,0.0,274192.0,0.0,0.0,274192.0
2886,2018-02-01,2.0,Ethiopia,Afar,Zone 4 (Fantana Rasu),2.0,3.0,Afar,Zone 4 (Fantana Rasu),276855,269804,0.0,269804.0,0.0,0.0,0.0,269804.0,0.0,269804.0,0.0,0.0,0.0,269804.0,0.0,0.0,269804.0,0.0,0.0,269804.0
2887,2018-02-01,2.0,Ethiopia,Afar,Zone 5 (Hari Rasu),2.0,2.0,Afar,Zone 5 (Hari Rasu),209402,204069,0.0,204069.0,0.0,0.0,0.0,204069.0,0.0,204069.0,0.0,0.0,0.0,204069.0,0.0,204069.0,0.0,0.0,0.0,204069.0
2888,2018-02-01,4.0,Ethiopia,Gambela,Agnewak,4.0,4.0,Gambela,Agnewak,164054,159876,0.0,0.0,0.0,159876.0,0.0,159876.0,0.0,0.0,0.0,159876.0,0.0,159876.0,0.0,0.0,0.0,159876.0,0.0,159876.0
2889,2018-02-01,3.0,Ethiopia,Somali,Doolo,3.0,4.0,Somali,Doolo,425824,414980,0.0,0.0,414980.0,0.0,0.0,414980.0,0.0,0.0,414980.0,0.0,0.0,414980.0,0.0,0.0,0.0,414980.0,0.0,414980.0
2890,2018-02-01,3.0,Ethiopia,Somali,Korahe,3.0,4.0,Somali,Korahe,511890,498854,0.0,0.0,498854.0,0.0,0.0,498854.0,0.0,0.0,498854.0,0.0,0.0,498854.0,0.0,0.0,0.0,498854.0,0.0,498854.0
2891,2018-02-01,2.0,Ethiopia,Oromia,Finfine Special,2.0,2.0,Oromia,Finfine Special,1040106,1013618,0.0,1013618.0,0.0,0.0,0.0,1013618.0,0.0,1013618.0,0.0,0.0,0.0,1013618.0,0.0,1013618.0,0.0,0.0,0.0,1013618.0
2892,2018-02-01,1.0,Ethiopia,Addis Ababa,Region 14,1.0,1.0,Addis Ababa,Region 14,3585647,3494335,3494335.0,0.0,0.0,0.0,0.0,3494335.0,3494335.0,0.0,0.0,0.0,0.0,3494335.0,3494335.0,0.0,0.0,0.0,0.0,3494335.0
2893,2018-02-01,1.0,Ethiopia,Amhara,West Gojam,1.0,2.0,Amhara,West Gojam,2894095,2820394,2820394.0,0.0,0.0,0.0,0.0,2820394.0,2820394.0,0.0,0.0,0.0,0.0,2820394.0,0.0,2820394.0,0.0,0.0,0.0,2820394.0
2894,2018-02-01,2.0,Ethiopia,SNNP,Basketo,2.0,2.0,SNNP,Basketo,75512,73589,0.0,73589.0,0.0,0.0,0.0,73589.0,0.0,73589.0,0.0,0.0,0.0,73589.0,0.0,73589.0,0.0,0.0,0.0,73589.0
2895,2018-02-01,1.0,Ethiopia,SNNP,Bench Maji,1.0,1.0,SNNP,Bench Maji,603595,588223,588223.0,0.0,0.0,0.0,0.0,588223.0,588223.0,0.0,0.0,0.0,0.0,588223.0,588223.0,0.0,0.0,0.0,0.0,588223.0
2896,2018-02-01,4.0,Ethiopia,Gambela,Etang Special woreda,4.0,4.0,Gambela,Etang Special woreda,50260,48980,0.0,0.0,0.0,48980.0,0.0,48980.0,0.0,0.0,0.0,48980.0,0.0,48980.0,0.0,0.0,0.0,48980.0,0.0,48980.0
2897,2018-02-01,1.0,Ethiopia,Oromia,Ilu Aba Bora,1.0,1.0,Oromia,Ilu Aba Bora,953178,928904,928904.0,0.0,0.0,0.0,0.0,928904.0,928904.0,0.0,0.0,0.0,0.0,928904.0,928904.0,0.0,0.0,0.0,0.0,928904.0
2898,2018-02-01,1.0,Ethiopia,SNNP,Kefa,2.0,2.0,SNNP,Kefa,1053546,1026716,1026716.0,0.0,0.0,0.0,0.0,1026716.0,0.0,1026716.0,0.0,0.0,0.0,1026716.0,0.0,1026716.0,0.0,0.0,0.0,1026716.0
2899,2018-02-01,2.0,Ethiopia,SNNP,Konta Special,2.0,2.0,SNNP,Konta Special,119904,116850,0.0,116850.0,0.0,0.0,0.0,116850.0,0.0,116850.0,0.0,0.0,0.0,116850.0,0.0,116850.0,0.0,0.0,0.0,116850.0
2900,2018-02-01,1.0,Ethiopia,Gambela,Mejenger,1.0,1.0,Gambela,Mejenger,81617,79538,79538.0,0.0,0.0,0.0,0.0,79538.0,79538.0,0.0,0.0,0.0,0.0,79538.0,79538.0,0.0,0.0,0.0,0.0,79538.0
2901,2018-02-01,2.0,Ethiopia,Benishangul Gumz,Asosa,2.0,3.0,Benishangul Gumz,Asosa,402287,392042,0.0,392042.0,0.0,0.0,0.0,392042.0,0.0,392042.0,0.0,0.0,0.0,392042.0,0.0,0.0,392042.0,0.0,0.0,392042.0
2902,2018-02-01,2.0,Ethiopia,Dire Dawa,Dire Dawa urban,2.0,2.0,Dire Dawa,Dire Dawa urban,319985,311836,0.0,311836.0,0.0,0.0,0.0,311836.0,0.0,311836.0,0.0,0.0,0.0,311836.0,0.0,311836.0,0.0,0.0,0.0,311836.0
2903,2018-02-01,1.0,Ethiopia,Oromia,Horo Gudru Wellega,1.0,1.0,Oromia,Horo Gudru Wellega,791731,771568,771568.0,0.0,0.0,0.0,0.0,771568.0,771568.0,0.0,0.0,0.0,0.0,771568.0,771568.0,0.0,0.0,0.0,0.0,771568.0
2904,2018-02-01,4.0,Ethiopia,Oromia,Kelem Wellega,4.0,4.0,Oromia,Kelem Wellega,1141498,1112428,0.0,0.0,0.0,1112428.0,0.0,1112428.0,0.0,0.0,0.0,1112428.0,0.0,1112428.0,0.0,0.0,0.0,1112428.0,0.0,1112428.0
2905,2018-02-01,4.0,Ethiopia,Benishangul Gumz,Mao Komo Special,4.0,4.0,Benishangul Gumz,Mao Komo Special,70414,68620,0.0,0.0,0.0,68620.0,0.0,68620.0,0.0,0.0,0.0,68620.0,0.0,68620.0,0.0,0.0,0.0,68620.0,0.0,68620.0
2906,2018-02-01,1.0,Ethiopia,Benishangul Gumz,Metekel,1.0,1.0,Benishangul Gumz,Metekel,479162,466959,466959.0,0.0,0.0,0.0,0.0,466959.0,466959.0,0.0,0.0,0.0,0.0,466959.0,466959.0,0.0,0.0,0.0,0.0,466959.0
2907,2018-02-01,2.0,Ethiopia,Oromia,North Shewa,2.0,2.0,Oromia,North Shewa,1626893,1585462,0.0,1585462.0,0.0,0.0,0.0,1585462.0,0.0,1585462.0,0.0,0.0,0.0,1585462.0,0.0,1585462.0,0.0,0.0,0.0,1585462.0
2908,2018-02-01,1.0,Ethiopia,SNNP,Sheka,1.0,1.0,SNNP,Sheka,274212,267228,267228.0,0.0,0.0,0.0,0.0,267228.0,267228.0,0.0,0.0,0.0,0.0,267228.0,267228.0,0.0,0.0,0.0,0.0,267228.0
2909,2018-02-01,1.0,Ethiopia,Oromia,West Shewa,1.0,1.0,Oromia,West Shewa,2773901,2703261,2703261.0,0.0,0.0,0.0,0.0,2703261.0,2703261.0,0.0,0.0,0.0,0.0,2703261.0,2703261.0,0.0,0.0,0.0,0.0,2703261.0
2910,2018-02-01,1.0,Ethiopia,Amhara,Awi,1.0,1.0,Amhara,Awi,1338704,1304612,1304612.0,0.0,0.0,0.0,0.0,1304612.0,1304612.0,0.0,0.0,0.0,0.0,1304612.0,1304612.0,0.0,0.0,0.0,0.0,1304612.0
2911,2018-02-01,1.0,Ethiopia,Amhara,West Gondar,2.0,2.0,Amhara,West Gondar,381393,371680,371680.0,0.0,0.0,0.0,0.0,371680.0,0.0,371680.0,0.0,0.0,0.0,371680.0,0.0,371680.0,0.0,0.0,0.0,371680.0
2912,2018-06-01,3.0,Ethiopia,Somali,Afder,3.0,2.0,Somali,Afder,654828,638152,0.0,0.0,638152.0,0.0,0.0,638152.0,0.0,0.0,638152.0,0.0,0.0,638152.0,0.0,638152.0,0.0,0.0,0.0,638152.0
2913,2018-06-01,2.0,Ethiopia,SNNP,Alle,2.0,1.0,SNNP,Alle,81190,79122,0.0,79122.0,0.0,0.0,0.0,79122.0,0.0,79122.0,0.0,0.0,0.0,79122.0,79122.0,0.0,0.0,0.0,0.0,79122.0
2914,2018-06-01,3.0,Ethiopia,SNNP,Amaro,3.0,3.0,SNNP,Amaro,195252,190279,0.0,0.0,190279.0,0.0,0.0,190279.0,0.0,0.0,190279.0,0.0,0.0,190279.0,0.0,0.0,190279.0,0.0,0.0,190279.0
2915,2018-06-01,3.0,Ethiopia,Oromia,Arsi,3.0,3.0,Oromia,Arsi,3645492,3552656,0.0,0.0,3552656.0,0.0,0.0,3552656.0,0.0,0.0,3552656.0,0.0,0.0,3552656.0,0.0,0.0,3552656.0,0.0,0.0,3552656.0
2916,2018-06-01,3.0,Ethiopia,Oromia,Bale,3.0,3.0,Oromia,Bale,1887498,1839431,0.0,0.0,1839431.0,0.0,0.0,1839431.0,0.0,0.0,1839431.0,0.0,0.0,1839431.0,0.0,0.0,1839431.0,0.0,0.0,1839431.0
2917,2018-06-01,3.0,Ethiopia,Oromia,Borena,3.0,3.0,Oromia,Borena,545493,531601,0.0,0.0,531601.0,0.0,0.0,531601.0,0.0,0.0,531601.0,0.0,0.0,531601.0,0.0,0.0,531601.0,0.0,0.0,531601.0
2918,2018-06-01,1.0,Ethiopia,Oromia,Buno Bedele,1.0,1.0,Oromia,Buno Bedele,809088,788483,788483.0,0.0,0.0,0.0,0.0,788483.0,788483.0,0.0,0.0,0.0,0.0,788483.0,788483.0,0.0,0.0,0.0,0.0,788483.0
2919,2018-06-01,3.0,Ethiopia,SNNP,Burji,3.0,2.0,SNNP,Burji,71728,69901,0.0,0.0,69901.0,0.0,0.0,69901.0,0.0,0.0,69901.0,0.0,0.0,69901.0,0.0,69901.0,0.0,0.0,0.0,69901.0
2920,2018-06-01,2.0,Ethiopia,Tigray,Central,3.0,2.0,Tigray,Central,1384454,1349197,0.0,1349197.0,0.0,0.0,0.0,1349197.0,0.0,0.0,1349197.0,0.0,0.0,1349197.0,0.0,1349197.0,0.0,0.0,0.0,1349197.0
2921,2018-06-01,2.0,Ethiopia,Amhara,Central Gondar,3.0,2.0,Amhara,Central Gondar,2719899,2650634,0.0,2650634.0,0.0,0.0,0.0,2650634.0,0.0,0.0,2650634.0,0.0,0.0,2650634.0,0.0,2650634.0,0.0,0.0,0.0,2650634.0
2922,2018-06-01,3.0,Ethiopia,Somali,Daawa,3.0,3.0,Somali,Daawa,457130,445488,0.0,0.0,445488.0,0.0,0.0,445488.0,0.0,0.0,445488.0,0.0,0.0,445488.0,0.0,0.0,445488.0,0.0,0.0,445488.0
2923,2018-06-01,2.0,Ethiopia,SNNP,Dawuro,1.0,1.0,SNNP,Dawuro,643931,627532,0.0,627532.0,0.0,0.0,0.0,627532.0,627532.0,0.0,0.0,0.0,0.0,627532.0,627532.0,0.0,0.0,0.0,0.0,627532.0
2924,2018-06-01,2.0,Ethiopia,SNNP,Derashe,2.0,1.0,SNNP,Derashe,107301,104568,0.0,104568.0,0.0,0.0,0.0,104568.0,0.0,104568.0,0.0,0.0,0.0,104568.0,104568.0,0.0,0.0,0.0,0.0,104568.0
2925,2018-06-01,2.0,Ethiopia,Dire Dawa,Dire Dawa rural,2.0,2.0,Dire Dawa,Dire Dawa rural,188933,184121,0.0,184121.0,0.0,0.0,0.0,184121.0,0.0,184121.0,0.0,0.0,0.0,184121.0,0.0,184121.0,0.0,0.0,0.0,184121.0
2926,2018-06-01,2.0,Ethiopia,Amhara,East Gojam,3.0,1.0,Amhara,East Gojam,2672621,2604560,0.0,2604560.0,0.0,0.0,0.0,2604560.0,0.0,0.0,2604560.0,0.0,0.0,2604560.0,2604560.0,0.0,0.0,0.0,0.0,2604560.0
2927,2018-06-01,3.0,Ethiopia,Oromia,East Hararge,3.0,3.0,Oromia,East Hararge,3739861,3644622,0.0,0.0,3644622.0,0.0,0.0,3644622.0,0.0,0.0,3644622.0,0.0,0.0,3644622.0,0.0,0.0,3644622.0,0.0,0.0,3644622.0
2928,2018-06-01,2.0,Ethiopia,Oromia,East Shewa,2.0,2.0,Oromia,East Shewa,2234419,2177517,0.0,2177517.0,0.0,0.0,0.0,2177517.0,0.0,2177517.0,0.0,0.0,0.0,2177517.0,0.0,2177517.0,0.0,0.0,0.0,2177517.0
2929,2018-06-01,1.0,Ethiopia,Oromia,East Wellega,1.0,1.0,Oromia,East Wellega,1693681,1650550,1650550.0,0.0,0.0,0.0,0.0,1650550.0,1650550.0,0.0,0.0,0.0,0.0,1650550.0,1650550.0,0.0,0.0,0.0,0.0,1650550.0
2930,2018-06-01,2.0,Ethiopia,Tigray,Eastern,2.0,2.0,Tigray,Eastern,940053,916113,0.0,916113.0,0.0,0.0,0.0,916113.0,0.0,916113.0,0.0,0.0,0.0,916113.0,0.0,916113.0,0.0,0.0,0.0,916113.0
2931,2018-06-01,3.0,Ethiopia,Somali,Erer,3.0,3.0,Somali,Erer,268901,262053,0.0,0.0,262053.0,0.0,0.0,262053.0,0.0,0.0,262053.0,0.0,0.0,262053.0,0.0,0.0,262053.0,0.0,0.0,262053.0
2932,2018-06-01,3.0,Ethiopia,Somali,Fafan,3.0,3.0,Somali,Fafan,1242707,1211060,0.0,0.0,1211060.0,0.0,0.0,1211060.0,0.0,0.0,1211060.0,0.0,0.0,1211060.0,0.0,0.0,1211060.0,0.0,0.0,1211060.0
2933,2018-06-01,2.0,Ethiopia,SNNP,Gamo,2.0,2.0,SNNP,Gamo,1462777,1425526,0.0,1425526.0,0.0,0.0,0.0,1425526.0,0.0,1425526.0,0.0,0.0,0.0,1425526.0,0.0,1425526.0,0.0,0.0,0.0,1425526.0
2934,2018-06-01,3.0,Ethiopia,SNNP,Gedeo,3.0,3.0,SNNP,Gedeo,1131834,1103010,0.0,0.0,1103010.0,0.0,0.0,1103010.0,0.0,0.0,1103010.0,0.0,0.0,1103010.0,0.0,0.0,1103010.0,0.0,0.0,1103010.0
2935,2018-06-01,2.0,Ethiopia,SNNP,Gofa,1.0,1.0,SNNP,Gofa,623589,607708,0.0,607708.0,0.0,0.0,0.0,607708.0,607708.0,0.0,0.0,0.0,0.0,607708.0,607708.0,0.0,0.0,0.0,0.0,607708.0
2936,2018-06-01,3.0,Ethiopia,Oromia,Guji,3.0,3.0,Oromia,Guji,1482472,1444719,0.0,0.0,1444719.0,0.0,0.0,1444719.0,0.0,0.0,1444719.0,0.0,0.0,1444719.0,0.0,0.0,1444719.0,0.0,0.0,1444719.0
2937,2018-06-01,2.0,Ethiopia,SNNP,Guraghe,2.0,1.0,SNNP,Guraghe,1882107,1834177,0.0,1834177.0,0.0,0.0,0.0,1834177.0,0.0,1834177.0,0.0,0.0,0.0,1834177.0,1834177.0,0.0,0.0,0.0,0.0,1834177.0
2938,2018-06-01,2.0,Ethiopia,SNNP,Hadiya,2.0,1.0,SNNP,Hadiya,1700138,1656842,0.0,1656842.0,0.0,0.0,0.0,1656842.0,0.0,1656842.0,0.0,0.0,0.0,1656842.0,1656842.0,0.0,0.0,0.0,0.0,1656842.0
2939,2018-06-01,2.0,Ethiopia,SNNP,Halaba Special,2.0,1.0,SNNP,Halaba Special,658130,641370,0.0,641370.0,0.0,0.0,0.0,641370.0,0.0,641370.0,0.0,0.0,0.0,641370.0,641370.0,0.0,0.0,0.0,0.0,641370.0
2940,2018-06-01,3.0,Ethiopia,Harari,Harari,3.0,3.0,Harari,Harari,260022,253400,0.0,0.0,253400.0,0.0,0.0,253400.0,0.0,0.0,253400.0,0.0,0.0,253400.0,0.0,0.0,253400.0,0.0,0.0,253400.0
2941,2018-06-01,3.0,Ethiopia,Somali,Jarar,3.0,3.0,Somali,Jarar,641077,624751,0.0,0.0,624751.0,0.0,0.0,624751.0,0.0,0.0,624751.0,0.0,0.0,624751.0,0.0,0.0,624751.0,0.0,0.0,624751.0
2942,2018-06-01,2.0,Ethiopia,Oromia,Jimma,1.0,1.0,Oromia,Jimma,3672640,3579113,0.0,3579113.0,0.0,0.0,0.0,3579113.0,3579113.0,0.0,0.0,0.0,0.0,3579113.0,3579113.0,0.0,0.0,0.0,0.0,3579113.0
2943,2018-06-01,3.0,Ethiopia,Benishangul Gumz,Kemashi,3.0,2.0,Benishangul Gumz,Kemashi,150986,147141,0.0,0.0,147141.0,0.0,0.0,147141.0,0.0,0.0,147141.0,0.0,0.0,147141.0,0.0,147141.0,0.0,0.0,0.0,147141.0
2944,2018-06-01,2.0,Ethiopia,SNNP,Kembata Tibaro,2.0,1.0,SNNP,Kembata Tibaro,911347,888138,0.0,888138.0,0.0,0.0,0.0,888138.0,0.0,888138.0,0.0,0.0,0.0,888138.0,888138.0,0.0,0.0,0.0,0.0,888138.0
2945,2018-06-01,2.0,Ethiopia,SNNP,Konso,2.0,2.0,SNNP,Konso,284360,277118,0.0,277118.0,0.0,0.0,0.0,277118.0,0.0,277118.0,0.0,0.0,0.0,277118.0,0.0,277118.0,0.0,0.0,0.0,277118.0
2946,2018-06-01,3.0,Ethiopia,Somali,Liban,3.0,3.0,Somali,Liban,505190,492324,0.0,0.0,492324.0,0.0,0.0,492324.0,0.0,0.0,492324.0,0.0,0.0,492324.0,0.0,0.0,492324.0,0.0,0.0,492324.0
2947,2018-06-01,2.0,Ethiopia,Tigray,Mekele Special,2.0,1.0,Tigray,Mekele Special,418327,407673,0.0,407673.0,0.0,0.0,0.0,407673.0,0.0,407673.0,0.0,0.0,0.0,407673.0,407673.0,0.0,0.0,0.0,0.0,407673.0
2948,2018-06-01,4.0,Ethiopia,SNNP,Mirab Omo,4.0,4.0,SNNP,Mirab Omo,262515,255829,0.0,0.0,0.0,255829.0,0.0,255829.0,0.0,0.0,0.0,255829.0,0.0,255829.0,0.0,0.0,0.0,255829.0,0.0,255829.0
2949,2018-06-01,3.0,Ethiopia,Somali,Nogob,3.0,3.0,Somali,Nogob,217220,211688,0.0,0.0,211688.0,0.0,0.0,211688.0,0.0,0.0,211688.0,0.0,0.0,211688.0,0.0,0.0,211688.0,0.0,0.0,211688.0
2950,2018-06-01,2.0,Ethiopia,Amhara,North Gondar,3.0,2.0,Amhara,North Gondar,889977,867313,0.0,867313.0,0.0,0.0,0.0,867313.0,0.0,0.0,867313.0,0.0,0.0,867313.0,0.0,867313.0,0.0,0.0,0.0,867313.0
2951,2018-06-01,2.0,Ethiopia,Amhara,North Shewa,2.0,2.0,Amhara,North Shewa,2293091,2234695,0.0,2234695.0,0.0,0.0,0.0,2234695.0,0.0,2234695.0,0.0,0.0,0.0,2234695.0,0.0,2234695.0,0.0,0.0,0.0,2234695.0
2952,2018-06-01,2.0,Ethiopia,Amhara,North Wello,3.0,2.0,Amhara,North Wello,1740337,1696017,0.0,1696017.0,0.0,0.0,0.0,1696017.0,0.0,0.0,1696017.0,0.0,0.0,1696017.0,0.0,1696017.0,0.0,0.0,0.0,1696017.0
2953,2018-06-01,2.0,Ethiopia,Tigray,North Western,3.0,2.0,Tigray,North Western,893262,870514,0.0,870514.0,0.0,0.0,0.0,870514.0,0.0,0.0,870514.0,0.0,0.0,870514.0,0.0,870514.0,0.0,0.0,0.0,870514.0
2954,2018-06-01,3.0,Ethiopia,Gambela,Nuwer,3.0,3.0,Gambela,Nuwer,166901,162650,0.0,0.0,162650.0,0.0,0.0,162650.0,0.0,0.0,162650.0,0.0,0.0,162650.0,0.0,0.0,162650.0,0.0,0.0,162650.0
2955,2018-06-01,2.0,Ethiopia,Amhara,Oromia,2.0,2.0,Amhara,Oromia,569808,555297,0.0,555297.0,0.0,0.0,0.0,555297.0,0.0,555297.0,0.0,0.0,0.0,555297.0,0.0,555297.0,0.0,0.0,0.0,555297.0
2956,2018-06-01,3.0,Ethiopia,Somali,Shabelle,3.0,3.0,Somali,Shabelle,647430,630942,0.0,0.0,630942.0,0.0,0.0,630942.0,0.0,0.0,630942.0,0.0,0.0,630942.0,0.0,0.0,630942.0,0.0,0.0,630942.0
2957,2018-06-01,2.0,Ethiopia,SNNP,Sidama,2.0,2.0,SNNP,Sidama,4212331,4105060,0.0,4105060.0,0.0,0.0,0.0,4105060.0,0.0,4105060.0,0.0,0.0,0.0,4105060.0,0.0,4105060.0,0.0,0.0,0.0,4105060.0
2958,2018-06-01,2.0,Ethiopia,SNNP,Siltie,2.0,1.0,SNNP,Siltie,1051444,1024668,0.0,1024668.0,0.0,0.0,0.0,1024668.0,0.0,1024668.0,0.0,0.0,0.0,1024668.0,1024668.0,0.0,0.0,0.0,0.0,1024668.0
2959,2018-06-01,3.0,Ethiopia,Somali,Siti,3.0,3.0,Somali,Siti,644214,627808,0.0,0.0,627808.0,0.0,0.0,627808.0,0.0,0.0,627808.0,0.0,0.0,627808.0,0.0,0.0,627808.0,0.0,0.0,627808.0
2960,2018-06-01,2.0,Ethiopia,Tigray,South Eastern,3.0,2.0,Tigray,South Eastern,528199,514748,0.0,514748.0,0.0,0.0,0.0,514748.0,0.0,0.0,514748.0,0.0,0.0,514748.0,0.0,514748.0,0.0,0.0,0.0,514748.0
2961,2018-06-01,2.0,Ethiopia,Amhara,South Gondar,3.0,1.0,Amhara,South Gondar,2526963,2462611,0.0,2462611.0,0.0,0.0,0.0,2462611.0,0.0,0.0,2462611.0,0.0,0.0,2462611.0,2462611.0,0.0,0.0,0.0,0.0,2462611.0
2962,2018-06-01,3.0,Ethiopia,SNNP,South Omo,3.0,4.0,SNNP,South Omo,754134,734929,0.0,0.0,734929.0,0.0,0.0,734929.0,0.0,0.0,734929.0,0.0,0.0,734929.0,0.0,0.0,0.0,734929.0,0.0,734929.0
2963,2018-06-01,2.0,Ethiopia,Amhara,South Wello,3.0,1.0,Amhara,South Wello,3246827,3164144,0.0,3164144.0,0.0,0.0,0.0,3164144.0,0.0,0.0,3164144.0,0.0,0.0,3164144.0,3164144.0,0.0,0.0,0.0,0.0,3164144.0
2964,2018-06-01,2.0,Ethiopia,Oromia,South West Shewa,2.0,1.0,Oromia,South West Shewa,1264234,1232039,0.0,1232039.0,0.0,0.0,0.0,1232039.0,0.0,1232039.0,0.0,0.0,0.0,1232039.0,1232039.0,0.0,0.0,0.0,0.0,1232039.0
2965,2018-06-01,2.0,Ethiopia,Tigray,Southern,3.0,2.0,Tigray,Southern,752344,733184,0.0,733184.0,0.0,0.0,0.0,733184.0,0.0,0.0,733184.0,0.0,0.0,733184.0,0.0,733184.0,0.0,0.0,0.0,733184.0
2966,2018-06-01,2.0,Ethiopia,Amhara,Wag Hamra,3.0,2.0,Amhara,Wag Hamra,516457,503305,0.0,503305.0,0.0,0.0,0.0,503305.0,0.0,0.0,503305.0,0.0,0.0,503305.0,0.0,503305.0,0.0,0.0,0.0,503305.0
2967,2018-06-01,2.0,Ethiopia,Oromia,West Arsi,2.0,1.0,Oromia,West Arsi,2868933,2795873,0.0,2795873.0,0.0,0.0,0.0,2795873.0,0.0,2795873.0,0.0,0.0,0.0,2795873.0,2795873.0,0.0,0.0,0.0,0.0,2795873.0
2968,2018-06-01,3.0,Ethiopia,Oromia,West Guji,3.0,3.0,Oromia,West Guji,1223292,1192139,0.0,0.0,1192139.0,0.0,0.0,1192139.0,0.0,0.0,1192139.0,0.0,0.0,1192139.0,0.0,0.0,1192139.0,0.0,0.0,1192139.0
2969,2018-06-01,3.0,Ethiopia,Oromia,West Hararge,3.0,3.0,Oromia,West Hararge,2568661,2503248,0.0,0.0,2503248.0,0.0,0.0,2503248.0,0.0,0.0,2503248.0,0.0,0.0,2503248.0,0.0,0.0,2503248.0,0.0,0.0,2503248.0
2970,2018-06-01,1.0,Ethiopia,Oromia,West Wellega,1.0,1.0,Oromia,West Wellega,1880222,1832340,1832340.0,0.0,0.0,0.0,0.0,1832340.0,1832340.0,0.0,0.0,0.0,0.0,1832340.0,1832340.0,0.0,0.0,0.0,0.0,1832340.0
2971,2018-06-01,2.0,Ethiopia,Tigray,Western,2.0,2.0,Tigray,Western,440553,429333,0.0,429333.0,0.0,0.0,0.0,429333.0,0.0,429333.0,0.0,0.0,0.0,429333.0,0.0,429333.0,0.0,0.0,0.0,429333.0
2972,2018-06-01,2.0,Ethiopia,SNNP,Wolayita,2.0,2.0,SNNP,Wolayita,1999292,1948378,0.0,1948378.0,0.0,0.0,0.0,1948378.0,0.0,1948378.0,0.0,0.0,0.0,1948378.0,0.0,1948378.0,0.0,0.0,0.0,1948378.0
2973,2018-06-01,2.0,Ethiopia,SNNP,Yem Special,1.0,1.0,SNNP,Yem Special,102526,99915,0.0,99915.0,0.0,0.0,0.0,99915.0,99915.0,0.0,0.0,0.0,0.0,99915.0,99915.0,0.0,0.0,0.0,0.0,99915.0
2974,2018-06-01,2.0,Ethiopia,Afar,Zone 1 (Awsi Rasu),2.0,2.0,Afar,Zone 1 (Awsi Rasu),643036,626660,0.0,626660.0,0.0,0.0,0.0,626660.0,0.0,626660.0,0.0,0.0,0.0,626660.0,0.0,626660.0,0.0,0.0,0.0,626660.0
2975,2018-06-01,2.0,Ethiopia,Afar,Zone 2 (Kilbet Rasu),2.0,2.0,Afar,Zone 2 (Kilbet Rasu),493764,481189,0.0,481189.0,0.0,0.0,0.0,481189.0,0.0,481189.0,0.0,0.0,0.0,481189.0,0.0,481189.0,0.0,0.0,0.0,481189.0
2976,2018-06-01,3.0,Ethiopia,Afar,Zone 3 (Gabi Rasu),3.0,3.0,Afar,Zone 3 (Gabi Rasu),281357,274192,0.0,0.0,274192.0,0.0,0.0,274192.0,0.0,0.0,274192.0,0.0,0.0,274192.0,0.0,0.0,274192.0,0.0,0.0,274192.0
2977,2018-06-01,2.0,Ethiopia,Afar,Zone 4 (Fantana Rasu),2.0,2.0,Afar,Zone 4 (Fantana Rasu),276855,269804,0.0,269804.0,0.0,0.0,0.0,269804.0,0.0,269804.0,0.0,0.0,0.0,269804.0,0.0,269804.0,0.0,0.0,0.0,269804.0
2978,2018-06-01,2.0,Ethiopia,Afar,Zone 5 (Hari Rasu),2.0,2.0,Afar,Zone 5 (Hari Rasu),209402,204069,0.0,204069.0,0.0,0.0,0.0,204069.0,0.0,204069.0,0.0,0.0,0.0,204069.0,0.0,204069.0,0.0,0.0,0.0,204069.0
2979,2018-06-01,4.0,Ethiopia,Gambela,Agnewak,4.0,4.0,Gambela,Agnewak,164054,159876,0.0,0.0,0.0,159876.0,0.0,159876.0,0.0,0.0,0.0,159876.0,0.0,159876.0,0.0,0.0,0.0,159876.0,0.0,159876.0
2980,2018-06-01,3.0,Ethiopia,Somali,Doolo,3.0,3.0,Somali,Doolo,425824,414980,0.0,0.0,414980.0,0.0,0.0,414980.0,0.0,0.0,414980.0,0.0,0.0,414980.0,0.0,0.0,414980.0,0.0,0.0,414980.0
2981,2018-06-01,3.0,Ethiopia,Somali,Korahe,3.0,3.0,Somali,Korahe,511890,498854,0.0,0.0,498854.0,0.0,0.0,498854.0,0.0,0.0,498854.0,0.0,0.0,498854.0,0.0,0.0,498854.0,0.0,0.0,498854.0
2982,2018-06-01,2.0,Ethiopia,Oromia,Finfine Special,2.0,1.0,Oromia,Finfine Special,1040106,1013618,0.0,1013618.0,0.0,0.0,0.0,1013618.0,0.0,1013618.0,0.0,0.0,0.0,1013618.0,1013618.0,0.0,0.0,0.0,0.0,1013618.0
2983,2018-06-01,1.0,Ethiopia,Addis Ababa,Region 14,1.0,1.0,Addis Ababa,Region 14,3585647,3494335,3494335.0,0.0,0.0,0.0,0.0,3494335.0,3494335.0,0.0,0.0,0.0,0.0,3494335.0,3494335.0,0.0,0.0,0.0,0.0,3494335.0
2984,2018-06-01,2.0,Ethiopia,Amhara,West Gojam,2.0,1.0,Amhara,West Gojam,2894095,2820394,0.0,2820394.0,0.0,0.0,0.0,2820394.0,0.0,2820394.0,0.0,0.0,0.0,2820394.0,2820394.0,0.0,0.0,0.0,0.0,2820394.0
2985,2018-06-01,2.0,Ethiopia,SNNP,Basketo,1.0,1.0,SNNP,Basketo,75512,73589,0.0,73589.0,0.0,0.0,0.0,73589.0,73589.0,0.0,0.0,0.0,0.0,73589.0,73589.0,0.0,0.0,0.0,0.0,73589.0
2986,2018-06-01,1.0,Ethiopia,SNNP,Bench Maji,1.0,1.0,SNNP,Bench Maji,603595,588223,588223.0,0.0,0.0,0.0,0.0,588223.0,588223.0,0.0,0.0,0.0,0.0,588223.0,588223.0,0.0,0.0,0.0,0.0,588223.0
2987,2018-06-01,3.0,Ethiopia,Gambela,Etang Special woreda,3.0,3.0,Gambela,Etang Special woreda,50260,48980,0.0,0.0,48980.0,0.0,0.0,48980.0,0.0,0.0,48980.0,0.0,0.0,48980.0,0.0,0.0,48980.0,0.0,0.0,48980.0
2988,2018-06-01,1.0,Ethiopia,Oromia,Ilu Aba Bora,1.0,1.0,Oromia,Ilu Aba Bora,953178,928904,928904.0,0.0,0.0,0.0,0.0,928904.0,928904.0,0.0,0.0,0.0,0.0,928904.0,928904.0,0.0,0.0,0.0,0.0,928904.0
2989,2018-06-01,2.0,Ethiopia,SNNP,Kefa,1.0,1.0,SNNP,Kefa,1053546,1026716,0.0,1026716.0,0.0,0.0,0.0,1026716.0,1026716.0,0.0,0.0,0.0,0.0,1026716.0,1026716.0,0.0,0.0,0.0,0.0,1026716.0
2990,2018-06-01,2.0,Ethiopia,SNNP,Konta Special,1.0,1.0,SNNP,Konta Special,119904,116850,0.0,116850.0,0.0,0.0,0.0,116850.0,116850.0,0.0,0.0,0.0,0.0,116850.0,116850.0,0.0,0.0,0.0,0.0,116850.0
2991,2018-06-01,1.0,Ethiopia,Gambela,Mejenger,1.0,1.0,Gambela,Mejenger,81617,79538,79538.0,0.0,0.0,0.0,0.0,79538.0,79538.0,0.0,0.0,0.0,0.0,79538.0,79538.0,0.0,0.0,0.0,0.0,79538.0
2992,2018-06-01,3.0,Ethiopia,Benishangul Gumz,Asosa,3.0,2.0,Benishangul Gumz,Asosa,402287,392042,0.0,0.0,392042.0,0.0,0.0,392042.0,0.0,0.0,392042.0,0.0,0.0,392042.0,0.0,392042.0,0.0,0.0,0.0,392042.0
2993,2018-06-01,2.0,Ethiopia,Dire Dawa,Dire Dawa urban,2.0,2.0,Dire Dawa,Dire Dawa urban,319985,311836,0.0,311836.0,0.0,0.0,0.0,311836.0,0.0,311836.0,0.0,0.0,0.0,311836.0,0.0,311836.0,0.0,0.0,0.0,311836.0
2994,2018-06-01,1.0,Ethiopia,Oromia,Horo Gudru Wellega,1.0,1.0,Oromia,Horo Gudru Wellega,791731,771568,771568.0,0.0,0.0,0.0,0.0,771568.0,771568.0,0.0,0.0,0.0,0.0,771568.0,771568.0,0.0,0.0,0.0,0.0,771568.0
2995,2018-06-01,3.0,Ethiopia,Oromia,Kelem Wellega,3.0,3.0,Oromia,Kelem Wellega,1141498,1112428,0.0,0.0,1112428.0,0.0,0.0,1112428.0,0.0,0.0,1112428.0,0.0,0.0,1112428.0,0.0,0.0,1112428.0,0.0,0.0,1112428.0
2996,2018-06-01,4.0,Ethiopia,Benishangul Gumz,Mao Komo Special,3.0,3.0,Benishangul Gumz,Mao Komo Special,70414,68620,0.0,0.0,0.0,68620.0,0.0,68620.0,0.0,0.0,68620.0,0.0,0.0,68620.0,0.0,0.0,68620.0,0.0,0.0,68620.0
2997,2018-06-01,2.0,Ethiopia,Benishangul Gumz,Metekel,2.0,1.0,Benishangul Gumz,Metekel,479162,466959,0.0,466959.0,0.0,0.0,0.0,466959.0,0.0,466959.0,0.0,0.0,0.0,466959.0,466959.0,0.0,0.0,0.0,0.0,466959.0
2998,2018-06-01,2.0,Ethiopia,Oromia,North Shewa,2.0,1.0,Oromia,North Shewa,1626893,1585462,0.0,1585462.0,0.0,0.0,0.0,1585462.0,0.0,1585462.0,0.0,0.0,0.0,1585462.0,1585462.0,0.0,0.0,0.0,0.0,1585462.0
2999,2018-06-01,1.0,Ethiopia,SNNP,Sheka,1.0,1.0,SNNP,Sheka,274212,267228,267228.0,0.0,0.0,0.0,0.0,267228.0,267228.0,0.0,0.0,0.0,0.0,267228.0,267228.0,0.0,0.0,0.0,0.0,267228.0
3000,2018-06-01,1.0,Ethiopia,Oromia,West Shewa,1.0,1.0,Oromia,West Shewa,2773901,2703261,2703261.0,0.0,0.0,0.0,0.0,2703261.0,2703261.0,0.0,0.0,0.0,0.0,2703261.0,2703261.0,0.0,0.0,0.0,0.0,2703261.0
3001,2018-06-01,1.0,Ethiopia,Amhara,Awi,1.0,1.0,Amhara,Awi,1338704,1304612,1304612.0,0.0,0.0,0.0,0.0,1304612.0,1304612.0,0.0,0.0,0.0,0.0,1304612.0,1304612.0,0.0,0.0,0.0,0.0,1304612.0
3002,2018-06-01,2.0,Ethiopia,Amhara,West Gondar,2.0,1.0,Amhara,West Gondar,381393,371680,0.0,371680.0,0.0,0.0,0.0,371680.0,0.0,371680.0,0.0,0.0,0.0,371680.0,371680.0,0.0,0.0,0.0,0.0,371680.0
3003,2018-10-01,2.0,Ethiopia,Somali,Afder,2.0,3.0,Somali,Afder,654828,638152,0.0,638152.0,0.0,0.0,0.0,638152.0,0.0,638152.0,0.0,0.0,0.0,638152.0,0.0,0.0,638152.0,0.0,0.0,638152.0
3004,2018-10-01,2.0,Ethiopia,SNNP,Alle,1.0,2.0,SNNP,Alle,81190,79122,0.0,79122.0,0.0,0.0,0.0,79122.0,79122.0,0.0,0.0,0.0,0.0,79122.0,0.0,79122.0,0.0,0.0,0.0,79122.0
3005,2018-10-01,3.0,Ethiopia,SNNP,Amaro,3.0,3.0,SNNP,Amaro,195252,190279,0.0,0.0,190279.0,0.0,0.0,190279.0,0.0,0.0,190279.0,0.0,0.0,190279.0,0.0,0.0,190279.0,0.0,0.0,190279.0
3006,2018-10-01,3.0,Ethiopia,Oromia,Arsi,3.0,3.0,Oromia,Arsi,3645492,3552656,0.0,0.0,3552656.0,0.0,0.0,3552656.0,0.0,0.0,3552656.0,0.0,0.0,3552656.0,0.0,0.0,3552656.0,0.0,0.0,3552656.0
3007,2018-10-01,3.0,Ethiopia,Oromia,Bale,3.0,3.0,Oromia,Bale,1887498,1839431,0.0,0.0,1839431.0,0.0,0.0,1839431.0,0.0,0.0,1839431.0,0.0,0.0,1839431.0,0.0,0.0,1839431.0,0.0,0.0,1839431.0
3008,2018-10-01,3.0,Ethiopia,Oromia,Borena,3.0,3.0,Oromia,Borena,545493,531601,0.0,0.0,531601.0,0.0,0.0,531601.0,0.0,0.0,531601.0,0.0,0.0,531601.0,0.0,0.0,531601.0,0.0,0.0,531601.0
3009,2018-10-01,3.0,Ethiopia,Oromia,Buno Bedele,3.0,3.0,Oromia,Buno Bedele,809088,788483,0.0,0.0,788483.0,0.0,0.0,788483.0,0.0,0.0,788483.0,0.0,0.0,788483.0,0.0,0.0,788483.0,0.0,0.0,788483.0
3010,2018-10-01,3.0,Ethiopia,SNNP,Burji,3.0,3.0,SNNP,Burji,71728,69901,0.0,0.0,69901.0,0.0,0.0,69901.0,0.0,0.0,69901.0,0.0,0.0,69901.0,0.0,0.0,69901.0,0.0,0.0,69901.0
3011,2018-10-01,2.0,Ethiopia,Tigray,Central,1.0,2.0,Tigray,Central,1384454,1349197,0.0,1349197.0,0.0,0.0,0.0,1349197.0,1349197.0,0.0,0.0,0.0,0.0,1349197.0,0.0,1349197.0,0.0,0.0,0.0,1349197.0
3012,2018-10-01,2.0,Ethiopia,Amhara,Central Gondar,1.0,2.0,Amhara,Central Gondar,2719899,2650634,0.0,2650634.0,0.0,0.0,0.0,2650634.0,2650634.0,0.0,0.0,0.0,0.0,2650634.0,0.0,2650634.0,0.0,0.0,0.0,2650634.0
3013,2018-10-01,3.0,Ethiopia,Somali,Daawa,3.0,3.0,Somali,Daawa,457130,445488,0.0,0.0,445488.0,0.0,0.0,445488.0,0.0,0.0,445488.0,0.0,0.0,445488.0,0.0,0.0,445488.0,0.0,0.0,445488.0
3014,2018-10-01,1.0,Ethiopia,SNNP,Dawuro,1.0,2.0,SNNP,Dawuro,643931,627532,627532.0,0.0,0.0,0.0,0.0,627532.0,627532.0,0.0,0.0,0.0,0.0,627532.0,0.0,627532.0,0.0,0.0,0.0,627532.0
3015,2018-10-01,1.0,Ethiopia,SNNP,Derashe,1.0,2.0,SNNP,Derashe,107301,104568,104568.0,0.0,0.0,0.0,0.0,104568.0,104568.0,0.0,0.0,0.0,0.0,104568.0,0.0,104568.0,0.0,0.0,0.0,104568.0
3016,2018-10-01,2.0,Ethiopia,Dire Dawa,Dire Dawa rural,2.0,2.0,Dire Dawa,Dire Dawa rural,188933,184121,0.0,184121.0,0.0,0.0,0.0,184121.0,0.0,184121.0,0.0,0.0,0.0,184121.0,0.0,184121.0,0.0,0.0,0.0,184121.0
3017,2018-10-01,2.0,Ethiopia,Amhara,East Gojam,1.0,2.0,Amhara,East Gojam,2672621,2604560,0.0,2604560.0,0.0,0.0,0.0,2604560.0,2604560.0,0.0,0.0,0.0,0.0,2604560.0,0.0,2604560.0,0.0,0.0,0.0,2604560.0
3018,2018-10-01,3.0,Ethiopia,Oromia,East Hararge,3.0,3.0,Oromia,East Hararge,3739861,3644622,0.0,0.0,3644622.0,0.0,0.0,3644622.0,0.0,0.0,3644622.0,0.0,0.0,3644622.0,0.0,0.0,3644622.0,0.0,0.0,3644622.0
3019,2018-10-01,3.0,Ethiopia,Oromia,East Shewa,2.0,3.0,Oromia,East Shewa,2234419,2177517,0.0,0.0,2177517.0,0.0,0.0,2177517.0,0.0,2177517.0,0.0,0.0,0.0,2177517.0,0.0,0.0,2177517.0,0.0,0.0,2177517.0
3020,2018-10-01,3.0,Ethiopia,Oromia,East Wellega,3.0,3.0,Oromia,East Wellega,1693681,1650550,0.0,0.0,1650550.0,0.0,0.0,1650550.0,0.0,0.0,1650550.0,0.0,0.0,1650550.0,0.0,0.0,1650550.0,0.0,0.0,1650550.0
3021,2018-10-01,3.0,Ethiopia,Tigray,Eastern,3.0,3.0,Tigray,Eastern,940053,916113,0.0,0.0,916113.0,0.0,0.0,916113.0,0.0,0.0,916113.0,0.0,0.0,916113.0,0.0,0.0,916113.0,0.0,0.0,916113.0
3022,2018-10-01,3.0,Ethiopia,Somali,Erer,3.0,3.0,Somali,Erer,268901,262053,0.0,0.0,262053.0,0.0,0.0,262053.0,0.0,0.0,262053.0,0.0,0.0,262053.0,0.0,0.0,262053.0,0.0,0.0,262053.0
3023,2018-10-01,3.0,Ethiopia,Somali,Fafan,3.0,3.0,Somali,Fafan,1242707,1211060,0.0,0.0,1211060.0,0.0,0.0,1211060.0,0.0,0.0,1211060.0,0.0,0.0,1211060.0,0.0,0.0,1211060.0,0.0,0.0,1211060.0
3024,2018-10-01,2.0,Ethiopia,SNNP,Gamo,2.0,2.0,SNNP,Gamo,1462777,1425526,0.0,1425526.0,0.0,0.0,0.0,1425526.0,0.0,1425526.0,0.0,0.0,0.0,1425526.0,0.0,1425526.0,0.0,0.0,0.0,1425526.0
3025,2018-10-01,3.0,Ethiopia,SNNP,Gedeo,3.0,3.0,SNNP,Gedeo,1131834,1103010,0.0,0.0,1103010.0,0.0,0.0,1103010.0,0.0,0.0,1103010.0,0.0,0.0,1103010.0,0.0,0.0,1103010.0,0.0,0.0,1103010.0
3026,2018-10-01,2.0,Ethiopia,SNNP,Gofa,1.0,2.0,SNNP,Gofa,623589,607708,0.0,607708.0,0.0,0.0,0.0,607708.0,607708.0,0.0,0.0,0.0,0.0,607708.0,0.0,607708.0,0.0,0.0,0.0,607708.0
3027,2018-10-01,3.0,Ethiopia,Oromia,Guji,3.0,3.0,Oromia,Guji,1482472,1444719,0.0,0.0,1444719.0,0.0,0.0,1444719.0,0.0,0.0,1444719.0,0.0,0.0,1444719.0,0.0,0.0,1444719.0,0.0,0.0,1444719.0
3028,2018-10-01,1.0,Ethiopia,SNNP,Guraghe,1.0,2.0,SNNP,Guraghe,1882107,1834177,1834177.0,0.0,0.0,0.0,0.0,1834177.0,1834177.0,0.0,0.0,0.0,0.0,1834177.0,0.0,1834177.0,0.0,0.0,0.0,1834177.0
3029,2018-10-01,1.0,Ethiopia,SNNP,Hadiya,1.0,2.0,SNNP,Hadiya,1700138,1656842,1656842.0,0.0,0.0,0.0,0.0,1656842.0,1656842.0,0.0,0.0,0.0,0.0,1656842.0,0.0,1656842.0,0.0,0.0,0.0,1656842.0
3030,2018-10-01,1.0,Ethiopia,SNNP,Halaba Special,1.0,2.0,SNNP,Halaba Special,658130,641370,641370.0,0.0,0.0,0.0,0.0,641370.0,641370.0,0.0,0.0,0.0,0.0,641370.0,0.0,641370.0,0.0,0.0,0.0,641370.0
3031,2018-10-01,3.0,Ethiopia,Harari,Harari,3.0,3.0,Harari,Harari,260022,253400,0.0,0.0,253400.0,0.0,0.0,253400.0,0.0,0.0,253400.0,0.0,0.0,253400.0,0.0,0.0,253400.0,0.0,0.0,253400.0
3032,2018-10-01,3.0,Ethiopia,Somali,Jarar,3.0,3.0,Somali,Jarar,641077,624751,0.0,0.0,624751.0,0.0,0.0,624751.0,0.0,0.0,624751.0,0.0,0.0,624751.0,0.0,0.0,624751.0,0.0,0.0,624751.0
3033,2018-10-01,1.0,Ethiopia,Oromia,Jimma,1.0,1.0,Oromia,Jimma,3672640,3579113,3579113.0,0.0,0.0,0.0,0.0,3579113.0,3579113.0,0.0,0.0,0.0,0.0,3579113.0,3579113.0,0.0,0.0,0.0,0.0,3579113.0
3034,2018-10-01,3.0,Ethiopia,Benishangul Gumz,Kemashi,3.0,3.0,Benishangul Gumz,Kemashi,150986,147141,0.0,0.0,147141.0,0.0,0.0,147141.0,0.0,0.0,147141.0,0.0,0.0,147141.0,0.0,0.0,147141.0,0.0,0.0,147141.0
3035,2018-10-01,1.0,Ethiopia,SNNP,Kembata Tibaro,1.0,2.0,SNNP,Kembata Tibaro,911347,888138,888138.0,0.0,0.0,0.0,0.0,888138.0,888138.0,0.0,0.0,0.0,0.0,888138.0,0.0,888138.0,0.0,0.0,0.0,888138.0
3036,2018-10-01,2.0,Ethiopia,SNNP,Konso,2.0,1.0,SNNP,Konso,284360,277118,0.0,277118.0,0.0,0.0,0.0,277118.0,0.0,277118.0,0.0,0.0,0.0,277118.0,277118.0,0.0,0.0,0.0,0.0,277118.0
3037,2018-10-01,3.0,Ethiopia,Somali,Liban,3.0,3.0,Somali,Liban,505190,492324,0.0,0.0,492324.0,0.0,0.0,492324.0,0.0,0.0,492324.0,0.0,0.0,492324.0,0.0,0.0,492324.0,0.0,0.0,492324.0
3038,2018-10-01,2.0,Ethiopia,Tigray,Mekele Special,1.0,1.0,Tigray,Mekele Special,418327,407673,0.0,407673.0,0.0,0.0,0.0,407673.0,407673.0,0.0,0.0,0.0,0.0,407673.0,407673.0,0.0,0.0,0.0,0.0,407673.0
3039,2018-10-01,4.0,Ethiopia,SNNP,Mirab Omo,4.0,3.0,SNNP,Mirab Omo,262515,255829,0.0,0.0,0.0,255829.0,0.0,255829.0,0.0,0.0,0.0,255829.0,0.0,255829.0,0.0,0.0,255829.0,0.0,0.0,255829.0
3040,2018-10-01,3.0,Ethiopia,Somali,Nogob,3.0,3.0,Somali,Nogob,217220,211688,0.0,0.0,211688.0,0.0,0.0,211688.0,0.0,0.0,211688.0,0.0,0.0,211688.0,0.0,0.0,211688.0,0.0,0.0,211688.0
3041,2018-10-01,2.0,Ethiopia,Amhara,North Gondar,1.0,2.0,Amhara,North Gondar,889977,867313,0.0,867313.0,0.0,0.0,0.0,867313.0,867313.0,0.0,0.0,0.0,0.0,867313.0,0.0,867313.0,0.0,0.0,0.0,867313.0
3042,2018-10-01,2.0,Ethiopia,Amhara,North Shewa,2.0,2.0,Amhara,North Shewa,2293091,2234695,0.0,2234695.0,0.0,0.0,0.0,2234695.0,0.0,2234695.0,0.0,0.0,0.0,2234695.0,0.0,2234695.0,0.0,0.0,0.0,2234695.0
3043,2018-10-01,2.0,Ethiopia,Amhara,North Wello,2.0,2.0,Amhara,North Wello,1740337,1696017,0.0,1696017.0,0.0,0.0,0.0,1696017.0,0.0,1696017.0,0.0,0.0,0.0,1696017.0,0.0,1696017.0,0.0,0.0,0.0,1696017.0
3044,2018-10-01,2.0,Ethiopia,Tigray,North Western,1.0,2.0,Tigray,North Western,893262,870514,0.0,870514.0,0.0,0.0,0.0,870514.0,870514.0,0.0,0.0,0.0,0.0,870514.0,0.0,870514.0,0.0,0.0,0.0,870514.0
3045,2018-10-01,3.0,Ethiopia,Gambela,Nuwer,3.0,4.0,Gambela,Nuwer,166901,162650,0.0,0.0,162650.0,0.0,0.0,162650.0,0.0,0.0,162650.0,0.0,0.0,162650.0,0.0,0.0,0.0,162650.0,0.0,162650.0
3046,2018-10-01,2.0,Ethiopia,Amhara,Oromia,2.0,2.0,Amhara,Oromia,569808,555297,0.0,555297.0,0.0,0.0,0.0,555297.0,0.0,555297.0,0.0,0.0,0.0,555297.0,0.0,555297.0,0.0,0.0,0.0,555297.0
3047,2018-10-01,3.0,Ethiopia,Somali,Shabelle,2.0,2.0,Somali,Shabelle,647430,630942,0.0,0.0,630942.0,0.0,0.0,630942.0,0.0,630942.0,0.0,0.0,0.0,630942.0,0.0,630942.0,0.0,0.0,0.0,630942.0
3048,2018-10-01,2.0,Ethiopia,SNNP,Sidama,2.0,2.0,SNNP,Sidama,4212331,4105060,0.0,4105060.0,0.0,0.0,0.0,4105060.0,0.0,4105060.0,0.0,0.0,0.0,4105060.0,0.0,4105060.0,0.0,0.0,0.0,4105060.0
3049,2018-10-01,1.0,Ethiopia,SNNP,Siltie,1.0,2.0,SNNP,Siltie,1051444,1024668,1024668.0,0.0,0.0,0.0,0.0,1024668.0,1024668.0,0.0,0.0,0.0,0.0,1024668.0,0.0,1024668.0,0.0,0.0,0.0,1024668.0
3050,2018-10-01,3.0,Ethiopia,Somali,Siti,3.0,3.0,Somali,Siti,644214,627808,0.0,0.0,627808.0,0.0,0.0,627808.0,0.0,0.0,627808.0,0.0,0.0,627808.0,0.0,0.0,627808.0,0.0,0.0,627808.0
3051,2018-10-01,3.0,Ethiopia,Tigray,South Eastern,3.0,3.0,Tigray,South Eastern,528199,514748,0.0,0.0,514748.0,0.0,0.0,514748.0,0.0,0.0,514748.0,0.0,0.0,514748.0,0.0,0.0,514748.0,0.0,0.0,514748.0
3052,2018-10-01,2.0,Ethiopia,Amhara,South Gondar,1.0,2.0,Amhara,South Gondar,2526963,2462611,0.0,2462611.0,0.0,0.0,0.0,2462611.0,2462611.0,0.0,0.0,0.0,0.0,2462611.0,0.0,2462611.0,0.0,0.0,0.0,2462611.0
3053,2018-10-01,3.0,Ethiopia,SNNP,South Omo,3.0,3.0,SNNP,South Omo,754134,734929,0.0,0.0,734929.0,0.0,0.0,734929.0,0.0,0.0,734929.0,0.0,0.0,734929.0,0.0,0.0,734929.0,0.0,0.0,734929.0
3054,2018-10-01,2.0,Ethiopia,Amhara,South Wello,1.0,2.0,Amhara,South Wello,3246827,3164144,0.0,3164144.0,0.0,0.0,0.0,3164144.0,3164144.0,0.0,0.0,0.0,0.0,3164144.0,0.0,3164144.0,0.0,0.0,0.0,3164144.0
3055,2018-10-01,1.0,Ethiopia,Oromia,South West Shewa,1.0,2.0,Oromia,South West Shewa,1264234,1232039,1232039.0,0.0,0.0,0.0,0.0,1232039.0,1232039.0,0.0,0.0,0.0,0.0,1232039.0,0.0,1232039.0,0.0,0.0,0.0,1232039.0
3056,2018-10-01,2.0,Ethiopia,Tigray,Southern,2.0,2.0,Tigray,Southern,752344,733184,0.0,733184.0,0.0,0.0,0.0,733184.0,0.0,733184.0,0.0,0.0,0.0,733184.0,0.0,733184.0,0.0,0.0,0.0,733184.0
3057,2018-10-01,2.0,Ethiopia,Amhara,Wag Hamra,1.0,2.0,Amhara,Wag Hamra,516457,503305,0.0,503305.0,0.0,0.0,0.0,503305.0,503305.0,0.0,0.0,0.0,0.0,503305.0,0.0,503305.0,0.0,0.0,0.0,503305.0
3058,2018-10-01,1.0,Ethiopia,Oromia,West Arsi,1.0,2.0,Oromia,West Arsi,2868933,2795873,2795873.0,0.0,0.0,0.0,0.0,2795873.0,2795873.0,0.0,0.0,0.0,0.0,2795873.0,0.0,2795873.0,0.0,0.0,0.0,2795873.0
3059,2018-10-01,3.0,Ethiopia,Oromia,West Guji,3.0,3.0,Oromia,West Guji,1223292,1192139,0.0,0.0,1192139.0,0.0,0.0,1192139.0,0.0,0.0,1192139.0,0.0,0.0,1192139.0,0.0,0.0,1192139.0,0.0,0.0,1192139.0
3060,2018-10-01,3.0,Ethiopia,Oromia,West Hararge,3.0,3.0,Oromia,West Hararge,2568661,2503248,0.0,0.0,2503248.0,0.0,0.0,2503248.0,0.0,0.0,2503248.0,0.0,0.0,2503248.0,0.0,0.0,2503248.0,0.0,0.0,2503248.0
3061,2018-10-01,3.0,Ethiopia,Oromia,West Wellega,3.0,3.0,Oromia,West Wellega,1880222,1832340,0.0,0.0,1832340.0,0.0,0.0,1832340.0,0.0,0.0,1832340.0,0.0,0.0,1832340.0,0.0,0.0,1832340.0,0.0,0.0,1832340.0
3062,2018-10-01,2.0,Ethiopia,Tigray,Western,1.0,2.0,Tigray,Western,440553,429333,0.0,429333.0,0.0,0.0,0.0,429333.0,429333.0,0.0,0.0,0.0,0.0,429333.0,0.0,429333.0,0.0,0.0,0.0,429333.0
3063,2018-10-01,2.0,Ethiopia,SNNP,Wolayita,2.0,2.0,SNNP,Wolayita,1999292,1948378,0.0,1948378.0,0.0,0.0,0.0,1948378.0,0.0,1948378.0,0.0,0.0,0.0,1948378.0,0.0,1948378.0,0.0,0.0,0.0,1948378.0
3064,2018-10-01,1.0,Ethiopia,SNNP,Yem Special,1.0,1.0,SNNP,Yem Special,102526,99915,99915.0,0.0,0.0,0.0,0.0,99915.0,99915.0,0.0,0.0,0.0,0.0,99915.0,99915.0,0.0,0.0,0.0,0.0,99915.0
3065,2018-10-01,3.0,Ethiopia,Afar,Zone 1 (Awsi Rasu),3.0,3.0,Afar,Zone 1 (Awsi Rasu),643036,626660,0.0,0.0,626660.0,0.0,0.0,626660.0,0.0,0.0,626660.0,0.0,0.0,626660.0,0.0,0.0,626660.0,0.0,0.0,626660.0
3066,2018-10-01,3.0,Ethiopia,Afar,Zone 2 (Kilbet Rasu),3.0,3.0,Afar,Zone 2 (Kilbet Rasu),493764,481189,0.0,0.0,481189.0,0.0,0.0,481189.0,0.0,0.0,481189.0,0.0,0.0,481189.0,0.0,0.0,481189.0,0.0,0.0,481189.0
3067,2018-10-01,3.0,Ethiopia,Afar,Zone 3 (Gabi Rasu),3.0,3.0,Afar,Zone 3 (Gabi Rasu),281357,274192,0.0,0.0,274192.0,0.0,0.0,274192.0,0.0,0.0,274192.0,0.0,0.0,274192.0,0.0,0.0,274192.0,0.0,0.0,274192.0
3068,2018-10-01,3.0,Ethiopia,Afar,Zone 4 (Fantana Rasu),3.0,3.0,Afar,Zone 4 (Fantana Rasu),276855,269804,0.0,0.0,269804.0,0.0,0.0,269804.0,0.0,0.0,269804.0,0.0,0.0,269804.0,0.0,0.0,269804.0,0.0,0.0,269804.0
3069,2018-10-01,2.0,Ethiopia,Afar,Zone 5 (Hari Rasu),2.0,2.0,Afar,Zone 5 (Hari Rasu),209402,204069,0.0,204069.0,0.0,0.0,0.0,204069.0,0.0,204069.0,0.0,0.0,0.0,204069.0,0.0,204069.0,0.0,0.0,0.0,204069.0
3070,2018-10-01,4.0,Ethiopia,Gambela,Agnewak,4.0,3.0,Gambela,Agnewak,164054,159876,0.0,0.0,0.0,159876.0,0.0,159876.0,0.0,0.0,0.0,159876.0,0.0,159876.0,0.0,0.0,159876.0,0.0,0.0,159876.0
3071,2018-10-01,3.0,Ethiopia,Somali,Doolo,3.0,3.0,Somali,Doolo,425824,414980,0.0,0.0,414980.0,0.0,0.0,414980.0,0.0,0.0,414980.0,0.0,0.0,414980.0,0.0,0.0,414980.0,0.0,0.0,414980.0
3072,2018-10-01,3.0,Ethiopia,Somali,Korahe,3.0,3.0,Somali,Korahe,511890,498854,0.0,0.0,498854.0,0.0,0.0,498854.0,0.0,0.0,498854.0,0.0,0.0,498854.0,0.0,0.0,498854.0,0.0,0.0,498854.0
3073,2018-10-01,1.0,Ethiopia,Oromia,Finfine Special,1.0,2.0,Oromia,Finfine Special,1040106,1013618,1013618.0,0.0,0.0,0.0,0.0,1013618.0,1013618.0,0.0,0.0,0.0,0.0,1013618.0,0.0,1013618.0,0.0,0.0,0.0,1013618.0
3074,2018-10-01,1.0,Ethiopia,Addis Ababa,Region 14,1.0,1.0,Addis Ababa,Region 14,3585647,3494335,3494335.0,0.0,0.0,0.0,0.0,3494335.0,3494335.0,0.0,0.0,0.0,0.0,3494335.0,3494335.0,0.0,0.0,0.0,0.0,3494335.0
3075,2018-10-01,2.0,Ethiopia,Amhara,West Gojam,1.0,1.0,Amhara,West Gojam,2894095,2820394,0.0,2820394.0,0.0,0.0,0.0,2820394.0,2820394.0,0.0,0.0,0.0,0.0,2820394.0,2820394.0,0.0,0.0,0.0,0.0,2820394.0
3076,2018-10-01,2.0,Ethiopia,SNNP,Basketo,1.0,2.0,SNNP,Basketo,75512,73589,0.0,73589.0,0.0,0.0,0.0,73589.0,73589.0,0.0,0.0,0.0,0.0,73589.0,0.0,73589.0,0.0,0.0,0.0,73589.0
3077,2018-10-01,1.0,Ethiopia,SNNP,Bench Maji,1.0,1.0,SNNP,Bench Maji,603595,588223,588223.0,0.0,0.0,0.0,0.0,588223.0,588223.0,0.0,0.0,0.0,0.0,588223.0,588223.0,0.0,0.0,0.0,0.0,588223.0
3078,2018-10-01,3.0,Ethiopia,Gambela,Etang Special woreda,3.0,4.0,Gambela,Etang Special woreda,50260,48980,0.0,0.0,48980.0,0.0,0.0,48980.0,0.0,0.0,48980.0,0.0,0.0,48980.0,0.0,0.0,0.0,48980.0,0.0,48980.0
3079,2018-10-01,1.0,Ethiopia,Oromia,Ilu Aba Bora,1.0,1.0,Oromia,Ilu Aba Bora,953178,928904,928904.0,0.0,0.0,0.0,0.0,928904.0,928904.0,0.0,0.0,0.0,0.0,928904.0,928904.0,0.0,0.0,0.0,0.0,928904.0
3080,2018-10-01,2.0,Ethiopia,SNNP,Kefa,1.0,1.0,SNNP,Kefa,1053546,1026716,0.0,1026716.0,0.0,0.0,0.0,1026716.0,1026716.0,0.0,0.0,0.0,0.0,1026716.0,1026716.0,0.0,0.0,0.0,0.0,1026716.0
3081,2018-10-01,2.0,Ethiopia,SNNP,Konta Special,1.0,2.0,SNNP,Konta Special,119904,116850,0.0,116850.0,0.0,0.0,0.0,116850.0,116850.0,0.0,0.0,0.0,0.0,116850.0,0.0,116850.0,0.0,0.0,0.0,116850.0
3082,2018-10-01,1.0,Ethiopia,Gambela,Mejenger,1.0,1.0,Gambela,Mejenger,81617,79538,79538.0,0.0,0.0,0.0,0.0,79538.0,79538.0,0.0,0.0,0.0,0.0,79538.0,79538.0,0.0,0.0,0.0,0.0,79538.0
3083,2018-10-01,1.0,Ethiopia,Benishangul Gumz,Asosa,2.0,1.0,Benishangul Gumz,Asosa,402287,392042,392042.0,0.0,0.0,0.0,0.0,392042.0,0.0,392042.0,0.0,0.0,0.0,392042.0,392042.0,0.0,0.0,0.0,0.0,392042.0
3084,2018-10-01,2.0,Ethiopia,Dire Dawa,Dire Dawa urban,1.0,2.0,Dire Dawa,Dire Dawa urban,319985,311836,0.0,311836.0,0.0,0.0,0.0,311836.0,311836.0,0.0,0.0,0.0,0.0,311836.0,0.0,311836.0,0.0,0.0,0.0,311836.0
3085,2018-10-01,1.0,Ethiopia,Oromia,Horo Gudru Wellega,1.0,1.0,Oromia,Horo Gudru Wellega,791731,771568,771568.0,0.0,0.0,0.0,0.0,771568.0,771568.0,0.0,0.0,0.0,0.0,771568.0,771568.0,0.0,0.0,0.0,0.0,771568.0
3086,2018-10-01,3.0,Ethiopia,Oromia,Kelem Wellega,3.0,4.0,Oromia,Kelem Wellega,1141498,1112428,0.0,0.0,1112428.0,0.0,0.0,1112428.0,0.0,0.0,1112428.0,0.0,0.0,1112428.0,0.0,0.0,0.0,1112428.0,0.0,1112428.0
3087,2018-10-01,3.0,Ethiopia,Benishangul Gumz,Mao Komo Special,3.0,4.0,Benishangul Gumz,Mao Komo Special,70414,68620,0.0,0.0,68620.0,0.0,0.0,68620.0,0.0,0.0,68620.0,0.0,0.0,68620.0,0.0,0.0,0.0,68620.0,0.0,68620.0
3088,2018-10-01,3.0,Ethiopia,Benishangul Gumz,Metekel,3.0,3.0,Benishangul Gumz,Metekel,479162,466959,0.0,0.0,466959.0,0.0,0.0,466959.0,0.0,0.0,466959.0,0.0,0.0,466959.0,0.0,0.0,466959.0,0.0,0.0,466959.0
3089,2018-10-01,2.0,Ethiopia,Oromia,North Shewa,1.0,2.0,Oromia,North Shewa,1626893,1585462,0.0,1585462.0,0.0,0.0,0.0,1585462.0,1585462.0,0.0,0.0,0.0,0.0,1585462.0,0.0,1585462.0,0.0,0.0,0.0,1585462.0
3090,2018-10-01,1.0,Ethiopia,SNNP,Sheka,1.0,1.0,SNNP,Sheka,274212,267228,267228.0,0.0,0.0,0.0,0.0,267228.0,267228.0,0.0,0.0,0.0,0.0,267228.0,267228.0,0.0,0.0,0.0,0.0,267228.0
3091,2018-10-01,1.0,Ethiopia,Oromia,West Shewa,1.0,1.0,Oromia,West Shewa,2773901,2703261,2703261.0,0.0,0.0,0.0,0.0,2703261.0,2703261.0,0.0,0.0,0.0,0.0,2703261.0,2703261.0,0.0,0.0,0.0,0.0,2703261.0
3092,2018-10-01,1.0,Ethiopia,Amhara,Awi,1.0,1.0,Amhara,Awi,1338704,1304612,1304612.0,0.0,0.0,0.0,0.0,1304612.0,1304612.0,0.0,0.0,0.0,0.0,1304612.0,1304612.0,0.0,0.0,0.0,0.0,1304612.0
3093,2018-10-01,2.0,Ethiopia,Amhara,West Gondar,1.0,1.0,Amhara,West Gondar,381393,371680,0.0,371680.0,0.0,0.0,0.0,371680.0,371680.0,0.0,0.0,0.0,0.0,371680.0,371680.0,0.0,0.0,0.0,0.0,371680.0
3094,2018-12-01,,Ethiopia,Somali,Afder,,,Somali,Afder,654828,638152,0.0,0.0,0.0,0.0,0.0,0.0,0.0,0.0,0.0,0.0,0.0,0.0,0.0,0.0,0.0,0.0,0.0,0.0
3095,2018-12-01,,Ethiopia,SNNP,Alle,,,SNNP,Alle,81190,79122,0.0,0.0,0.0,0.0,0.0,0.0,0.0,0.0,0.0,0.0,0.0,0.0,0.0,0.0,0.0,0.0,0.0,0.0
3096,2018-12-01,,Ethiopia,SNNP,Amaro,,,SNNP,Amaro,195252,190279,0.0,0.0,0.0,0.0,0.0,0.0,0.0,0.0,0.0,0.0,0.0,0.0,0.0,0.0,0.0,0.0,0.0,0.0
3097,2018-12-01,,Ethiopia,Oromia,Arsi,,,Oromia,Arsi,3645492,3552656,0.0,0.0,0.0,0.0,0.0,0.0,0.0,0.0,0.0,0.0,0.0,0.0,0.0,0.0,0.0,0.0,0.0,0.0
3098,2018-12-01,,Ethiopia,Oromia,Bale,,,Oromia,Bale,1887498,1839431,0.0,0.0,0.0,0.0,0.0,0.0,0.0,0.0,0.0,0.0,0.0,0.0,0.0,0.0,0.0,0.0,0.0,0.0
3099,2018-12-01,2.0,Ethiopia,Oromia,Borena,2.0,2.0,Oromia,Borena,545493,531601,0.0,531601.0,0.0,0.0,0.0,531601.0,0.0,531601.0,0.0,0.0,0.0,531601.0,0.0,531601.0,0.0,0.0,0.0,531601.0
3100,2018-12-01,,Ethiopia,Oromia,Buno Bedele,,,Oromia,Buno Bedele,809088,788483,0.0,0.0,0.0,0.0,0.0,0.0,0.0,0.0,0.0,0.0,0.0,0.0,0.0,0.0,0.0,0.0,0.0,0.0
3101,2018-12-01,,Ethiopia,SNNP,Burji,,,SNNP,Burji,71728,69901,0.0,0.0,0.0,0.0,0.0,0.0,0.0,0.0,0.0,0.0,0.0,0.0,0.0,0.0,0.0,0.0,0.0,0.0
3102,2018-12-01,,Ethiopia,Tigray,Central,,,Tigray,Central,1384454,1349197,0.0,0.0,0.0,0.0,0.0,0.0,0.0,0.0,0.0,0.0,0.0,0.0,0.0,0.0,0.0,0.0,0.0,0.0
3103,2018-12-01,,Ethiopia,Amhara,Central Gondar,,,Amhara,Central Gondar,2719899,2650634,0.0,0.0,0.0,0.0,0.0,0.0,0.0,0.0,0.0,0.0,0.0,0.0,0.0,0.0,0.0,0.0,0.0,0.0
3104,2018-12-01,2.0,Ethiopia,Somali,Daawa,2.0,2.0,Somali,Daawa,457130,445488,0.0,445488.0,0.0,0.0,0.0,445488.0,0.0,445488.0,0.0,0.0,0.0,445488.0,0.0,445488.0,0.0,0.0,0.0,445488.0
3105,2018-12-01,,Ethiopia,SNNP,Dawuro,,,SNNP,Dawuro,643931,627532,0.0,0.0,0.0,0.0,0.0,0.0,0.0,0.0,0.0,0.0,0.0,0.0,0.0,0.0,0.0,0.0,0.0,0.0
3106,2018-12-01,,Ethiopia,SNNP,Derashe,,,SNNP,Derashe,107301,104568,0.0,0.0,0.0,0.0,0.0,0.0,0.0,0.0,0.0,0.0,0.0,0.0,0.0,0.0,0.0,0.0,0.0,0.0
3107,2018-12-01,,Ethiopia,Dire Dawa,Dire Dawa rural,,,Dire Dawa,Dire Dawa rural,188933,184121,0.0,0.0,0.0,0.0,0.0,0.0,0.0,0.0,0.0,0.0,0.0,0.0,0.0,0.0,0.0,0.0,0.0,0.0
3108,2018-12-01,,Ethiopia,Amhara,East Gojam,,,Amhara,East Gojam,2672621,2604560,0.0,0.0,0.0,0.0,0.0,0.0,0.0,0.0,0.0,0.0,0.0,0.0,0.0,0.0,0.0,0.0,0.0,0.0
3109,2018-12-01,,Ethiopia,Oromia,East Hararge,,,Oromia,East Hararge,3739861,3644622,0.0,0.0,0.0,0.0,0.0,0.0,0.0,0.0,0.0,0.0,0.0,0.0,0.0,0.0,0.0,0.0,0.0,0.0
3110,2018-12-01,,Ethiopia,Oromia,East Shewa,,,Oromia,East Shewa,2234419,2177517,0.0,0.0,0.0,0.0,0.0,0.0,0.0,0.0,0.0,0.0,0.0,0.0,0.0,0.0,0.0,0.0,0.0,0.0
3111,2018-12-01,,Ethiopia,Oromia,East Wellega,,,Oromia,East Wellega,1693681,1650550,0.0,0.0,0.0,0.0,0.0,0.0,0.0,0.0,0.0,0.0,0.0,0.0,0.0,0.0,0.0,0.0,0.0,0.0
3112,2018-12-01,,Ethiopia,Tigray,Eastern,,,Tigray,Eastern,940053,916113,0.0,0.0,0.0,0.0,0.0,0.0,0.0,0.0,0.0,0.0,0.0,0.0,0.0,0.0,0.0,0.0,0.0,0.0
3113,2018-12-01,,Ethiopia,Somali,Erer,,,Somali,Erer,268901,262053,0.0,0.0,0.0,0.0,0.0,0.0,0.0,0.0,0.0,0.0,0.0,0.0,0.0,0.0,0.0,0.0,0.0,0.0
3114,2018-12-01,,Ethiopia,Somali,Fafan,,,Somali,Fafan,1242707,1211060,0.0,0.0,0.0,0.0,0.0,0.0,0.0,0.0,0.0,0.0,0.0,0.0,0.0,0.0,0.0,0.0,0.0,0.0
3115,2018-12-01,,Ethiopia,SNNP,Gamo,,,SNNP,Gamo,1462777,1425526,0.0,0.0,0.0,0.0,0.0,0.0,0.0,0.0,0.0,0.0,0.0,0.0,0.0,0.0,0.0,0.0,0.0,0.0
3116,2018-12-01,,Ethiopia,SNNP,Gedeo,,,SNNP,Gedeo,1131834,1103010,0.0,0.0,0.0,0.0,0.0,0.0,0.0,0.0,0.0,0.0,0.0,0.0,0.0,0.0,0.0,0.0,0.0,0.0
3117,2018-12-01,,Ethiopia,SNNP,Gofa,,,SNNP,Gofa,623589,607708,0.0,0.0,0.0,0.0,0.0,0.0,0.0,0.0,0.0,0.0,0.0,0.0,0.0,0.0,0.0,0.0,0.0,0.0
3118,2018-12-01,,Ethiopia,Oromia,Guji,,,Oromia,Guji,1482472,1444719,0.0,0.0,0.0,0.0,0.0,0.0,0.0,0.0,0.0,0.0,0.0,0.0,0.0,0.0,0.0,0.0,0.0,0.0
3119,2018-12-01,,Ethiopia,SNNP,Guraghe,,,SNNP,Guraghe,1882107,1834177,0.0,0.0,0.0,0.0,0.0,0.0,0.0,0.0,0.0,0.0,0.0,0.0,0.0,0.0,0.0,0.0,0.0,0.0
3120,2018-12-01,,Ethiopia,SNNP,Hadiya,,,SNNP,Hadiya,1700138,1656842,0.0,0.0,0.0,0.0,0.0,0.0,0.0,0.0,0.0,0.0,0.0,0.0,0.0,0.0,0.0,0.0,0.0,0.0
3121,2018-12-01,,Ethiopia,SNNP,Halaba Special,,,SNNP,Halaba Special,658130,641370,0.0,0.0,0.0,0.0,0.0,0.0,0.0,0.0,0.0,0.0,0.0,0.0,0.0,0.0,0.0,0.0,0.0,0.0
3122,2018-12-01,,Ethiopia,Harari,Harari,,,Harari,Harari,260022,253400,0.0,0.0,0.0,0.0,0.0,0.0,0.0,0.0,0.0,0.0,0.0,0.0,0.0,0.0,0.0,0.0,0.0,0.0
3123,2018-12-01,,Ethiopia,Somali,Jarar,,,Somali,Jarar,641077,624751,0.0,0.0,0.0,0.0,0.0,0.0,0.0,0.0,0.0,0.0,0.0,0.0,0.0,0.0,0.0,0.0,0.0,0.0
3124,2018-12-01,,Ethiopia,Oromia,Jimma,,,Oromia,Jimma,3672640,3579113,0.0,0.0,0.0,0.0,0.0,0.0,0.0,0.0,0.0,0.0,0.0,0.0,0.0,0.0,0.0,0.0,0.0,0.0
3125,2018-12-01,3.0,Ethiopia,Benishangul Gumz,Kemashi,2.0,3.0,Benishangul Gumz,Kemashi,150986,147141,0.0,0.0,147141.0,0.0,0.0,147141.0,0.0,147141.0,0.0,0.0,0.0,147141.0,0.0,0.0,147141.0,0.0,0.0,147141.0
3126,2018-12-01,,Ethiopia,SNNP,Kembata Tibaro,,,SNNP,Kembata Tibaro,911347,888138,0.0,0.0,0.0,0.0,0.0,0.0,0.0,0.0,0.0,0.0,0.0,0.0,0.0,0.0,0.0,0.0,0.0,0.0
3127,2018-12-01,,Ethiopia,SNNP,Konso,,,SNNP,Konso,284360,277118,0.0,0.0,0.0,0.0,0.0,0.0,0.0,0.0,0.0,0.0,0.0,0.0,0.0,0.0,0.0,0.0,0.0,0.0
3128,2018-12-01,2.0,Ethiopia,Somali,Liban,2.0,2.0,Somali,Liban,505190,492324,0.0,492324.0,0.0,0.0,0.0,492324.0,0.0,492324.0,0.0,0.0,0.0,492324.0,0.0,492324.0,0.0,0.0,0.0,492324.0
3129,2018-12-01,,Ethiopia,Tigray,Mekele Special,,,Tigray,Mekele Special,418327,407673,0.0,0.0,0.0,0.0,0.0,0.0,0.0,0.0,0.0,0.0,0.0,0.0,0.0,0.0,0.0,0.0,0.0,0.0
3130,2018-12-01,2.0,Ethiopia,SNNP,Mirab Omo,2.0,2.0,SNNP,Mirab Omo,262515,255829,0.0,255829.0,0.0,0.0,0.0,255829.0,0.0,255829.0,0.0,0.0,0.0,255829.0,0.0,255829.0,0.0,0.0,0.0,255829.0
3131,2018-12-01,,Ethiopia,Somali,Nogob,,,Somali,Nogob,217220,211688,0.0,0.0,0.0,0.0,0.0,0.0,0.0,0.0,0.0,0.0,0.0,0.0,0.0,0.0,0.0,0.0,0.0,0.0
3132,2018-12-01,,Ethiopia,Amhara,North Gondar,,,Amhara,North Gondar,889977,867313,0.0,0.0,0.0,0.0,0.0,0.0,0.0,0.0,0.0,0.0,0.0,0.0,0.0,0.0,0.0,0.0,0.0,0.0
3133,2018-12-01,,Ethiopia,Amhara,North Shewa,,,Amhara,North Shewa,2293091,2234695,0.0,0.0,0.0,0.0,0.0,0.0,0.0,0.0,0.0,0.0,0.0,0.0,0.0,0.0,0.0,0.0,0.0,0.0
3134,2018-12-01,,Ethiopia,Amhara,North Wello,,,Amhara,North Wello,1740337,1696017,0.0,0.0,0.0,0.0,0.0,0.0,0.0,0.0,0.0,0.0,0.0,0.0,0.0,0.0,0.0,0.0,0.0,0.0
3135,2018-12-01,,Ethiopia,Tigray,North Western,,,Tigray,North Western,893262,870514,0.0,0.0,0.0,0.0,0.0,0.0,0.0,0.0,0.0,0.0,0.0,0.0,0.0,0.0,0.0,0.0,0.0,0.0
3136,2018-12-01,,Ethiopia,Gambela,Nuwer,,,Gambela,Nuwer,166901,162650,0.0,0.0,0.0,0.0,0.0,0.0,0.0,0.0,0.0,0.0,0.0,0.0,0.0,0.0,0.0,0.0,0.0,0.0
3137,2018-12-01,,Ethiopia,Amhara,Oromia,,,Amhara,Oromia,569808,555297,0.0,0.0,0.0,0.0,0.0,0.0,0.0,0.0,0.0,0.0,0.0,0.0,0.0,0.0,0.0,0.0,0.0,0.0
3138,2018-12-01,,Ethiopia,Somali,Shabelle,,,Somali,Shabelle,647430,630942,0.0,0.0,0.0,0.0,0.0,0.0,0.0,0.0,0.0,0.0,0.0,0.0,0.0,0.0,0.0,0.0,0.0,0.0
3139,2018-12-01,,Ethiopia,SNNP,Sidama,,,SNNP,Sidama,4212331,4105060,0.0,0.0,0.0,0.0,0.0,0.0,0.0,0.0,0.0,0.0,0.0,0.0,0.0,0.0,0.0,0.0,0.0,0.0
3140,2018-12-01,,Ethiopia,SNNP,Siltie,,,SNNP,Siltie,1051444,1024668,0.0,0.0,0.0,0.0,0.0,0.0,0.0,0.0,0.0,0.0,0.0,0.0,0.0,0.0,0.0,0.0,0.0,0.0
3141,2018-12-01,,Ethiopia,Somali,Siti,,,Somali,Siti,644214,627808,0.0,0.0,0.0,0.0,0.0,0.0,0.0,0.0,0.0,0.0,0.0,0.0,0.0,0.0,0.0,0.0,0.0,0.0
3142,2018-12-01,,Ethiopia,Tigray,South Eastern,,,Tigray,South Eastern,528199,514748,0.0,0.0,0.0,0.0,0.0,0.0,0.0,0.0,0.0,0.0,0.0,0.0,0.0,0.0,0.0,0.0,0.0,0.0
3143,2018-12-01,,Ethiopia,Amhara,South Gondar,,,Amhara,South Gondar,2526963,2462611,0.0,0.0,0.0,0.0,0.0,0.0,0.0,0.0,0.0,0.0,0.0,0.0,0.0,0.0,0.0,0.0,0.0,0.0
3144,2018-12-01,2.0,Ethiopia,SNNP,South Omo,2.0,2.0,SNNP,South Omo,754134,734929,0.0,734929.0,0.0,0.0,0.0,734929.0,0.0,734929.0,0.0,0.0,0.0,734929.0,0.0,734929.0,0.0,0.0,0.0,734929.0
3145,2018-12-01,,Ethiopia,Amhara,South Wello,,,Amhara,South Wello,3246827,3164144,0.0,0.0,0.0,0.0,0.0,0.0,0.0,0.0,0.0,0.0,0.0,0.0,0.0,0.0,0.0,0.0,0.0,0.0
3146,2018-12-01,,Ethiopia,Oromia,South West Shewa,,,Oromia,South West Shewa,1264234,1232039,0.0,0.0,0.0,0.0,0.0,0.0,0.0,0.0,0.0,0.0,0.0,0.0,0.0,0.0,0.0,0.0,0.0,0.0
3147,2018-12-01,,Ethiopia,Tigray,Southern,,,Tigray,Southern,752344,733184,0.0,0.0,0.0,0.0,0.0,0.0,0.0,0.0,0.0,0.0,0.0,0.0,0.0,0.0,0.0,0.0,0.0,0.0
3148,2018-12-01,,Ethiopia,Amhara,Wag Hamra,,,Amhara,Wag Hamra,516457,503305,0.0,0.0,0.0,0.0,0.0,0.0,0.0,0.0,0.0,0.0,0.0,0.0,0.0,0.0,0.0,0.0,0.0,0.0
3149,2018-12-01,,Ethiopia,Oromia,West Arsi,,,Oromia,West Arsi,2868933,2795873,0.0,0.0,0.0,0.0,0.0,0.0,0.0,0.0,0.0,0.0,0.0,0.0,0.0,0.0,0.0,0.0,0.0,0.0
3150,2018-12-01,,Ethiopia,Oromia,West Guji,,,Oromia,West Guji,1223292,1192139,0.0,0.0,0.0,0.0,0.0,0.0,0.0,0.0,0.0,0.0,0.0,0.0,0.0,0.0,0.0,0.0,0.0,0.0
3151,2018-12-01,,Ethiopia,Oromia,West Hararge,,,Oromia,West Hararge,2568661,2503248,0.0,0.0,0.0,0.0,0.0,0.0,0.0,0.0,0.0,0.0,0.0,0.0,0.0,0.0,0.0,0.0,0.0,0.0
3152,2018-12-01,,Ethiopia,Oromia,West Wellega,,,Oromia,West Wellega,1880222,1832340,0.0,0.0,0.0,0.0,0.0,0.0,0.0,0.0,0.0,0.0,0.0,0.0,0.0,0.0,0.0,0.0,0.0,0.0
3153,2018-12-01,2.0,Ethiopia,Tigray,Western,2.0,2.0,Tigray,Western,440553,429333,0.0,429333.0,0.0,0.0,0.0,429333.0,0.0,429333.0,0.0,0.0,0.0,429333.0,0.0,429333.0,0.0,0.0,0.0,429333.0
3154,2018-12-01,,Ethiopia,SNNP,Wolayita,,,SNNP,Wolayita,1999292,1948378,0.0,0.0,0.0,0.0,0.0,0.0,0.0,0.0,0.0,0.0,0.0,0.0,0.0,0.0,0.0,0.0,0.0,0.0
3155,2018-12-01,,Ethiopia,SNNP,Yem Special,,,SNNP,Yem Special,102526,99915,0.0,0.0,0.0,0.0,0.0,0.0,0.0,0.0,0.0,0.0,0.0,0.0,0.0,0.0,0.0,0.0,0.0,0.0
3156,2018-12-01,,Ethiopia,Afar,Zone 1 (Awsi Rasu),,,Afar,Zone 1 (Awsi Rasu),643036,626660,0.0,0.0,0.0,0.0,0.0,0.0,0.0,0.0,0.0,0.0,0.0,0.0,0.0,0.0,0.0,0.0,0.0,0.0
3157,2018-12-01,,Ethiopia,Afar,Zone 2 (Kilbet Rasu),,,Afar,Zone 2 (Kilbet Rasu),493764,481189,0.0,0.0,0.0,0.0,0.0,0.0,0.0,0.0,0.0,0.0,0.0,0.0,0.0,0.0,0.0,0.0,0.0,0.0
3158,2018-12-01,,Ethiopia,Afar,Zone 3 (Gabi Rasu),,,Afar,Zone 3 (Gabi Rasu),281357,274192,0.0,0.0,0.0,0.0,0.0,0.0,0.0,0.0,0.0,0.0,0.0,0.0,0.0,0.0,0.0,0.0,0.0,0.0
3159,2018-12-01,,Ethiopia,Afar,Zone 4 (Fantana Rasu),,,Afar,Zone 4 (Fantana Rasu),276855,269804,0.0,0.0,0.0,0.0,0.0,0.0,0.0,0.0,0.0,0.0,0.0,0.0,0.0,0.0,0.0,0.0,0.0,0.0
3160,2018-12-01,,Ethiopia,Afar,Zone 5 (Hari Rasu),,,Afar,Zone 5 (Hari Rasu),209402,204069,0.0,0.0,0.0,0.0,0.0,0.0,0.0,0.0,0.0,0.0,0.0,0.0,0.0,0.0,0.0,0.0,0.0,0.0
3161,2018-12-01,,Ethiopia,Gambela,Agnewak,,,Gambela,Agnewak,164054,159876,0.0,0.0,0.0,0.0,0.0,0.0,0.0,0.0,0.0,0.0,0.0,0.0,0.0,0.0,0.0,0.0,0.0,0.0
3162,2018-12-01,,Ethiopia,Somali,Doolo,,,Somali,Doolo,425824,414980,0.0,0.0,0.0,0.0,0.0,0.0,0.0,0.0,0.0,0.0,0.0,0.0,0.0,0.0,0.0,0.0,0.0,0.0
3163,2018-12-01,,Ethiopia,Somali,Korahe,,,Somali,Korahe,511890,498854,0.0,0.0,0.0,0.0,0.0,0.0,0.0,0.0,0.0,0.0,0.0,0.0,0.0,0.0,0.0,0.0,0.0,0.0
3164,2018-12-01,,Ethiopia,Oromia,Finfine Special,,,Oromia,Finfine Special,1040106,1013618,0.0,0.0,0.0,0.0,0.0,0.0,0.0,0.0,0.0,0.0,0.0,0.0,0.0,0.0,0.0,0.0,0.0,0.0
3165,2018-12-01,,Ethiopia,Addis Ababa,Region 14,,,Addis Ababa,Region 14,3585647,3494335,0.0,0.0,0.0,0.0,0.0,0.0,0.0,0.0,0.0,0.0,0.0,0.0,0.0,0.0,0.0,0.0,0.0,0.0
3166,2018-12-01,,Ethiopia,Amhara,West Gojam,,,Amhara,West Gojam,2894095,2820394,0.0,0.0,0.0,0.0,0.0,0.0,0.0,0.0,0.0,0.0,0.0,0.0,0.0,0.0,0.0,0.0,0.0,0.0
3167,2018-12-01,,Ethiopia,SNNP,Basketo,,,SNNP,Basketo,75512,73589,0.0,0.0,0.0,0.0,0.0,0.0,0.0,0.0,0.0,0.0,0.0,0.0,0.0,0.0,0.0,0.0,0.0,0.0
3168,2018-12-01,,Ethiopia,SNNP,Bench Maji,,,SNNP,Bench Maji,603595,588223,0.0,0.0,0.0,0.0,0.0,0.0,0.0,0.0,0.0,0.0,0.0,0.0,0.0,0.0,0.0,0.0,0.0,0.0
3169,2018-12-01,,Ethiopia,Gambela,Etang Special woreda,,,Gambela,Etang Special woreda,50260,48980,0.0,0.0,0.0,0.0,0.0,0.0,0.0,0.0,0.0,0.0,0.0,0.0,0.0,0.0,0.0,0.0,0.0,0.0
3170,2018-12-01,,Ethiopia,Oromia,Ilu Aba Bora,,,Oromia,Ilu Aba Bora,953178,928904,0.0,0.0,0.0,0.0,0.0,0.0,0.0,0.0,0.0,0.0,0.0,0.0,0.0,0.0,0.0,0.0,0.0,0.0
3171,2018-12-01,,Ethiopia,SNNP,Kefa,,,SNNP,Kefa,1053546,1026716,0.0,0.0,0.0,0.0,0.0,0.0,0.0,0.0,0.0,0.0,0.0,0.0,0.0,0.0,0.0,0.0,0.0,0.0
3172,2018-12-01,,Ethiopia,SNNP,Konta Special,,,SNNP,Konta Special,119904,116850,0.0,0.0,0.0,0.0,0.0,0.0,0.0,0.0,0.0,0.0,0.0,0.0,0.0,0.0,0.0,0.0,0.0,0.0
3173,2018-12-01,,Ethiopia,Gambela,Mejenger,,,Gambela,Mejenger,81617,79538,0.0,0.0,0.0,0.0,0.0,0.0,0.0,0.0,0.0,0.0,0.0,0.0,0.0,0.0,0.0,0.0,0.0,0.0
3174,2018-12-01,3.0,Ethiopia,Benishangul Gumz,Asosa,2.0,3.0,Benishangul Gumz,Asosa,402287,392042,0.0,0.0,392042.0,0.0,0.0,392042.0,0.0,392042.0,0.0,0.0,0.0,392042.0,0.0,0.0,392042.0,0.0,0.0,392042.0
3175,2018-12-01,,Ethiopia,Dire Dawa,Dire Dawa urban,,,Dire Dawa,Dire Dawa urban,319985,311836,0.0,0.0,0.0,0.0,0.0,0.0,0.0,0.0,0.0,0.0,0.0,0.0,0.0,0.0,0.0,0.0,0.0,0.0
3176,2018-12-01,,Ethiopia,Oromia,Horo Gudru Wellega,,,Oromia,Horo Gudru Wellega,791731,771568,0.0,0.0,0.0,0.0,0.0,0.0,0.0,0.0,0.0,0.0,0.0,0.0,0.0,0.0,0.0,0.0,0.0,0.0
3177,2018-12-01,,Ethiopia,Oromia,Kelem Wellega,,,Oromia,Kelem Wellega,1141498,1112428,0.0,0.0,0.0,0.0,0.0,0.0,0.0,0.0,0.0,0.0,0.0,0.0,0.0,0.0,0.0,0.0,0.0,0.0
3178,2018-12-01,3.0,Ethiopia,Benishangul Gumz,Mao Komo Special,2.0,3.0,Benishangul Gumz,Mao Komo Special,70414,68620,0.0,0.0,68620.0,0.0,0.0,68620.0,0.0,68620.0,0.0,0.0,0.0,68620.0,0.0,0.0,68620.0,0.0,0.0,68620.0
3179,2018-12-01,1.0,Ethiopia,Benishangul Gumz,Metekel,2.0,2.0,Benishangul Gumz,Metekel,479162,466959,466959.0,0.0,0.0,0.0,0.0,466959.0,0.0,466959.0,0.0,0.0,0.0,466959.0,0.0,466959.0,0.0,0.0,0.0,466959.0
3180,2018-12-01,,Ethiopia,Oromia,North Shewa,,,Oromia,North Shewa,1626893,1585462,0.0,0.0,0.0,0.0,0.0,0.0,0.0,0.0,0.0,0.0,0.0,0.0,0.0,0.0,0.0,0.0,0.0,0.0
3181,2018-12-01,,Ethiopia,SNNP,Sheka,,,SNNP,Sheka,274212,267228,0.0,0.0,0.0,0.0,0.0,0.0,0.0,0.0,0.0,0.0,0.0,0.0,0.0,0.0,0.0,0.0,0.0,0.0
3182,2018-12-01,,Ethiopia,Oromia,West Shewa,,,Oromia,West Shewa,2773901,2703261,0.0,0.0,0.0,0.0,0.0,0.0,0.0,0.0,0.0,0.0,0.0,0.0,0.0,0.0,0.0,0.0,0.0,0.0
3183,2018-12-01,,Ethiopia,Amhara,Awi,,,Amhara,Awi,1338704,1304612,0.0,0.0,0.0,0.0,0.0,0.0,0.0,0.0,0.0,0.0,0.0,0.0,0.0,0.0,0.0,0.0,0.0,0.0
3184,2018-12-01,2.0,Ethiopia,Amhara,West Gondar,2.0,2.0,Amhara,West Gondar,381393,371680,0.0,371680.0,0.0,0.0,0.0,371680.0,0.0,371680.0,0.0,0.0,0.0,371680.0,0.0,371680.0,0.0,0.0,0.0,371680.0
3185,2019-02-01,2.0,Ethiopia,Somali,Afder,3.0,3.0,Somali,Afder,654828,654828,0.0,654828.0,0.0,0.0,0.0,654828.0,0.0,0.0,654828.0,0.0,0.0,654828.0,0.0,0.0,654828.0,0.0,0.0,654828.0
3186,2019-02-01,2.0,Ethiopia,SNNP,Alle,3.0,2.0,SNNP,Alle,81190,81190,0.0,81190.0,0.0,0.0,0.0,81190.0,0.0,0.0,81190.0,0.0,0.0,81190.0,0.0,81190.0,0.0,0.0,0.0,81190.0
3187,2019-02-01,3.0,Ethiopia,SNNP,Amaro,3.0,3.0,SNNP,Amaro,195252,195252,0.0,0.0,195252.0,0.0,0.0,195252.0,0.0,0.0,195252.0,0.0,0.0,195252.0,0.0,0.0,195252.0,0.0,0.0,195252.0
3188,2019-02-01,3.0,Ethiopia,Oromia,Arsi,3.0,3.0,Oromia,Arsi,3645492,3645492,0.0,0.0,3645492.0,0.0,0.0,3645492.0,0.0,0.0,3645492.0,0.0,0.0,3645492.0,0.0,0.0,3645492.0,0.0,0.0,3645492.0
3189,2019-02-01,3.0,Ethiopia,Oromia,Bale,3.0,3.0,Oromia,Bale,1887498,1887498,0.0,0.0,1887498.0,0.0,0.0,1887498.0,0.0,0.0,1887498.0,0.0,0.0,1887498.0,0.0,0.0,1887498.0,0.0,0.0,1887498.0
3190,2019-02-01,3.0,Ethiopia,Oromia,Borena,3.0,3.0,Oromia,Borena,545493,545493,0.0,0.0,545493.0,0.0,0.0,545493.0,0.0,0.0,545493.0,0.0,0.0,545493.0,0.0,0.0,545493.0,0.0,0.0,545493.0
3191,2019-02-01,3.0,Ethiopia,Oromia,Buno Bedele,3.0,3.0,Oromia,Buno Bedele,809088,809088,0.0,0.0,809088.0,0.0,0.0,809088.0,0.0,0.0,809088.0,0.0,0.0,809088.0,0.0,0.0,809088.0,0.0,0.0,809088.0
3192,2019-02-01,2.0,Ethiopia,SNNP,Burji,3.0,3.0,SNNP,Burji,71728,71728,0.0,71728.0,0.0,0.0,0.0,71728.0,0.0,0.0,71728.0,0.0,0.0,71728.0,0.0,0.0,71728.0,0.0,0.0,71728.0
3193,2019-02-01,2.0,Ethiopia,Tigray,Central,2.0,3.0,Tigray,Central,1384454,1384454,0.0,1384454.0,0.0,0.0,0.0,1384454.0,0.0,1384454.0,0.0,0.0,0.0,1384454.0,0.0,0.0,1384454.0,0.0,0.0,1384454.0
3194,2019-02-01,2.0,Ethiopia,Amhara,Central Gondar,2.0,3.0,Amhara,Central Gondar,2719899,2719899,0.0,2719899.0,0.0,0.0,0.0,2719899.0,0.0,2719899.0,0.0,0.0,0.0,2719899.0,0.0,0.0,2719899.0,0.0,0.0,2719899.0
3195,2019-02-01,3.0,Ethiopia,Somali,Daawa,3.0,3.0,Somali,Daawa,457130,457130,0.0,0.0,457130.0,0.0,0.0,457130.0,0.0,0.0,457130.0,0.0,0.0,457130.0,0.0,0.0,457130.0,0.0,0.0,457130.0
3196,2019-02-01,2.0,Ethiopia,SNNP,Dawuro,3.0,2.0,SNNP,Dawuro,643931,643931,0.0,643931.0,0.0,0.0,0.0,643931.0,0.0,0.0,643931.0,0.0,0.0,643931.0,0.0,643931.0,0.0,0.0,0.0,643931.0
3197,2019-02-01,2.0,Ethiopia,SNNP,Derashe,3.0,2.0,SNNP,Derashe,107301,107301,0.0,107301.0,0.0,0.0,0.0,107301.0,0.0,0.0,107301.0,0.0,0.0,107301.0,0.0,107301.0,0.0,0.0,0.0,107301.0
3198,2019-02-01,2.0,Ethiopia,Dire Dawa,Dire Dawa rural,2.0,3.0,Dire Dawa,Dire Dawa rural,188933,188933,0.0,188933.0,0.0,0.0,0.0,188933.0,0.0,188933.0,0.0,0.0,0.0,188933.0,0.0,0.0,188933.0,0.0,0.0,188933.0
3199,2019-02-01,2.0,Ethiopia,Amhara,East Gojam,2.0,3.0,Amhara,East Gojam,2672621,2672621,0.0,2672621.0,0.0,0.0,0.0,2672621.0,0.0,2672621.0,0.0,0.0,0.0,2672621.0,0.0,0.0,2672621.0,0.0,0.0,2672621.0
3200,2019-02-01,3.0,Ethiopia,Oromia,East Hararge,3.0,3.0,Oromia,East Hararge,3739861,3739861,0.0,0.0,3739861.0,0.0,0.0,3739861.0,0.0,0.0,3739861.0,0.0,0.0,3739861.0,0.0,0.0,3739861.0,0.0,0.0,3739861.0
3201,2019-02-01,2.0,Ethiopia,Oromia,East Shewa,3.0,3.0,Oromia,East Shewa,2234419,2234419,0.0,2234419.0,0.0,0.0,0.0,2234419.0,0.0,0.0,2234419.0,0.0,0.0,2234419.0,0.0,0.0,2234419.0,0.0,0.0,2234419.0
3202,2019-02-01,3.0,Ethiopia,Oromia,East Wellega,3.0,3.0,Oromia,East Wellega,1693681,1693681,0.0,0.0,1693681.0,0.0,0.0,1693681.0,0.0,0.0,1693681.0,0.0,0.0,1693681.0,0.0,0.0,1693681.0,0.0,0.0,1693681.0
3203,2019-02-01,3.0,Ethiopia,Tigray,Eastern,3.0,3.0,Tigray,Eastern,940053,940053,0.0,0.0,940053.0,0.0,0.0,940053.0,0.0,0.0,940053.0,0.0,0.0,940053.0,0.0,0.0,940053.0,0.0,0.0,940053.0
3204,2019-02-01,3.0,Ethiopia,Somali,Erer,3.0,3.0,Somali,Erer,268901,268901,0.0,0.0,268901.0,0.0,0.0,268901.0,0.0,0.0,268901.0,0.0,0.0,268901.0,0.0,0.0,268901.0,0.0,0.0,268901.0
3205,2019-02-01,3.0,Ethiopia,Somali,Fafan,3.0,3.0,Somali,Fafan,1242707,1242707,0.0,0.0,1242707.0,0.0,0.0,1242707.0,0.0,0.0,1242707.0,0.0,0.0,1242707.0,0.0,0.0,1242707.0,0.0,0.0,1242707.0
3206,2019-02-01,2.0,Ethiopia,SNNP,Gamo,3.0,3.0,SNNP,Gamo,1462777,1462777,0.0,1462777.0,0.0,0.0,0.0,1462777.0,0.0,0.0,1462777.0,0.0,0.0,1462777.0,0.0,0.0,1462777.0,0.0,0.0,1462777.0
3207,2019-02-01,3.0,Ethiopia,SNNP,Gedeo,3.0,3.0,SNNP,Gedeo,1131834,1131834,0.0,0.0,1131834.0,0.0,0.0,1131834.0,0.0,0.0,1131834.0,0.0,0.0,1131834.0,0.0,0.0,1131834.0,0.0,0.0,1131834.0
3208,2019-02-01,2.0,Ethiopia,SNNP,Gofa,2.0,2.0,SNNP,Gofa,623589,623589,0.0,623589.0,0.0,0.0,0.0,623589.0,0.0,623589.0,0.0,0.0,0.0,623589.0,0.0,623589.0,0.0,0.0,0.0,623589.0
3209,2019-02-01,3.0,Ethiopia,Oromia,Guji,3.0,3.0,Oromia,Guji,1482472,1482472,0.0,0.0,1482472.0,0.0,0.0,1482472.0,0.0,0.0,1482472.0,0.0,0.0,1482472.0,0.0,0.0,1482472.0,0.0,0.0,1482472.0
3210,2019-02-01,2.0,Ethiopia,SNNP,Guraghe,3.0,3.0,SNNP,Guraghe,1882107,1882107,0.0,1882107.0,0.0,0.0,0.0,1882107.0,0.0,0.0,1882107.0,0.0,0.0,1882107.0,0.0,0.0,1882107.0,0.0,0.0,1882107.0
3211,2019-02-01,2.0,Ethiopia,SNNP,Hadiya,3.0,3.0,SNNP,Hadiya,1700138,1700138,0.0,1700138.0,0.0,0.0,0.0,1700138.0,0.0,0.0,1700138.0,0.0,0.0,1700138.0,0.0,0.0,1700138.0,0.0,0.0,1700138.0
3212,2019-02-01,2.0,Ethiopia,SNNP,Halaba Special,3.0,3.0,SNNP,Halaba Special,658130,658130,0.0,658130.0,0.0,0.0,0.0,658130.0,0.0,0.0,658130.0,0.0,0.0,658130.0,0.0,0.0,658130.0,0.0,0.0,658130.0
3213,2019-02-01,2.0,Ethiopia,Harari,Harari,3.0,3.0,Harari,Harari,260022,260022,0.0,260022.0,0.0,0.0,0.0,260022.0,0.0,0.0,260022.0,0.0,0.0,260022.0,0.0,0.0,260022.0,0.0,0.0,260022.0
3214,2019-02-01,3.0,Ethiopia,Somali,Jarar,3.0,3.0,Somali,Jarar,641077,641077,0.0,0.0,641077.0,0.0,0.0,641077.0,0.0,0.0,641077.0,0.0,0.0,641077.0,0.0,0.0,641077.0,0.0,0.0,641077.0
3215,2019-02-01,1.0,Ethiopia,Oromia,Jimma,2.0,2.0,Oromia,Jimma,3672640,3672640,3672640.0,0.0,0.0,0.0,0.0,3672640.0,0.0,3672640.0,0.0,0.0,0.0,3672640.0,0.0,3672640.0,0.0,0.0,0.0,3672640.0
3216,2019-02-01,3.0,Ethiopia,Benishangul Gumz,Kemashi,3.0,3.0,Benishangul Gumz,Kemashi,150986,150986,0.0,0.0,150986.0,0.0,0.0,150986.0,0.0,0.0,150986.0,0.0,0.0,150986.0,0.0,0.0,150986.0,0.0,0.0,150986.0
3217,2019-02-01,1.0,Ethiopia,SNNP,Kembata Tibaro,3.0,3.0,SNNP,Kembata Tibaro,911347,911347,911347.0,0.0,0.0,0.0,0.0,911347.0,0.0,0.0,911347.0,0.0,0.0,911347.0,0.0,0.0,911347.0,0.0,0.0,911347.0
3218,2019-02-01,2.0,Ethiopia,SNNP,Konso,3.0,2.0,SNNP,Konso,284360,284360,0.0,284360.0,0.0,0.0,0.0,284360.0,0.0,0.0,284360.0,0.0,0.0,284360.0,0.0,284360.0,0.0,0.0,0.0,284360.0
3219,2019-02-01,3.0,Ethiopia,Somali,Liban,3.0,3.0,Somali,Liban,505190,505190,0.0,0.0,505190.0,0.0,0.0,505190.0,0.0,0.0,505190.0,0.0,0.0,505190.0,0.0,0.0,505190.0,0.0,0.0,505190.0
3220,2019-02-01,1.0,Ethiopia,Tigray,Mekele Special,2.0,2.0,Tigray,Mekele Special,418327,418327,418327.0,0.0,0.0,0.0,0.0,418327.0,0.0,418327.0,0.0,0.0,0.0,418327.0,0.0,418327.0,0.0,0.0,0.0,418327.0
3221,2019-02-01,4.0,Ethiopia,SNNP,Mirab Omo,4.0,4.0,SNNP,Mirab Omo,262515,262515,0.0,0.0,0.0,262515.0,0.0,262515.0,0.0,0.0,0.0,262515.0,0.0,262515.0,0.0,0.0,0.0,262515.0,0.0,262515.0
3222,2019-02-01,3.0,Ethiopia,Somali,Nogob,3.0,3.0,Somali,Nogob,217220,217220,0.0,0.0,217220.0,0.0,0.0,217220.0,0.0,0.0,217220.0,0.0,0.0,217220.0,0.0,0.0,217220.0,0.0,0.0,217220.0
3223,2019-02-01,2.0,Ethiopia,Amhara,North Gondar,2.0,3.0,Amhara,North Gondar,889977,889977,0.0,889977.0,0.0,0.0,0.0,889977.0,0.0,889977.0,0.0,0.0,0.0,889977.0,0.0,0.0,889977.0,0.0,0.0,889977.0
3224,2019-02-01,2.0,Ethiopia,Amhara,North Shewa,2.0,3.0,Amhara,North Shewa,2293091,2293091,0.0,2293091.0,0.0,0.0,0.0,2293091.0,0.0,2293091.0,0.0,0.0,0.0,2293091.0,0.0,0.0,2293091.0,0.0,0.0,2293091.0
3225,2019-02-01,3.0,Ethiopia,Amhara,North Wello,3.0,3.0,Amhara,North Wello,1740337,1740337,0.0,0.0,1740337.0,0.0,0.0,1740337.0,0.0,0.0,1740337.0,0.0,0.0,1740337.0,0.0,0.0,1740337.0,0.0,0.0,1740337.0
3226,2019-02-01,2.0,Ethiopia,Tigray,North Western,2.0,3.0,Tigray,North Western,893262,893262,0.0,893262.0,0.0,0.0,0.0,893262.0,0.0,893262.0,0.0,0.0,0.0,893262.0,0.0,0.0,893262.0,0.0,0.0,893262.0
3227,2019-02-01,3.0,Ethiopia,Gambela,Nuwer,4.0,4.0,Gambela,Nuwer,166901,166901,0.0,0.0,166901.0,0.0,0.0,166901.0,0.0,0.0,0.0,166901.0,0.0,166901.0,0.0,0.0,0.0,166901.0,0.0,166901.0
3228,2019-02-01,2.0,Ethiopia,Amhara,Oromia,2.0,3.0,Amhara,Oromia,569808,569808,0.0,569808.0,0.0,0.0,0.0,569808.0,0.0,569808.0,0.0,0.0,0.0,569808.0,0.0,0.0,569808.0,0.0,0.0,569808.0
3229,2019-02-01,3.0,Ethiopia,Somali,Shabelle,3.0,2.0,Somali,Shabelle,647430,647430,0.0,0.0,647430.0,0.0,0.0,647430.0,0.0,0.0,647430.0,0.0,0.0,647430.0,0.0,647430.0,0.0,0.0,0.0,647430.0
3230,2019-02-01,2.0,Ethiopia,SNNP,Sidama,3.0,3.0,SNNP,Sidama,4212331,4212331,0.0,4212331.0,0.0,0.0,0.0,4212331.0,0.0,0.0,4212331.0,0.0,0.0,4212331.0,0.0,0.0,4212331.0,0.0,0.0,4212331.0
3231,2019-02-01,2.0,Ethiopia,SNNP,Siltie,3.0,3.0,SNNP,Siltie,1051444,1051444,0.0,1051444.0,0.0,0.0,0.0,1051444.0,0.0,0.0,1051444.0,0.0,0.0,1051444.0,0.0,0.0,1051444.0,0.0,0.0,1051444.0
3232,2019-02-01,3.0,Ethiopia,Somali,Siti,3.0,3.0,Somali,Siti,644214,644214,0.0,0.0,644214.0,0.0,0.0,644214.0,0.0,0.0,644214.0,0.0,0.0,644214.0,0.0,0.0,644214.0,0.0,0.0,644214.0
3233,2019-02-01,3.0,Ethiopia,Tigray,South Eastern,3.0,3.0,Tigray,South Eastern,528199,528199,0.0,0.0,528199.0,0.0,0.0,528199.0,0.0,0.0,528199.0,0.0,0.0,528199.0,0.0,0.0,528199.0,0.0,0.0,528199.0
3234,2019-02-01,2.0,Ethiopia,Amhara,South Gondar,2.0,3.0,Amhara,South Gondar,2526963,2526963,0.0,2526963.0,0.0,0.0,0.0,2526963.0,0.0,2526963.0,0.0,0.0,0.0,2526963.0,0.0,0.0,2526963.0,0.0,0.0,2526963.0
3235,2019-02-01,4.0,Ethiopia,SNNP,South Omo,4.0,4.0,SNNP,South Omo,754134,754134,0.0,0.0,0.0,754134.0,0.0,754134.0,0.0,0.0,0.0,754134.0,0.0,754134.0,0.0,0.0,0.0,754134.0,0.0,754134.0
3236,2019-02-01,2.0,Ethiopia,Amhara,South Wello,2.0,3.0,Amhara,South Wello,3246827,3246827,0.0,3246827.0,0.0,0.0,0.0,3246827.0,0.0,3246827.0,0.0,0.0,0.0,3246827.0,0.0,0.0,3246827.0,0.0,0.0,3246827.0
3237,2019-02-01,2.0,Ethiopia,Oromia,South West Shewa,3.0,3.0,Oromia,South West Shewa,1264234,1264234,0.0,1264234.0,0.0,0.0,0.0,1264234.0,0.0,0.0,1264234.0,0.0,0.0,1264234.0,0.0,0.0,1264234.0,0.0,0.0,1264234.0
3238,2019-02-01,3.0,Ethiopia,Tigray,Southern,3.0,3.0,Tigray,Southern,752344,752344,0.0,0.0,752344.0,0.0,0.0,752344.0,0.0,0.0,752344.0,0.0,0.0,752344.0,0.0,0.0,752344.0,0.0,0.0,752344.0
3239,2019-02-01,2.0,Ethiopia,Amhara,Wag Hamra,2.0,3.0,Amhara,Wag Hamra,516457,516457,0.0,516457.0,0.0,0.0,0.0,516457.0,0.0,516457.0,0.0,0.0,0.0,516457.0,0.0,0.0,516457.0,0.0,0.0,516457.0
3240,2019-02-01,2.0,Ethiopia,Oromia,West Arsi,3.0,3.0,Oromia,West Arsi,2868933,2868933,0.0,2868933.0,0.0,0.0,0.0,2868933.0,0.0,0.0,2868933.0,0.0,0.0,2868933.0,0.0,0.0,2868933.0,0.0,0.0,2868933.0
3241,2019-02-01,3.0,Ethiopia,Oromia,West Guji,3.0,3.0,Oromia,West Guji,1223292,1223292,0.0,0.0,1223292.0,0.0,0.0,1223292.0,0.0,0.0,1223292.0,0.0,0.0,1223292.0,0.0,0.0,1223292.0,0.0,0.0,1223292.0
3242,2019-02-01,3.0,Ethiopia,Oromia,West Hararge,3.0,3.0,Oromia,West Hararge,2568661,2568661,0.0,0.0,2568661.0,0.0,0.0,2568661.0,0.0,0.0,2568661.0,0.0,0.0,2568661.0,0.0,0.0,2568661.0,0.0,0.0,2568661.0
3243,2019-02-01,3.0,Ethiopia,Oromia,West Wellega,3.0,3.0,Oromia,West Wellega,1880222,1880222,0.0,0.0,1880222.0,0.0,0.0,1880222.0,0.0,0.0,1880222.0,0.0,0.0,1880222.0,0.0,0.0,1880222.0,0.0,0.0,1880222.0
3244,2019-02-01,2.0,Ethiopia,Tigray,Western,2.0,3.0,Tigray,Western,440553,440553,0.0,440553.0,0.0,0.0,0.0,440553.0,0.0,440553.0,0.0,0.0,0.0,440553.0,0.0,0.0,440553.0,0.0,0.0,440553.0
3245,2019-02-01,2.0,Ethiopia,SNNP,Wolayita,3.0,2.0,SNNP,Wolayita,1999292,1999292,0.0,1999292.0,0.0,0.0,0.0,1999292.0,0.0,0.0,1999292.0,0.0,0.0,1999292.0,0.0,1999292.0,0.0,0.0,0.0,1999292.0
3246,2019-02-01,1.0,Ethiopia,SNNP,Yem Special,2.0,2.0,SNNP,Yem Special,102526,102526,102526.0,0.0,0.0,0.0,0.0,102526.0,0.0,102526.0,0.0,0.0,0.0,102526.0,0.0,102526.0,0.0,0.0,0.0,102526.0
3247,2019-02-01,3.0,Ethiopia,Afar,Zone 1 (Awsi Rasu),3.0,3.0,Afar,Zone 1 (Awsi Rasu),643036,643036,0.0,0.0,643036.0,0.0,0.0,643036.0,0.0,0.0,643036.0,0.0,0.0,643036.0,0.0,0.0,643036.0,0.0,0.0,643036.0
3248,2019-02-01,3.0,Ethiopia,Afar,Zone 2 (Kilbet Rasu),3.0,3.0,Afar,Zone 2 (Kilbet Rasu),493764,493764,0.0,0.0,493764.0,0.0,0.0,493764.0,0.0,0.0,493764.0,0.0,0.0,493764.0,0.0,0.0,493764.0,0.0,0.0,493764.0
3249,2019-02-01,2.0,Ethiopia,Afar,Zone 3 (Gabi Rasu),3.0,3.0,Afar,Zone 3 (Gabi Rasu),281357,281357,0.0,281357.0,0.0,0.0,0.0,281357.0,0.0,0.0,281357.0,0.0,0.0,281357.0,0.0,0.0,281357.0,0.0,0.0,281357.0
3250,2019-02-01,3.0,Ethiopia,Afar,Zone 4 (Fantana Rasu),3.0,3.0,Afar,Zone 4 (Fantana Rasu),276855,276855,0.0,0.0,276855.0,0.0,0.0,276855.0,0.0,0.0,276855.0,0.0,0.0,276855.0,0.0,0.0,276855.0,0.0,0.0,276855.0
3251,2019-02-01,2.0,Ethiopia,Afar,Zone 5 (Hari Rasu),2.0,2.0,Afar,Zone 5 (Hari Rasu),209402,209402,0.0,209402.0,0.0,0.0,0.0,209402.0,0.0,209402.0,0.0,0.0,0.0,209402.0,0.0,209402.0,0.0,0.0,0.0,209402.0
3252,2019-02-01,4.0,Ethiopia,Gambela,Agnewak,4.0,3.0,Gambela,Agnewak,164054,164054,0.0,0.0,0.0,164054.0,0.0,164054.0,0.0,0.0,0.0,164054.0,0.0,164054.0,0.0,0.0,164054.0,0.0,0.0,164054.0
3253,2019-02-01,3.0,Ethiopia,Somali,Doolo,3.0,3.0,Somali,Doolo,425824,425824,0.0,0.0,425824.0,0.0,0.0,425824.0,0.0,0.0,425824.0,0.0,0.0,425824.0,0.0,0.0,425824.0,0.0,0.0,425824.0
3254,2019-02-01,3.0,Ethiopia,Somali,Korahe,3.0,3.0,Somali,Korahe,511890,511890,0.0,0.0,511890.0,0.0,0.0,511890.0,0.0,0.0,511890.0,0.0,0.0,511890.0,0.0,0.0,511890.0,0.0,0.0,511890.0
3255,2019-02-01,2.0,Ethiopia,Oromia,Finfine Special,2.0,1.0,Oromia,Finfine Special,1040106,1040106,0.0,1040106.0,0.0,0.0,0.0,1040106.0,0.0,1040106.0,0.0,0.0,0.0,1040106.0,1040106.0,0.0,0.0,0.0,0.0,1040106.0
3256,2019-02-01,1.0,Ethiopia,Addis Ababa,Region 14,1.0,1.0,Addis Ababa,Region 14,3585647,3585647,3585647.0,0.0,0.0,0.0,0.0,3585647.0,3585647.0,0.0,0.0,0.0,0.0,3585647.0,3585647.0,0.0,0.0,0.0,0.0,3585647.0
3257,2019-02-01,2.0,Ethiopia,Amhara,West Gojam,2.0,2.0,Amhara,West Gojam,2894095,2894095,0.0,2894095.0,0.0,0.0,0.0,2894095.0,0.0,2894095.0,0.0,0.0,0.0,2894095.0,0.0,2894095.0,0.0,0.0,0.0,2894095.0
3258,2019-02-01,2.0,Ethiopia,SNNP,Basketo,2.0,2.0,SNNP,Basketo,75512,75512,0.0,75512.0,0.0,0.0,0.0,75512.0,0.0,75512.0,0.0,0.0,0.0,75512.0,0.0,75512.0,0.0,0.0,0.0,75512.0
3259,2019-02-01,1.0,Ethiopia,SNNP,Bench Maji,1.0,1.0,SNNP,Bench Maji,603595,603595,603595.0,0.0,0.0,0.0,0.0,603595.0,603595.0,0.0,0.0,0.0,0.0,603595.0,603595.0,0.0,0.0,0.0,0.0,603595.0
3260,2019-02-01,3.0,Ethiopia,Gambela,Etang Special woreda,4.0,4.0,Gambela,Etang Special woreda,50260,50260,0.0,0.0,50260.0,0.0,0.0,50260.0,0.0,0.0,0.0,50260.0,0.0,50260.0,0.0,0.0,0.0,50260.0,0.0,50260.0
3261,2019-02-01,2.0,Ethiopia,Oromia,Ilu Aba Bora,2.0,2.0,Oromia,Ilu Aba Bora,953178,953178,0.0,953178.0,0.0,0.0,0.0,953178.0,0.0,953178.0,0.0,0.0,0.0,953178.0,0.0,953178.0,0.0,0.0,0.0,953178.0
3262,2019-02-01,2.0,Ethiopia,SNNP,Kefa,2.0,2.0,SNNP,Kefa,1053546,1053546,0.0,1053546.0,0.0,0.0,0.0,1053546.0,0.0,1053546.0,0.0,0.0,0.0,1053546.0,0.0,1053546.0,0.0,0.0,0.0,1053546.0
3263,2019-02-01,2.0,Ethiopia,SNNP,Konta Special,2.0,2.0,SNNP,Konta Special,119904,119904,0.0,119904.0,0.0,0.0,0.0,119904.0,0.0,119904.0,0.0,0.0,0.0,119904.0,0.0,119904.0,0.0,0.0,0.0,119904.0
3264,2019-02-01,1.0,Ethiopia,Gambela,Mejenger,1.0,1.0,Gambela,Mejenger,81617,81617,81617.0,0.0,0.0,0.0,0.0,81617.0,81617.0,0.0,0.0,0.0,0.0,81617.0,81617.0,0.0,0.0,0.0,0.0,81617.0
3265,2019-02-01,2.0,Ethiopia,Benishangul Gumz,Asosa,3.0,3.0,Benishangul Gumz,Asosa,402287,402287,0.0,402287.0,0.0,0.0,0.0,402287.0,0.0,0.0,402287.0,0.0,0.0,402287.0,0.0,0.0,402287.0,0.0,0.0,402287.0
3266,2019-02-01,2.0,Ethiopia,Dire Dawa,Dire Dawa urban,2.0,2.0,Dire Dawa,Dire Dawa urban,319985,319985,0.0,319985.0,0.0,0.0,0.0,319985.0,0.0,319985.0,0.0,0.0,0.0,319985.0,0.0,319985.0,0.0,0.0,0.0,319985.0
3267,2019-02-01,2.0,Ethiopia,Oromia,Horo Gudru Wellega,2.0,2.0,Oromia,Horo Gudru Wellega,791731,791731,0.0,791731.0,0.0,0.0,0.0,791731.0,0.0,791731.0,0.0,0.0,0.0,791731.0,0.0,791731.0,0.0,0.0,0.0,791731.0
3268,2019-02-01,3.0,Ethiopia,Oromia,Kelem Wellega,4.0,4.0,Oromia,Kelem Wellega,1141498,1141498,0.0,0.0,1141498.0,0.0,0.0,1141498.0,0.0,0.0,0.0,1141498.0,0.0,1141498.0,0.0,0.0,0.0,1141498.0,0.0,1141498.0
3269,2019-02-01,3.0,Ethiopia,Benishangul Gumz,Mao Komo Special,4.0,4.0,Benishangul Gumz,Mao Komo Special,70414,70414,0.0,0.0,70414.0,0.0,0.0,70414.0,0.0,0.0,0.0,70414.0,0.0,70414.0,0.0,0.0,0.0,70414.0,0.0,70414.0
3270,2019-02-01,3.0,Ethiopia,Benishangul Gumz,Metekel,3.0,3.0,Benishangul Gumz,Metekel,479162,479162,0.0,0.0,479162.0,0.0,0.0,479162.0,0.0,0.0,479162.0,0.0,0.0,479162.0,0.0,0.0,479162.0,0.0,0.0,479162.0
3271,2019-02-01,2.0,Ethiopia,Oromia,North Shewa,2.0,2.0,Oromia,North Shewa,1626893,1626893,0.0,1626893.0,0.0,0.0,0.0,1626893.0,0.0,1626893.0,0.0,0.0,0.0,1626893.0,0.0,1626893.0,0.0,0.0,0.0,1626893.0
3272,2019-02-01,1.0,Ethiopia,SNNP,Sheka,1.0,1.0,SNNP,Sheka,274212,274212,274212.0,0.0,0.0,0.0,0.0,274212.0,274212.0,0.0,0.0,0.0,0.0,274212.0,274212.0,0.0,0.0,0.0,0.0,274212.0
3273,2019-02-01,1.0,Ethiopia,Oromia,West Shewa,1.0,2.0,Oromia,West Shewa,2773901,2773901,2773901.0,0.0,0.0,0.0,0.0,2773901.0,2773901.0,0.0,0.0,0.0,0.0,2773901.0,0.0,2773901.0,0.0,0.0,0.0,2773901.0
3274,2019-02-01,1.0,Ethiopia,Amhara,Awi,1.0,1.0,Amhara,Awi,1338704,1338704,1338704.0,0.0,0.0,0.0,0.0,1338704.0,1338704.0,0.0,0.0,0.0,0.0,1338704.0,1338704.0,0.0,0.0,0.0,0.0,1338704.0
3275,2019-02-01,1.0,Ethiopia,Amhara,West Gondar,2.0,2.0,Amhara,West Gondar,381393,381393,381393.0,0.0,0.0,0.0,0.0,381393.0,0.0,381393.0,0.0,0.0,0.0,381393.0,0.0,381393.0,0.0,0.0,0.0,381393.0
3276,2019-06-01,3.0,Ethiopia,Somali,Afder,3.0,3.0,Somali,Afder,654828,654828,0.0,0.0,654828.0,0.0,0.0,654828.0,0.0,0.0,654828.0,0.0,0.0,654828.0,0.0,0.0,654828.0,0.0,0.0,654828.0
3277,2019-06-01,2.0,Ethiopia,SNNP,Alle,2.0,1.0,SNNP,Alle,81190,81190,0.0,81190.0,0.0,0.0,0.0,81190.0,0.0,81190.0,0.0,0.0,0.0,81190.0,81190.0,0.0,0.0,0.0,0.0,81190.0
3278,2019-06-01,3.0,Ethiopia,SNNP,Amaro,3.0,3.0,SNNP,Amaro,195252,195252,0.0,0.0,195252.0,0.0,0.0,195252.0,0.0,0.0,195252.0,0.0,0.0,195252.0,0.0,0.0,195252.0,0.0,0.0,195252.0
3279,2019-06-01,3.0,Ethiopia,Oromia,Arsi,3.0,3.0,Oromia,Arsi,3645492,3645492,0.0,0.0,3645492.0,0.0,0.0,3645492.0,0.0,0.0,3645492.0,0.0,0.0,3645492.0,0.0,0.0,3645492.0,0.0,0.0,3645492.0
3280,2019-06-01,3.0,Ethiopia,Oromia,Bale,3.0,3.0,Oromia,Bale,1887498,1887498,0.0,0.0,1887498.0,0.0,0.0,1887498.0,0.0,0.0,1887498.0,0.0,0.0,1887498.0,0.0,0.0,1887498.0,0.0,0.0,1887498.0
3281,2019-06-01,3.0,Ethiopia,Oromia,Borena,3.0,3.0,Oromia,Borena,545493,545493,0.0,0.0,545493.0,0.0,0.0,545493.0,0.0,0.0,545493.0,0.0,0.0,545493.0,0.0,0.0,545493.0,0.0,0.0,545493.0
3282,2019-06-01,3.0,Ethiopia,Oromia,Buno Bedele,3.0,2.0,Oromia,Buno Bedele,809088,809088,0.0,0.0,809088.0,0.0,0.0,809088.0,0.0,0.0,809088.0,0.0,0.0,809088.0,0.0,809088.0,0.0,0.0,0.0,809088.0
3283,2019-06-01,3.0,Ethiopia,SNNP,Burji,3.0,2.0,SNNP,Burji,71728,71728,0.0,0.0,71728.0,0.0,0.0,71728.0,0.0,0.0,71728.0,0.0,0.0,71728.0,0.0,71728.0,0.0,0.0,0.0,71728.0
3284,2019-06-01,3.0,Ethiopia,Tigray,Central,3.0,2.0,Tigray,Central,1384454,1384454,0.0,0.0,1384454.0,0.0,0.0,1384454.0,0.0,0.0,1384454.0,0.0,0.0,1384454.0,0.0,1384454.0,0.0,0.0,0.0,1384454.0
3285,2019-06-01,3.0,Ethiopia,Amhara,Central Gondar,3.0,2.0,Amhara,Central Gondar,2719899,2719899,0.0,0.0,2719899.0,0.0,0.0,2719899.0,0.0,0.0,2719899.0,0.0,0.0,2719899.0,0.0,2719899.0,0.0,0.0,0.0,2719899.0
3286,2019-06-01,3.0,Ethiopia,Somali,Daawa,3.0,3.0,Somali,Daawa,457130,457130,0.0,0.0,457130.0,0.0,0.0,457130.0,0.0,0.0,457130.0,0.0,0.0,457130.0,0.0,0.0,457130.0,0.0,0.0,457130.0
3287,2019-06-01,2.0,Ethiopia,SNNP,Dawuro,2.0,1.0,SNNP,Dawuro,643931,643931,0.0,643931.0,0.0,0.0,0.0,643931.0,0.0,643931.0,0.0,0.0,0.0,643931.0,643931.0,0.0,0.0,0.0,0.0,643931.0
3288,2019-06-01,2.0,Ethiopia,SNNP,Derashe,2.0,1.0,SNNP,Derashe,107301,107301,0.0,107301.0,0.0,0.0,0.0,107301.0,0.0,107301.0,0.0,0.0,0.0,107301.0,107301.0,0.0,0.0,0.0,0.0,107301.0
3289,2019-06-01,3.0,Ethiopia,Dire Dawa,Dire Dawa rural,3.0,3.0,Dire Dawa,Dire Dawa rural,188933,188933,0.0,0.0,188933.0,0.0,0.0,188933.0,0.0,0.0,188933.0,0.0,0.0,188933.0,0.0,0.0,188933.0,0.0,0.0,188933.0
3290,2019-06-01,2.0,Ethiopia,Amhara,East Gojam,2.0,1.0,Amhara,East Gojam,2672621,2672621,0.0,2672621.0,0.0,0.0,0.0,2672621.0,0.0,2672621.0,0.0,0.0,0.0,2672621.0,2672621.0,0.0,0.0,0.0,0.0,2672621.0
3291,2019-06-01,3.0,Ethiopia,Oromia,East Hararge,3.0,3.0,Oromia,East Hararge,3739861,3739861,0.0,0.0,3739861.0,0.0,0.0,3739861.0,0.0,0.0,3739861.0,0.0,0.0,3739861.0,0.0,0.0,3739861.0,0.0,0.0,3739861.0
3292,2019-06-01,3.0,Ethiopia,Oromia,East Shewa,3.0,3.0,Oromia,East Shewa,2234419,2234419,0.0,0.0,2234419.0,0.0,0.0,2234419.0,0.0,0.0,2234419.0,0.0,0.0,2234419.0,0.0,0.0,2234419.0,0.0,0.0,2234419.0
3293,2019-06-01,3.0,Ethiopia,Oromia,East Wellega,3.0,2.0,Oromia,East Wellega,1693681,1693681,0.0,0.0,1693681.0,0.0,0.0,1693681.0,0.0,0.0,1693681.0,0.0,0.0,1693681.0,0.0,1693681.0,0.0,0.0,0.0,1693681.0
3294,2019-06-01,3.0,Ethiopia,Tigray,Eastern,3.0,3.0,Tigray,Eastern,940053,940053,0.0,0.0,940053.0,0.0,0.0,940053.0,0.0,0.0,940053.0,0.0,0.0,940053.0,0.0,0.0,940053.0,0.0,0.0,940053.0
3295,2019-06-01,3.0,Ethiopia,Somali,Erer,3.0,3.0,Somali,Erer,268901,268901,0.0,0.0,268901.0,0.0,0.0,268901.0,0.0,0.0,268901.0,0.0,0.0,268901.0,0.0,0.0,268901.0,0.0,0.0,268901.0
3296,2019-06-01,3.0,Ethiopia,Somali,Fafan,3.0,3.0,Somali,Fafan,1242707,1242707,0.0,0.0,1242707.0,0.0,0.0,1242707.0,0.0,0.0,1242707.0,0.0,0.0,1242707.0,0.0,0.0,1242707.0,0.0,0.0,1242707.0
3297,2019-06-01,3.0,Ethiopia,SNNP,Gamo,2.0,2.0,SNNP,Gamo,1462777,1462777,0.0,0.0,1462777.0,0.0,0.0,1462777.0,0.0,1462777.0,0.0,0.0,0.0,1462777.0,0.0,1462777.0,0.0,0.0,0.0,1462777.0
3298,2019-06-01,3.0,Ethiopia,SNNP,Gedeo,3.0,3.0,SNNP,Gedeo,1131834,1131834,0.0,0.0,1131834.0,0.0,0.0,1131834.0,0.0,0.0,1131834.0,0.0,0.0,1131834.0,0.0,0.0,1131834.0,0.0,0.0,1131834.0
3299,2019-06-01,2.0,Ethiopia,SNNP,Gofa,2.0,2.0,SNNP,Gofa,623589,623589,0.0,623589.0,0.0,0.0,0.0,623589.0,0.0,623589.0,0.0,0.0,0.0,623589.0,0.0,623589.0,0.0,0.0,0.0,623589.0
3300,2019-06-01,3.0,Ethiopia,Oromia,Guji,3.0,3.0,Oromia,Guji,1482472,1482472,0.0,0.0,1482472.0,0.0,0.0,1482472.0,0.0,0.0,1482472.0,0.0,0.0,1482472.0,0.0,0.0,1482472.0,0.0,0.0,1482472.0
3301,2019-06-01,3.0,Ethiopia,SNNP,Guraghe,3.0,2.0,SNNP,Guraghe,1882107,1882107,0.0,0.0,1882107.0,0.0,0.0,1882107.0,0.0,0.0,1882107.0,0.0,0.0,1882107.0,0.0,1882107.0,0.0,0.0,0.0,1882107.0
3302,2019-06-01,3.0,Ethiopia,SNNP,Hadiya,3.0,2.0,SNNP,Hadiya,1700138,1700138,0.0,0.0,1700138.0,0.0,0.0,1700138.0,0.0,0.0,1700138.0,0.0,0.0,1700138.0,0.0,1700138.0,0.0,0.0,0.0,1700138.0
3303,2019-06-01,3.0,Ethiopia,SNNP,Halaba Special,3.0,2.0,SNNP,Halaba Special,658130,658130,0.0,0.0,658130.0,0.0,0.0,658130.0,0.0,0.0,658130.0,0.0,0.0,658130.0,0.0,658130.0,0.0,0.0,0.0,658130.0
3304,2019-06-01,3.0,Ethiopia,Harari,Harari,3.0,3.0,Harari,Harari,260022,260022,0.0,0.0,260022.0,0.0,0.0,260022.0,0.0,0.0,260022.0,0.0,0.0,260022.0,0.0,0.0,260022.0,0.0,0.0,260022.0
3305,2019-06-01,3.0,Ethiopia,Somali,Jarar,3.0,3.0,Somali,Jarar,641077,641077,0.0,0.0,641077.0,0.0,0.0,641077.0,0.0,0.0,641077.0,0.0,0.0,641077.0,0.0,0.0,641077.0,0.0,0.0,641077.0
3306,2019-06-01,2.0,Ethiopia,Oromia,Jimma,2.0,1.0,Oromia,Jimma,3672640,3672640,0.0,3672640.0,0.0,0.0,0.0,3672640.0,0.0,3672640.0,0.0,0.0,0.0,3672640.0,3672640.0,0.0,0.0,0.0,0.0,3672640.0
3307,2019-06-01,3.0,Ethiopia,Benishangul Gumz,Kemashi,3.0,3.0,Benishangul Gumz,Kemashi,150986,150986,0.0,0.0,150986.0,0.0,0.0,150986.0,0.0,0.0,150986.0,0.0,0.0,150986.0,0.0,0.0,150986.0,0.0,0.0,150986.0
3308,2019-06-01,3.0,Ethiopia,SNNP,Kembata Tibaro,2.0,1.0,SNNP,Kembata Tibaro,911347,911347,0.0,0.0,911347.0,0.0,0.0,911347.0,0.0,911347.0,0.0,0.0,0.0,911347.0,911347.0,0.0,0.0,0.0,0.0,911347.0
3309,2019-06-01,3.0,Ethiopia,SNNP,Konso,3.0,2.0,SNNP,Konso,284360,284360,0.0,0.0,284360.0,0.0,0.0,284360.0,0.0,0.0,284360.0,0.0,0.0,284360.0,0.0,284360.0,0.0,0.0,0.0,284360.0
3310,2019-06-01,3.0,Ethiopia,Somali,Liban,3.0,3.0,Somali,Liban,505190,505190,0.0,0.0,505190.0,0.0,0.0,505190.0,0.0,0.0,505190.0,0.0,0.0,505190.0,0.0,0.0,505190.0,0.0,0.0,505190.0
3311,2019-06-01,2.0,Ethiopia,Tigray,Mekele Special,2.0,1.0,Tigray,Mekele Special,418327,418327,0.0,418327.0,0.0,0.0,0.0,418327.0,0.0,418327.0,0.0,0.0,0.0,418327.0,418327.0,0.0,0.0,0.0,0.0,418327.0
3312,2019-06-01,3.0,Ethiopia,SNNP,Mirab Omo,3.0,3.0,SNNP,Mirab Omo,262515,262515,0.0,0.0,262515.0,0.0,0.0,262515.0,0.0,0.0,262515.0,0.0,0.0,262515.0,0.0,0.0,262515.0,0.0,0.0,262515.0
3313,2019-06-01,3.0,Ethiopia,Somali,Nogob,3.0,3.0,Somali,Nogob,217220,217220,0.0,0.0,217220.0,0.0,0.0,217220.0,0.0,0.0,217220.0,0.0,0.0,217220.0,0.0,0.0,217220.0,0.0,0.0,217220.0
3314,2019-06-01,3.0,Ethiopia,Amhara,North Gondar,3.0,2.0,Amhara,North Gondar,889977,889977,0.0,0.0,889977.0,0.0,0.0,889977.0,0.0,0.0,889977.0,0.0,0.0,889977.0,0.0,889977.0,0.0,0.0,0.0,889977.0
3315,2019-06-01,3.0,Ethiopia,Amhara,North Shewa,3.0,2.0,Amhara,North Shewa,2293091,2293091,0.0,0.0,2293091.0,0.0,0.0,2293091.0,0.0,0.0,2293091.0,0.0,0.0,2293091.0,0.0,2293091.0,0.0,0.0,0.0,2293091.0
3316,2019-06-01,3.0,Ethiopia,Amhara,North Wello,3.0,2.0,Amhara,North Wello,1740337,1740337,0.0,0.0,1740337.0,0.0,0.0,1740337.0,0.0,0.0,1740337.0,0.0,0.0,1740337.0,0.0,1740337.0,0.0,0.0,0.0,1740337.0
3317,2019-06-01,3.0,Ethiopia,Tigray,North Western,3.0,2.0,Tigray,North Western,893262,893262,0.0,0.0,893262.0,0.0,0.0,893262.0,0.0,0.0,893262.0,0.0,0.0,893262.0,0.0,893262.0,0.0,0.0,0.0,893262.0
3318,2019-06-01,4.0,Ethiopia,Gambela,Nuwer,4.0,4.0,Gambela,Nuwer,166901,166901,0.0,0.0,0.0,166901.0,0.0,166901.0,0.0,0.0,0.0,166901.0,0.0,166901.0,0.0,0.0,0.0,166901.0,0.0,166901.0
3319,2019-06-01,2.0,Ethiopia,Amhara,Oromia,2.0,2.0,Amhara,Oromia,569808,569808,0.0,569808.0,0.0,0.0,0.0,569808.0,0.0,569808.0,0.0,0.0,0.0,569808.0,0.0,569808.0,0.0,0.0,0.0,569808.0
3320,2019-06-01,3.0,Ethiopia,Somali,Shabelle,4.0,3.0,Somali,Shabelle,647430,647430,0.0,0.0,647430.0,0.0,0.0,647430.0,0.0,0.0,0.0,647430.0,0.0,647430.0,0.0,0.0,647430.0,0.0,0.0,647430.0
3321,2019-06-01,3.0,Ethiopia,SNNP,Sidama,3.0,3.0,SNNP,Sidama,4212331,4212331,0.0,0.0,4212331.0,0.0,0.0,4212331.0,0.0,0.0,4212331.0,0.0,0.0,4212331.0,0.0,0.0,4212331.0,0.0,0.0,4212331.0
3322,2019-06-01,3.0,Ethiopia,SNNP,Siltie,3.0,2.0,SNNP,Siltie,1051444,1051444,0.0,0.0,1051444.0,0.0,0.0,1051444.0,0.0,0.0,1051444.0,0.0,0.0,1051444.0,0.0,1051444.0,0.0,0.0,0.0,1051444.0
3323,2019-06-01,3.0,Ethiopia,Somali,Siti,3.0,3.0,Somali,Siti,644214,644214,0.0,0.0,644214.0,0.0,0.0,644214.0,0.0,0.0,644214.0,0.0,0.0,644214.0,0.0,0.0,644214.0,0.0,0.0,644214.0
3324,2019-06-01,3.0,Ethiopia,Tigray,South Eastern,3.0,3.0,Tigray,South Eastern,528199,528199,0.0,0.0,528199.0,0.0,0.0,528199.0,0.0,0.0,528199.0,0.0,0.0,528199.0,0.0,0.0,528199.0,0.0,0.0,528199.0
3325,2019-06-01,3.0,Ethiopia,Amhara,South Gondar,3.0,2.0,Amhara,South Gondar,2526963,2526963,0.0,0.0,2526963.0,0.0,0.0,2526963.0,0.0,0.0,2526963.0,0.0,0.0,2526963.0,0.0,2526963.0,0.0,0.0,0.0,2526963.0
3326,2019-06-01,3.0,Ethiopia,SNNP,South Omo,3.0,3.0,SNNP,South Omo,754134,754134,0.0,0.0,754134.0,0.0,0.0,754134.0,0.0,0.0,754134.0,0.0,0.0,754134.0,0.0,0.0,754134.0,0.0,0.0,754134.0
3327,2019-06-01,2.0,Ethiopia,Amhara,South Wello,2.0,1.0,Amhara,South Wello,3246827,3246827,0.0,3246827.0,0.0,0.0,0.0,3246827.0,0.0,3246827.0,0.0,0.0,0.0,3246827.0,3246827.0,0.0,0.0,0.0,0.0,3246827.0
3328,2019-06-01,3.0,Ethiopia,Oromia,South West Shewa,3.0,1.0,Oromia,South West Shewa,1264234,1264234,0.0,0.0,1264234.0,0.0,0.0,1264234.0,0.0,0.0,1264234.0,0.0,0.0,1264234.0,1264234.0,0.0,0.0,0.0,0.0,1264234.0
3329,2019-06-01,3.0,Ethiopia,Tigray,Southern,3.0,2.0,Tigray,Southern,752344,752344,0.0,0.0,752344.0,0.0,0.0,752344.0,0.0,0.0,752344.0,0.0,0.0,752344.0,0.0,752344.0,0.0,0.0,0.0,752344.0
3330,2019-06-01,3.0,Ethiopia,Amhara,Wag Hamra,3.0,2.0,Amhara,Wag Hamra,516457,516457,0.0,0.0,516457.0,0.0,0.0,516457.0,0.0,0.0,516457.0,0.0,0.0,516457.0,0.0,516457.0,0.0,0.0,0.0,516457.0
3331,2019-06-01,3.0,Ethiopia,Oromia,West Arsi,3.0,2.0,Oromia,West Arsi,2868933,2868933,0.0,0.0,2868933.0,0.0,0.0,2868933.0,0.0,0.0,2868933.0,0.0,0.0,2868933.0,0.0,2868933.0,0.0,0.0,0.0,2868933.0
3332,2019-06-01,3.0,Ethiopia,Oromia,West Guji,3.0,3.0,Oromia,West Guji,1223292,1223292,0.0,0.0,1223292.0,0.0,0.0,1223292.0,0.0,0.0,1223292.0,0.0,0.0,1223292.0,0.0,0.0,1223292.0,0.0,0.0,1223292.0
3333,2019-06-01,3.0,Ethiopia,Oromia,West Hararge,3.0,3.0,Oromia,West Hararge,2568661,2568661,0.0,0.0,2568661.0,0.0,0.0,2568661.0,0.0,0.0,2568661.0,0.0,0.0,2568661.0,0.0,0.0,2568661.0,0.0,0.0,2568661.0
3334,2019-06-01,3.0,Ethiopia,Oromia,West Wellega,3.0,2.0,Oromia,West Wellega,1880222,1880222,0.0,0.0,1880222.0,0.0,0.0,1880222.0,0.0,0.0,1880222.0,0.0,0.0,1880222.0,0.0,1880222.0,0.0,0.0,0.0,1880222.0
3335,2019-06-01,3.0,Ethiopia,Tigray,Western,3.0,2.0,Tigray,Western,440553,440553,0.0,0.0,440553.0,0.0,0.0,440553.0,0.0,0.0,440553.0,0.0,0.0,440553.0,0.0,440553.0,0.0,0.0,0.0,440553.0
3336,2019-06-01,2.0,Ethiopia,SNNP,Wolayita,2.0,2.0,SNNP,Wolayita,1999292,1999292,0.0,1999292.0,0.0,0.0,0.0,1999292.0,0.0,1999292.0,0.0,0.0,0.0,1999292.0,0.0,1999292.0,0.0,0.0,0.0,1999292.0
3337,2019-06-01,2.0,Ethiopia,SNNP,Yem Special,2.0,1.0,SNNP,Yem Special,102526,102526,0.0,102526.0,0.0,0.0,0.0,102526.0,0.0,102526.0,0.0,0.0,0.0,102526.0,102526.0,0.0,0.0,0.0,0.0,102526.0
3338,2019-06-01,3.0,Ethiopia,Afar,Zone 1 (Awsi Rasu),3.0,3.0,Afar,Zone 1 (Awsi Rasu),643036,643036,0.0,0.0,643036.0,0.0,0.0,643036.0,0.0,0.0,643036.0,0.0,0.0,643036.0,0.0,0.0,643036.0,0.0,0.0,643036.0
3339,2019-06-01,3.0,Ethiopia,Afar,Zone 2 (Kilbet Rasu),3.0,3.0,Afar,Zone 2 (Kilbet Rasu),493764,493764,0.0,0.0,493764.0,0.0,0.0,493764.0,0.0,0.0,493764.0,0.0,0.0,493764.0,0.0,0.0,493764.0,0.0,0.0,493764.0
3340,2019-06-01,3.0,Ethiopia,Afar,Zone 3 (Gabi Rasu),3.0,3.0,Afar,Zone 3 (Gabi Rasu),281357,281357,0.0,0.0,281357.0,0.0,0.0,281357.0,0.0,0.0,281357.0,0.0,0.0,281357.0,0.0,0.0,281357.0,0.0,0.0,281357.0
3341,2019-06-01,3.0,Ethiopia,Afar,Zone 4 (Fantana Rasu),3.0,3.0,Afar,Zone 4 (Fantana Rasu),276855,276855,0.0,0.0,276855.0,0.0,0.0,276855.0,0.0,0.0,276855.0,0.0,0.0,276855.0,0.0,0.0,276855.0,0.0,0.0,276855.0
3342,2019-06-01,2.0,Ethiopia,Afar,Zone 5 (Hari Rasu),2.0,2.0,Afar,Zone 5 (Hari Rasu),209402,209402,0.0,209402.0,0.0,0.0,0.0,209402.0,0.0,209402.0,0.0,0.0,0.0,209402.0,0.0,209402.0,0.0,0.0,0.0,209402.0
3343,2019-06-01,3.0,Ethiopia,Gambela,Agnewak,3.0,3.0,Gambela,Agnewak,164054,164054,0.0,0.0,164054.0,0.0,0.0,164054.0,0.0,0.0,164054.0,0.0,0.0,164054.0,0.0,0.0,164054.0,0.0,0.0,164054.0
3344,2019-06-01,3.0,Ethiopia,Somali,Doolo,4.0,3.0,Somali,Doolo,425824,425824,0.0,0.0,425824.0,0.0,0.0,425824.0,0.0,0.0,0.0,425824.0,0.0,425824.0,0.0,0.0,425824.0,0.0,0.0,425824.0
3345,2019-06-01,3.0,Ethiopia,Somali,Korahe,3.0,3.0,Somali,Korahe,511890,511890,0.0,0.0,511890.0,0.0,0.0,511890.0,0.0,0.0,511890.0,0.0,0.0,511890.0,0.0,0.0,511890.0,0.0,0.0,511890.0
3346,2019-06-01,1.0,Ethiopia,Oromia,Finfine Special,1.0,1.0,Oromia,Finfine Special,1040106,1040106,1040106.0,0.0,0.0,0.0,0.0,1040106.0,1040106.0,0.0,0.0,0.0,0.0,1040106.0,1040106.0,0.0,0.0,0.0,0.0,1040106.0
3347,2019-06-01,1.0,Ethiopia,Addis Ababa,Region 14,1.0,1.0,Addis Ababa,Region 14,3585647,3585647,3585647.0,0.0,0.0,0.0,0.0,3585647.0,3585647.0,0.0,0.0,0.0,0.0,3585647.0,3585647.0,0.0,0.0,0.0,0.0,3585647.0
3348,2019-06-01,1.0,Ethiopia,Amhara,West Gojam,1.0,1.0,Amhara,West Gojam,2894095,2894095,2894095.0,0.0,0.0,0.0,0.0,2894095.0,2894095.0,0.0,0.0,0.0,0.0,2894095.0,2894095.0,0.0,0.0,0.0,0.0,2894095.0
3349,2019-06-01,2.0,Ethiopia,SNNP,Basketo,2.0,2.0,SNNP,Basketo,75512,75512,0.0,75512.0,0.0,0.0,0.0,75512.0,0.0,75512.0,0.0,0.0,0.0,75512.0,0.0,75512.0,0.0,0.0,0.0,75512.0
3350,2019-06-01,1.0,Ethiopia,SNNP,Bench Maji,1.0,1.0,SNNP,Bench Maji,603595,603595,603595.0,0.0,0.0,0.0,0.0,603595.0,603595.0,0.0,0.0,0.0,0.0,603595.0,603595.0,0.0,0.0,0.0,0.0,603595.0
3351,2019-06-01,4.0,Ethiopia,Gambela,Etang Special woreda,4.0,4.0,Gambela,Etang Special woreda,50260,50260,0.0,0.0,0.0,50260.0,0.0,50260.0,0.0,0.0,0.0,50260.0,0.0,50260.0,0.0,0.0,0.0,50260.0,0.0,50260.0
3352,2019-06-01,2.0,Ethiopia,Oromia,Ilu Aba Bora,2.0,1.0,Oromia,Ilu Aba Bora,953178,953178,0.0,953178.0,0.0,0.0,0.0,953178.0,0.0,953178.0,0.0,0.0,0.0,953178.0,953178.0,0.0,0.0,0.0,0.0,953178.0
3353,2019-06-01,2.0,Ethiopia,SNNP,Kefa,2.0,2.0,SNNP,Kefa,1053546,1053546,0.0,1053546.0,0.0,0.0,0.0,1053546.0,0.0,1053546.0,0.0,0.0,0.0,1053546.0,0.0,1053546.0,0.0,0.0,0.0,1053546.0
3354,2019-06-01,2.0,Ethiopia,SNNP,Konta Special,2.0,2.0,SNNP,Konta Special,119904,119904,0.0,119904.0,0.0,0.0,0.0,119904.0,0.0,119904.0,0.0,0.0,0.0,119904.0,0.0,119904.0,0.0,0.0,0.0,119904.0
3355,2019-06-01,1.0,Ethiopia,Gambela,Mejenger,1.0,1.0,Gambela,Mejenger,81617,81617,81617.0,0.0,0.0,0.0,0.0,81617.0,81617.0,0.0,0.0,0.0,0.0,81617.0,81617.0,0.0,0.0,0.0,0.0,81617.0
3356,2019-06-01,3.0,Ethiopia,Benishangul Gumz,Asosa,3.0,3.0,Benishangul Gumz,Asosa,402287,402287,0.0,0.0,402287.0,0.0,0.0,402287.0,0.0,0.0,402287.0,0.0,0.0,402287.0,0.0,0.0,402287.0,0.0,0.0,402287.0
3357,2019-06-01,2.0,Ethiopia,Dire Dawa,Dire Dawa urban,2.0,2.0,Dire Dawa,Dire Dawa urban,319985,319985,0.0,319985.0,0.0,0.0,0.0,319985.0,0.0,319985.0,0.0,0.0,0.0,319985.0,0.0,319985.0,0.0,0.0,0.0,319985.0
3358,2019-06-01,1.0,Ethiopia,Oromia,Horo Gudru Wellega,1.0,1.0,Oromia,Horo Gudru Wellega,791731,791731,791731.0,0.0,0.0,0.0,0.0,791731.0,791731.0,0.0,0.0,0.0,0.0,791731.0,791731.0,0.0,0.0,0.0,0.0,791731.0
3359,2019-06-01,4.0,Ethiopia,Oromia,Kelem Wellega,4.0,4.0,Oromia,Kelem Wellega,1141498,1141498,0.0,0.0,0.0,1141498.0,0.0,1141498.0,0.0,0.0,0.0,1141498.0,0.0,1141498.0,0.0,0.0,0.0,1141498.0,0.0,1141498.0
3360,2019-06-01,4.0,Ethiopia,Benishangul Gumz,Mao Komo Special,4.0,4.0,Benishangul Gumz,Mao Komo Special,70414,70414,0.0,0.0,0.0,70414.0,0.0,70414.0,0.0,0.0,0.0,70414.0,0.0,70414.0,0.0,0.0,0.0,70414.0,0.0,70414.0
3361,2019-06-01,3.0,Ethiopia,Benishangul Gumz,Metekel,3.0,2.0,Benishangul Gumz,Metekel,479162,479162,0.0,0.0,479162.0,0.0,0.0,479162.0,0.0,0.0,479162.0,0.0,0.0,479162.0,0.0,479162.0,0.0,0.0,0.0,479162.0
3362,2019-06-01,2.0,Ethiopia,Oromia,North Shewa,2.0,1.0,Oromia,North Shewa,1626893,1626893,0.0,1626893.0,0.0,0.0,0.0,1626893.0,0.0,1626893.0,0.0,0.0,0.0,1626893.0,1626893.0,0.0,0.0,0.0,0.0,1626893.0
3363,2019-06-01,1.0,Ethiopia,SNNP,Sheka,1.0,1.0,SNNP,Sheka,274212,274212,274212.0,0.0,0.0,0.0,0.0,274212.0,274212.0,0.0,0.0,0.0,0.0,274212.0,274212.0,0.0,0.0,0.0,0.0,274212.0
3364,2019-06-01,2.0,Ethiopia,Oromia,West Shewa,2.0,1.0,Oromia,West Shewa,2773901,2773901,0.0,2773901.0,0.0,0.0,0.0,2773901.0,0.0,2773901.0,0.0,0.0,0.0,2773901.0,2773901.0,0.0,0.0,0.0,0.0,2773901.0
3365,2019-06-01,1.0,Ethiopia,Amhara,Awi,1.0,1.0,Amhara,Awi,1338704,1338704,1338704.0,0.0,0.0,0.0,0.0,1338704.0,1338704.0,0.0,0.0,0.0,0.0,1338704.0,1338704.0,0.0,0.0,0.0,0.0,1338704.0
3366,2019-06-01,2.0,Ethiopia,Amhara,West Gondar,2.0,1.0,Amhara,West Gondar,381393,381393,0.0,381393.0,0.0,0.0,0.0,381393.0,0.0,381393.0,0.0,0.0,0.0,381393.0,381393.0,0.0,0.0,0.0,0.0,381393.0
3367,2019-10-01,3.0,Ethiopia,Somali,Afder,3.0,3.0,Somali,Afder,654828,654828,0.0,0.0,654828.0,0.0,0.0,654828.0,0.0,0.0,654828.0,0.0,0.0,654828.0,0.0,0.0,654828.0,0.0,0.0,654828.0
3368,2019-10-01,2.0,Ethiopia,SNNP,Alle,2.0,3.0,SNNP,Alle,81190,81190,0.0,81190.0,0.0,0.0,0.0,81190.0,0.0,81190.0,0.0,0.0,0.0,81190.0,0.0,0.0,81190.0,0.0,0.0,81190.0
3369,2019-10-01,3.0,Ethiopia,SNNP,Amaro,3.0,3.0,SNNP,Amaro,195252,195252,0.0,0.0,195252.0,0.0,0.0,195252.0,0.0,0.0,195252.0,0.0,0.0,195252.0,0.0,0.0,195252.0,0.0,0.0,195252.0
3370,2019-10-01,3.0,Ethiopia,Oromia,Arsi,3.0,3.0,Oromia,Arsi,3645492,3645492,0.0,0.0,3645492.0,0.0,0.0,3645492.0,0.0,0.0,3645492.0,0.0,0.0,3645492.0,0.0,0.0,3645492.0,0.0,0.0,3645492.0
3371,2019-10-01,3.0,Ethiopia,Oromia,Bale,3.0,3.0,Oromia,Bale,1887498,1887498,0.0,0.0,1887498.0,0.0,0.0,1887498.0,0.0,0.0,1887498.0,0.0,0.0,1887498.0,0.0,0.0,1887498.0,0.0,0.0,1887498.0
3372,2019-10-01,3.0,Ethiopia,Oromia,Borena,3.0,3.0,Oromia,Borena,545493,545493,0.0,0.0,545493.0,0.0,0.0,545493.0,0.0,0.0,545493.0,0.0,0.0,545493.0,0.0,0.0,545493.0,0.0,0.0,545493.0
3373,2019-10-01,3.0,Ethiopia,Oromia,Buno Bedele,2.0,2.0,Oromia,Buno Bedele,809088,809088,0.0,0.0,809088.0,0.0,0.0,809088.0,0.0,809088.0,0.0,0.0,0.0,809088.0,0.0,809088.0,0.0,0.0,0.0,809088.0
3374,2019-10-01,3.0,Ethiopia,SNNP,Burji,3.0,3.0,SNNP,Burji,71728,71728,0.0,0.0,71728.0,0.0,0.0,71728.0,0.0,0.0,71728.0,0.0,0.0,71728.0,0.0,0.0,71728.0,0.0,0.0,71728.0
3375,2019-10-01,3.0,Ethiopia,Tigray,Central,2.0,3.0,Tigray,Central,1384454,1384454,0.0,0.0,1384454.0,0.0,0.0,1384454.0,0.0,1384454.0,0.0,0.0,0.0,1384454.0,0.0,0.0,1384454.0,0.0,0.0,1384454.0
3376,2019-10-01,3.0,Ethiopia,Amhara,Central Gondar,2.0,3.0,Amhara,Central Gondar,2719899,2719899,0.0,0.0,2719899.0,0.0,0.0,2719899.0,0.0,2719899.0,0.0,0.0,0.0,2719899.0,0.0,0.0,2719899.0,0.0,0.0,2719899.0
3377,2019-10-01,3.0,Ethiopia,Somali,Daawa,3.0,3.0,Somali,Daawa,457130,457130,0.0,0.0,457130.0,0.0,0.0,457130.0,0.0,0.0,457130.0,0.0,0.0,457130.0,0.0,0.0,457130.0,0.0,0.0,457130.0
3378,2019-10-01,2.0,Ethiopia,SNNP,Dawuro,2.0,3.0,SNNP,Dawuro,643931,643931,0.0,643931.0,0.0,0.0,0.0,643931.0,0.0,643931.0,0.0,0.0,0.0,643931.0,0.0,0.0,643931.0,0.0,0.0,643931.0
3379,2019-10-01,2.0,Ethiopia,SNNP,Derashe,2.0,3.0,SNNP,Derashe,107301,107301,0.0,107301.0,0.0,0.0,0.0,107301.0,0.0,107301.0,0.0,0.0,0.0,107301.0,0.0,0.0,107301.0,0.0,0.0,107301.0
3380,2019-10-01,3.0,Ethiopia,Dire Dawa,Dire Dawa rural,2.0,2.0,Dire Dawa,Dire Dawa rural,188933,188933,0.0,0.0,188933.0,0.0,0.0,188933.0,0.0,188933.0,0.0,0.0,0.0,188933.0,0.0,188933.0,0.0,0.0,0.0,188933.0
3381,2019-10-01,2.0,Ethiopia,Amhara,East Gojam,2.0,3.0,Amhara,East Gojam,2672621,2672621,0.0,2672621.0,0.0,0.0,0.0,2672621.0,0.0,2672621.0,0.0,0.0,0.0,2672621.0,0.0,0.0,2672621.0,0.0,0.0,2672621.0
3382,2019-10-01,3.0,Ethiopia,Oromia,East Hararge,3.0,3.0,Oromia,East Hararge,3739861,3739861,0.0,0.0,3739861.0,0.0,0.0,3739861.0,0.0,0.0,3739861.0,0.0,0.0,3739861.0,0.0,0.0,3739861.0,0.0,0.0,3739861.0
3383,2019-10-01,3.0,Ethiopia,Oromia,East Shewa,3.0,3.0,Oromia,East Shewa,2234419,2234419,0.0,0.0,2234419.0,0.0,0.0,2234419.0,0.0,0.0,2234419.0,0.0,0.0,2234419.0,0.0,0.0,2234419.0,0.0,0.0,2234419.0
3384,2019-10-01,3.0,Ethiopia,Oromia,East Wellega,2.0,2.0,Oromia,East Wellega,1693681,1693681,0.0,0.0,1693681.0,0.0,0.0,1693681.0,0.0,1693681.0,0.0,0.0,0.0,1693681.0,0.0,1693681.0,0.0,0.0,0.0,1693681.0
3385,2019-10-01,3.0,Ethiopia,Tigray,Eastern,3.0,3.0,Tigray,Eastern,940053,940053,0.0,0.0,940053.0,0.0,0.0,940053.0,0.0,0.0,940053.0,0.0,0.0,940053.0,0.0,0.0,940053.0,0.0,0.0,940053.0
3386,2019-10-01,3.0,Ethiopia,Somali,Erer,3.0,3.0,Somali,Erer,268901,268901,0.0,0.0,268901.0,0.0,0.0,268901.0,0.0,0.0,268901.0,0.0,0.0,268901.0,0.0,0.0,268901.0,0.0,0.0,268901.0
3387,2019-10-01,3.0,Ethiopia,Somali,Fafan,3.0,3.0,Somali,Fafan,1242707,1242707,0.0,0.0,1242707.0,0.0,0.0,1242707.0,0.0,0.0,1242707.0,0.0,0.0,1242707.0,0.0,0.0,1242707.0,0.0,0.0,1242707.0
3388,2019-10-01,3.0,Ethiopia,SNNP,Gamo,3.0,3.0,SNNP,Gamo,1462777,1462777,0.0,0.0,1462777.0,0.0,0.0,1462777.0,0.0,0.0,1462777.0,0.0,0.0,1462777.0,0.0,0.0,1462777.0,0.0,0.0,1462777.0
3389,2019-10-01,3.0,Ethiopia,SNNP,Gedeo,3.0,3.0,SNNP,Gedeo,1131834,1131834,0.0,0.0,1131834.0,0.0,0.0,1131834.0,0.0,0.0,1131834.0,0.0,0.0,1131834.0,0.0,0.0,1131834.0,0.0,0.0,1131834.0
3390,2019-10-01,2.0,Ethiopia,SNNP,Gofa,2.0,2.0,SNNP,Gofa,623589,623589,0.0,623589.0,0.0,0.0,0.0,623589.0,0.0,623589.0,0.0,0.0,0.0,623589.0,0.0,623589.0,0.0,0.0,0.0,623589.0
3391,2019-10-01,3.0,Ethiopia,Oromia,Guji,3.0,3.0,Oromia,Guji,1482472,1482472,0.0,0.0,1482472.0,0.0,0.0,1482472.0,0.0,0.0,1482472.0,0.0,0.0,1482472.0,0.0,0.0,1482472.0,0.0,0.0,1482472.0
3392,2019-10-01,3.0,Ethiopia,SNNP,Guraghe,2.0,3.0,SNNP,Guraghe,1882107,1882107,0.0,0.0,1882107.0,0.0,0.0,1882107.0,0.0,1882107.0,0.0,0.0,0.0,1882107.0,0.0,0.0,1882107.0,0.0,0.0,1882107.0
3393,2019-10-01,3.0,Ethiopia,SNNP,Hadiya,2.0,3.0,SNNP,Hadiya,1700138,1700138,0.0,0.0,1700138.0,0.0,0.0,1700138.0,0.0,1700138.0,0.0,0.0,0.0,1700138.0,0.0,0.0,1700138.0,0.0,0.0,1700138.0
3394,2019-10-01,3.0,Ethiopia,SNNP,Halaba Special,2.0,3.0,SNNP,Halaba Special,658130,658130,0.0,0.0,658130.0,0.0,0.0,658130.0,0.0,658130.0,0.0,0.0,0.0,658130.0,0.0,0.0,658130.0,0.0,0.0,658130.0
3395,2019-10-01,3.0,Ethiopia,Harari,Harari,3.0,3.0,Harari,Harari,260022,260022,0.0,0.0,260022.0,0.0,0.0,260022.0,0.0,0.0,260022.0,0.0,0.0,260022.0,0.0,0.0,260022.0,0.0,0.0,260022.0
3396,2019-10-01,3.0,Ethiopia,Somali,Jarar,3.0,3.0,Somali,Jarar,641077,641077,0.0,0.0,641077.0,0.0,0.0,641077.0,0.0,0.0,641077.0,0.0,0.0,641077.0,0.0,0.0,641077.0,0.0,0.0,641077.0
3397,2019-10-01,2.0,Ethiopia,Oromia,Jimma,2.0,3.0,Oromia,Jimma,3672640,3672640,0.0,3672640.0,0.0,0.0,0.0,3672640.0,0.0,3672640.0,0.0,0.0,0.0,3672640.0,0.0,0.0,3672640.0,0.0,0.0,3672640.0
3398,2019-10-01,3.0,Ethiopia,Benishangul Gumz,Kemashi,2.0,3.0,Benishangul Gumz,Kemashi,150986,150986,0.0,0.0,150986.0,0.0,0.0,150986.0,0.0,150986.0,0.0,0.0,0.0,150986.0,0.0,0.0,150986.0,0.0,0.0,150986.0
3399,2019-10-01,2.0,Ethiopia,SNNP,Kembata Tibaro,2.0,3.0,SNNP,Kembata Tibaro,911347,911347,0.0,911347.0,0.0,0.0,0.0,911347.0,0.0,911347.0,0.0,0.0,0.0,911347.0,0.0,0.0,911347.0,0.0,0.0,911347.0
3400,2019-10-01,2.0,Ethiopia,SNNP,Konso,2.0,3.0,SNNP,Konso,284360,284360,0.0,284360.0,0.0,0.0,0.0,284360.0,0.0,284360.0,0.0,0.0,0.0,284360.0,0.0,0.0,284360.0,0.0,0.0,284360.0
3401,2019-10-01,3.0,Ethiopia,Somali,Liban,3.0,3.0,Somali,Liban,505190,505190,0.0,0.0,505190.0,0.0,0.0,505190.0,0.0,0.0,505190.0,0.0,0.0,505190.0,0.0,0.0,505190.0,0.0,0.0,505190.0
3402,2019-10-01,2.0,Ethiopia,Tigray,Mekele Special,1.0,2.0,Tigray,Mekele Special,418327,418327,0.0,418327.0,0.0,0.0,0.0,418327.0,418327.0,0.0,0.0,0.0,0.0,418327.0,0.0,418327.0,0.0,0.0,0.0,418327.0
3403,2019-10-01,3.0,Ethiopia,SNNP,Mirab Omo,3.0,4.0,SNNP,Mirab Omo,262515,262515,0.0,0.0,262515.0,0.0,0.0,262515.0,0.0,0.0,262515.0,0.0,0.0,262515.0,0.0,0.0,0.0,262515.0,0.0,262515.0
3404,2019-10-01,3.0,Ethiopia,Somali,Nogob,3.0,3.0,Somali,Nogob,217220,217220,0.0,0.0,217220.0,0.0,0.0,217220.0,0.0,0.0,217220.0,0.0,0.0,217220.0,0.0,0.0,217220.0,0.0,0.0,217220.0
3405,2019-10-01,3.0,Ethiopia,Amhara,North Gondar,2.0,3.0,Amhara,North Gondar,889977,889977,0.0,0.0,889977.0,0.0,0.0,889977.0,0.0,889977.0,0.0,0.0,0.0,889977.0,0.0,0.0,889977.0,0.0,0.0,889977.0
3406,2019-10-01,3.0,Ethiopia,Amhara,North Shewa,2.0,2.0,Amhara,North Shewa,2293091,2293091,0.0,0.0,2293091.0,0.0,0.0,2293091.0,0.0,2293091.0,0.0,0.0,0.0,2293091.0,0.0,2293091.0,0.0,0.0,0.0,2293091.0
3407,2019-10-01,3.0,Ethiopia,Amhara,North Wello,2.0,3.0,Amhara,North Wello,1740337,1740337,0.0,0.0,1740337.0,0.0,0.0,1740337.0,0.0,1740337.0,0.0,0.0,0.0,1740337.0,0.0,0.0,1740337.0,0.0,0.0,1740337.0
3408,2019-10-01,3.0,Ethiopia,Tigray,North Western,2.0,3.0,Tigray,North Western,893262,893262,0.0,0.0,893262.0,0.0,0.0,893262.0,0.0,893262.0,0.0,0.0,0.0,893262.0,0.0,0.0,893262.0,0.0,0.0,893262.0
3409,2019-10-01,4.0,Ethiopia,Gambela,Nuwer,4.0,4.0,Gambela,Nuwer,166901,166901,0.0,0.0,0.0,166901.0,0.0,166901.0,0.0,0.0,0.0,166901.0,0.0,166901.0,0.0,0.0,0.0,166901.0,0.0,166901.0
3410,2019-10-01,2.0,Ethiopia,Amhara,Oromia,2.0,2.0,Amhara,Oromia,569808,569808,0.0,569808.0,0.0,0.0,0.0,569808.0,0.0,569808.0,0.0,0.0,0.0,569808.0,0.0,569808.0,0.0,0.0,0.0,569808.0
3411,2019-10-01,3.0,Ethiopia,Somali,Shabelle,3.0,3.0,Somali,Shabelle,647430,647430,0.0,0.0,647430.0,0.0,0.0,647430.0,0.0,0.0,647430.0,0.0,0.0,647430.0,0.0,0.0,647430.0,0.0,0.0,647430.0
3412,2019-10-01,3.0,Ethiopia,SNNP,Sidama,2.0,3.0,SNNP,Sidama,4212331,4212331,0.0,0.0,4212331.0,0.0,0.0,4212331.0,0.0,4212331.0,0.0,0.0,0.0,4212331.0,0.0,0.0,4212331.0,0.0,0.0,4212331.0
3413,2019-10-01,3.0,Ethiopia,SNNP,Siltie,2.0,3.0,SNNP,Siltie,1051444,1051444,0.0,0.0,1051444.0,0.0,0.0,1051444.0,0.0,1051444.0,0.0,0.0,0.0,1051444.0,0.0,0.0,1051444.0,0.0,0.0,1051444.0
3414,2019-10-01,3.0,Ethiopia,Somali,Siti,3.0,3.0,Somali,Siti,644214,644214,0.0,0.0,644214.0,0.0,0.0,644214.0,0.0,0.0,644214.0,0.0,0.0,644214.0,0.0,0.0,644214.0,0.0,0.0,644214.0
3415,2019-10-01,3.0,Ethiopia,Tigray,South Eastern,3.0,3.0,Tigray,South Eastern,528199,528199,0.0,0.0,528199.0,0.0,0.0,528199.0,0.0,0.0,528199.0,0.0,0.0,528199.0,0.0,0.0,528199.0,0.0,0.0,528199.0
3416,2019-10-01,3.0,Ethiopia,Amhara,South Gondar,2.0,3.0,Amhara,South Gondar,2526963,2526963,0.0,0.0,2526963.0,0.0,0.0,2526963.0,0.0,2526963.0,0.0,0.0,0.0,2526963.0,0.0,0.0,2526963.0,0.0,0.0,2526963.0
3417,2019-10-01,3.0,Ethiopia,SNNP,South Omo,3.0,3.0,SNNP,South Omo,754134,754134,0.0,0.0,754134.0,0.0,0.0,754134.0,0.0,0.0,754134.0,0.0,0.0,754134.0,0.0,0.0,754134.0,0.0,0.0,754134.0
3418,2019-10-01,2.0,Ethiopia,Amhara,South Wello,2.0,3.0,Amhara,South Wello,3246827,3246827,0.0,3246827.0,0.0,0.0,0.0,3246827.0,0.0,3246827.0,0.0,0.0,0.0,3246827.0,0.0,0.0,3246827.0,0.0,0.0,3246827.0
3419,2019-10-01,3.0,Ethiopia,Oromia,South West Shewa,2.0,2.0,Oromia,South West Shewa,1264234,1264234,0.0,0.0,1264234.0,0.0,0.0,1264234.0,0.0,1264234.0,0.0,0.0,0.0,1264234.0,0.0,1264234.0,0.0,0.0,0.0,1264234.0
3420,2019-10-01,3.0,Ethiopia,Tigray,Southern,3.0,3.0,Tigray,Southern,752344,752344,0.0,0.0,752344.0,0.0,0.0,752344.0,0.0,0.0,752344.0,0.0,0.0,752344.0,0.0,0.0,752344.0,0.0,0.0,752344.0
3421,2019-10-01,3.0,Ethiopia,Amhara,Wag Hamra,2.0,3.0,Amhara,Wag Hamra,516457,516457,0.0,0.0,516457.0,0.0,0.0,516457.0,0.0,516457.0,0.0,0.0,0.0,516457.0,0.0,0.0,516457.0,0.0,0.0,516457.0
3422,2019-10-01,3.0,Ethiopia,Oromia,West Arsi,3.0,3.0,Oromia,West Arsi,2868933,2868933,0.0,0.0,2868933.0,0.0,0.0,2868933.0,0.0,0.0,2868933.0,0.0,0.0,2868933.0,0.0,0.0,2868933.0,0.0,0.0,2868933.0
3423,2019-10-01,3.0,Ethiopia,Oromia,West Guji,3.0,3.0,Oromia,West Guji,1223292,1223292,0.0,0.0,1223292.0,0.0,0.0,1223292.0,0.0,0.0,1223292.0,0.0,0.0,1223292.0,0.0,0.0,1223292.0,0.0,0.0,1223292.0
3424,2019-10-01,3.0,Ethiopia,Oromia,West Hararge,3.0,3.0,Oromia,West Hararge,2568661,2568661,0.0,0.0,2568661.0,0.0,0.0,2568661.0,0.0,0.0,2568661.0,0.0,0.0,2568661.0,0.0,0.0,2568661.0,0.0,0.0,2568661.0
3425,2019-10-01,3.0,Ethiopia,Oromia,West Wellega,2.0,2.0,Oromia,West Wellega,1880222,1880222,0.0,0.0,1880222.0,0.0,0.0,1880222.0,0.0,1880222.0,0.0,0.0,0.0,1880222.0,0.0,1880222.0,0.0,0.0,0.0,1880222.0
3426,2019-10-01,3.0,Ethiopia,Tigray,Western,2.0,3.0,Tigray,Western,440553,440553,0.0,0.0,440553.0,0.0,0.0,440553.0,0.0,440553.0,0.0,0.0,0.0,440553.0,0.0,0.0,440553.0,0.0,0.0,440553.0
3427,2019-10-01,3.0,Ethiopia,SNNP,Wolayita,2.0,3.0,SNNP,Wolayita,1999292,1999292,0.0,0.0,1999292.0,0.0,0.0,1999292.0,0.0,1999292.0,0.0,0.0,0.0,1999292.0,0.0,0.0,1999292.0,0.0,0.0,1999292.0
3428,2019-10-01,1.0,Ethiopia,SNNP,Yem Special,1.0,2.0,SNNP,Yem Special,102526,102526,102526.0,0.0,0.0,0.0,0.0,102526.0,102526.0,0.0,0.0,0.0,0.0,102526.0,0.0,102526.0,0.0,0.0,0.0,102526.0
3429,2019-10-01,3.0,Ethiopia,Afar,Zone 1 (Awsi Rasu),3.0,3.0,Afar,Zone 1 (Awsi Rasu),643036,643036,0.0,0.0,643036.0,0.0,0.0,643036.0,0.0,0.0,643036.0,0.0,0.0,643036.0,0.0,0.0,643036.0,0.0,0.0,643036.0
3430,2019-10-01,3.0,Ethiopia,Afar,Zone 2 (Kilbet Rasu),3.0,3.0,Afar,Zone 2 (Kilbet Rasu),493764,493764,0.0,0.0,493764.0,0.0,0.0,493764.0,0.0,0.0,493764.0,0.0,0.0,493764.0,0.0,0.0,493764.0,0.0,0.0,493764.0
3431,2019-10-01,3.0,Ethiopia,Afar,Zone 3 (Gabi Rasu),3.0,3.0,Afar,Zone 3 (Gabi Rasu),281357,281357,0.0,0.0,281357.0,0.0,0.0,281357.0,0.0,0.0,281357.0,0.0,0.0,281357.0,0.0,0.0,281357.0,0.0,0.0,281357.0
3432,2019-10-01,3.0,Ethiopia,Afar,Zone 4 (Fantana Rasu),3.0,3.0,Afar,Zone 4 (Fantana Rasu),276855,276855,0.0,0.0,276855.0,0.0,0.0,276855.0,0.0,0.0,276855.0,0.0,0.0,276855.0,0.0,0.0,276855.0,0.0,0.0,276855.0
3433,2019-10-01,2.0,Ethiopia,Afar,Zone 5 (Hari Rasu),2.0,2.0,Afar,Zone 5 (Hari Rasu),209402,209402,0.0,209402.0,0.0,0.0,0.0,209402.0,0.0,209402.0,0.0,0.0,0.0,209402.0,0.0,209402.0,0.0,0.0,0.0,209402.0
3434,2019-10-01,3.0,Ethiopia,Gambela,Agnewak,3.0,4.0,Gambela,Agnewak,164054,164054,0.0,0.0,164054.0,0.0,0.0,164054.0,0.0,0.0,164054.0,0.0,0.0,164054.0,0.0,0.0,0.0,164054.0,0.0,164054.0
3435,2019-10-01,3.0,Ethiopia,Somali,Doolo,3.0,2.0,Somali,Doolo,425824,425824,0.0,0.0,425824.0,0.0,0.0,425824.0,0.0,0.0,425824.0,0.0,0.0,425824.0,0.0,425824.0,0.0,0.0,0.0,425824.0
3436,2019-10-01,3.0,Ethiopia,Somali,Korahe,3.0,2.0,Somali,Korahe,511890,511890,0.0,0.0,511890.0,0.0,0.0,511890.0,0.0,0.0,511890.0,0.0,0.0,511890.0,0.0,511890.0,0.0,0.0,0.0,511890.0
3437,2019-10-01,1.0,Ethiopia,Oromia,Finfine Special,1.0,1.0,Oromia,Finfine Special,1040106,1040106,1040106.0,0.0,0.0,0.0,0.0,1040106.0,1040106.0,0.0,0.0,0.0,0.0,1040106.0,1040106.0,0.0,0.0,0.0,0.0,1040106.0
3438,2019-10-01,1.0,Ethiopia,Addis Ababa,Region 14,1.0,1.0,Addis Ababa,Region 14,3585647,3585647,3585647.0,0.0,0.0,0.0,0.0,3585647.0,3585647.0,0.0,0.0,0.0,0.0,3585647.0,3585647.0,0.0,0.0,0.0,0.0,3585647.0
3439,2019-10-01,1.0,Ethiopia,Amhara,West Gojam,1.0,1.0,Amhara,West Gojam,2894095,2894095,2894095.0,0.0,0.0,0.0,0.0,2894095.0,2894095.0,0.0,0.0,0.0,0.0,2894095.0,2894095.0,0.0,0.0,0.0,0.0,2894095.0
3440,2019-10-01,2.0,Ethiopia,SNNP,Basketo,1.0,2.0,SNNP,Basketo,75512,75512,0.0,75512.0,0.0,0.0,0.0,75512.0,75512.0,0.0,0.0,0.0,0.0,75512.0,0.0,75512.0,0.0,0.0,0.0,75512.0
3441,2019-10-01,1.0,Ethiopia,SNNP,Bench Maji,1.0,1.0,SNNP,Bench Maji,603595,603595,603595.0,0.0,0.0,0.0,0.0,603595.0,603595.0,0.0,0.0,0.0,0.0,603595.0,603595.0,0.0,0.0,0.0,0.0,603595.0
3442,2019-10-01,4.0,Ethiopia,Gambela,Etang Special woreda,4.0,4.0,Gambela,Etang Special woreda,50260,50260,0.0,0.0,0.0,50260.0,0.0,50260.0,0.0,0.0,0.0,50260.0,0.0,50260.0,0.0,0.0,0.0,50260.0,0.0,50260.0
3443,2019-10-01,2.0,Ethiopia,Oromia,Ilu Aba Bora,1.0,1.0,Oromia,Ilu Aba Bora,953178,953178,0.0,953178.0,0.0,0.0,0.0,953178.0,953178.0,0.0,0.0,0.0,0.0,953178.0,953178.0,0.0,0.0,0.0,0.0,953178.0
3444,2019-10-01,2.0,Ethiopia,SNNP,Kefa,1.0,1.0,SNNP,Kefa,1053546,1053546,0.0,1053546.0,0.0,0.0,0.0,1053546.0,1053546.0,0.0,0.0,0.0,0.0,1053546.0,1053546.0,0.0,0.0,0.0,0.0,1053546.0
3445,2019-10-01,2.0,Ethiopia,SNNP,Konta Special,1.0,2.0,SNNP,Konta Special,119904,119904,0.0,119904.0,0.0,0.0,0.0,119904.0,119904.0,0.0,0.0,0.0,0.0,119904.0,0.0,119904.0,0.0,0.0,0.0,119904.0
3446,2019-10-01,1.0,Ethiopia,Gambela,Mejenger,1.0,1.0,Gambela,Mejenger,81617,81617,81617.0,0.0,0.0,0.0,0.0,81617.0,81617.0,0.0,0.0,0.0,0.0,81617.0,81617.0,0.0,0.0,0.0,0.0,81617.0
3447,2019-10-01,3.0,Ethiopia,Benishangul Gumz,Asosa,2.0,3.0,Benishangul Gumz,Asosa,402287,402287,0.0,0.0,402287.0,0.0,0.0,402287.0,0.0,402287.0,0.0,0.0,0.0,402287.0,0.0,0.0,402287.0,0.0,0.0,402287.0
3448,2019-10-01,2.0,Ethiopia,Dire Dawa,Dire Dawa urban,2.0,2.0,Dire Dawa,Dire Dawa urban,319985,319985,0.0,319985.0,0.0,0.0,0.0,319985.0,0.0,319985.0,0.0,0.0,0.0,319985.0,0.0,319985.0,0.0,0.0,0.0,319985.0
3449,2019-10-01,1.0,Ethiopia,Oromia,Horo Gudru Wellega,1.0,1.0,Oromia,Horo Gudru Wellega,791731,791731,791731.0,0.0,0.0,0.0,0.0,791731.0,791731.0,0.0,0.0,0.0,0.0,791731.0,791731.0,0.0,0.0,0.0,0.0,791731.0
3450,2019-10-01,4.0,Ethiopia,Oromia,Kelem Wellega,4.0,4.0,Oromia,Kelem Wellega,1141498,1141498,0.0,0.0,0.0,1141498.0,0.0,1141498.0,0.0,0.0,0.0,1141498.0,0.0,1141498.0,0.0,0.0,0.0,1141498.0,0.0,1141498.0
3451,2019-10-01,4.0,Ethiopia,Benishangul Gumz,Mao Komo Special,4.0,4.0,Benishangul Gumz,Mao Komo Special,70414,70414,0.0,0.0,0.0,70414.0,0.0,70414.0,0.0,0.0,0.0,70414.0,0.0,70414.0,0.0,0.0,0.0,70414.0,0.0,70414.0
3452,2019-10-01,3.0,Ethiopia,Benishangul Gumz,Metekel,2.0,2.0,Benishangul Gumz,Metekel,479162,479162,0.0,0.0,479162.0,0.0,0.0,479162.0,0.0,479162.0,0.0,0.0,0.0,479162.0,0.0,479162.0,0.0,0.0,0.0,479162.0
3453,2019-10-01,2.0,Ethiopia,Oromia,North Shewa,2.0,3.0,Oromia,North Shewa,1626893,1626893,0.0,1626893.0,0.0,0.0,0.0,1626893.0,0.0,1626893.0,0.0,0.0,0.0,1626893.0,0.0,0.0,1626893.0,0.0,0.0,1626893.0
3454,2019-10-01,1.0,Ethiopia,SNNP,Sheka,1.0,1.0,SNNP,Sheka,274212,274212,274212.0,0.0,0.0,0.0,0.0,274212.0,274212.0,0.0,0.0,0.0,0.0,274212.0,274212.0,0.0,0.0,0.0,0.0,274212.0
3455,2019-10-01,2.0,Ethiopia,Oromia,West Shewa,1.0,1.0,Oromia,West Shewa,2773901,2773901,0.0,2773901.0,0.0,0.0,0.0,2773901.0,2773901.0,0.0,0.0,0.0,0.0,2773901.0,2773901.0,0.0,0.0,0.0,0.0,2773901.0
3456,2019-10-01,1.0,Ethiopia,Amhara,Awi,1.0,1.0,Amhara,Awi,1338704,1338704,1338704.0,0.0,0.0,0.0,0.0,1338704.0,1338704.0,0.0,0.0,0.0,0.0,1338704.0,1338704.0,0.0,0.0,0.0,0.0,1338704.0
3457,2019-10-01,2.0,Ethiopia,Amhara,West Gondar,1.0,2.0,Amhara,West Gondar,381393,381393,0.0,381393.0,0.0,0.0,0.0,381393.0,381393.0,0.0,0.0,0.0,0.0,381393.0,0.0,381393.0,0.0,0.0,0.0,381393.0
